10
454 585
30 169
70 391
63 166
17 233
414 424
383 390
114 181
119 162
140 316
31 401
165 326
25 361
36 395
110 185
105 227
30 203
96 229
181 332
129 399
147 201
435 449
2 20
93 262
119 222
17 292
26 405
33 141
153 321
338 387
244 248
131 346
10 413
44 171
384 419
186 441
27 215
35 378
136 382
67 151
326 361
267 388
127 259
225 333
226 405
200 338
131 356
265 446
66 111
330 363
27 342
121 210
40 121
129 361
40 327
116 140
306 341
5 29
106 152
339 367
44 143
319 425
163 172
88 103
54 128
119 229
120 123
80 417
59 82
418 432
177 330
73 250
138 280
80 290
3 246
233 385
24 442
158 247
96 306
220 405
121 377
54 246
161 413
2 41
297 298
274 402
187 407
66 145
125 292
195 440
82 136
328 437
137 414
96 130
16 348
246 444
161 292
113 296
4 159
32 150
201 377
113 276
52 222
249 299
71 310
252 453
135 349
67 327
63 65
51 427
179 279
227 303
257 336
80 190
51 94
335 403
67 144
269 293
429 453
103 171
95 129
167 179
11 126
173 423
144 331
159 210
34 106
219 286
223 269
16 185
125 168
38 167
257 381
84 149
19 287
355 398
45 217
136 367
63 157
155 424
88 329
49 222
31 283
37 176
198 376
25 141
108 330
173 326
72 343
47 389
273 311
107 177
73 201
14 73
200 407
215 350
79 222
263 374
75 323
176 319
174 446
26 255
95 157
293 397
148 365
89 412
95 338
180 380
250 321
197 340
226 285
114 395
112 122
141 151
256 356
0 193
138 210
28 448
169 403
15 121
189 407
114 306
113 365
142 305
206 431
277 360
0 216
28 312
237 272
76 367
84 395
44 195
364 408
109 189
350 359
110 219
65 185
41 356
169 438
259 452
126 295
110 183
38 306
335 350
108 226
194 356
307 349
169 210
113 265
333 359
204 384
41 217
101 372
217 387
124 244
226 325
155 369
34 138
209 316
114 127
44 360
14 193
165 448
281 376
153 356
19 181
286 296
24 299
61 103
204 400
107 416
308 383
10 349
353 408
11 320
17 61
102 285
97 445
129 288
130 418
387 443
266 380
239 327
15 345
7 145
240 432
79 253
69 162
62 399
130 319
183 283
221 390
92 163
2 316
256 375
58 419
37 336
192 292
263 319
139 362
5 193
98 414
85 404
117 300
152 291
290 383
201 411
44 373
204 440
147 180
93 135
179 388
104 365
62 257
190 192
242 312
40 331
3 199
50 452
105 373
126 328
141 381
328 335
41 331
110 139
61 423
198 351
268 360
118 153
12 20
197 427
359 397
9 222
12 183
88 365
22 279
205 426
32 308
173 249
170 288
4 68
32 278
129 389
26 120
59 258
172 430
299 389
385 419
283 422
237 263
7 372
268 359
34 214
97 101
48 55
275 393
27 336
176 390
160 432
72 350
166 170
138 308
141 342
215 402
361 365
236 427
246 323
246 399
219 275
196 257
230 251
22 401
23 185
52 87
7 36
93 383
184 276
101 104
41 334
209 245
155 197
241 297
36 258
91 257
68 76
44 355
83 129
369 435
259 351
422 447
40 449
23 104
155 450
211 390
78 423
71 288
120 161
129 153
104 371
44 122
98 367
9 279
7 108
204 352
51 95
293 429
277 329
118 453
47 387
29 421
183 339
94 131
227 260
37 172
123 415
69 129
70 304
72 320
153 224
236 391
209 248
70 239
266 396
0 384
15 54
66 428
47 201
49 189
341 437
129 156
4 334
344 406
326 396
132 443
76 403
165 362
153 403
52 256
198 274
104 389
357 391
150 372
177 339
23 444
279 416
37 221
0 66
181 381
317 433
323 435
192 441
124 233
158 334
28 425
27 404
241 321
94 272
6 162
195 375
77 212
157 298
203 209
194 346
247 383
45 302
0 283
10 121
206 261
33 364
117 230
36 349
204 350
35 233
208 270
170 296
161 253
25 120
76 221
210 290
189 340
423 449
95 177
297 426
103 135
311 336
243 407
37 217
108 116
28 107
36 212
326 403
248 436
182 407
248 426
3 60
83 307
105 297
89 359
120 241
49 108
107 126
112 342
228 378
299 345
158 214
36 266
126 399
403 430
235 421
173 437
149 248
168 376
251 267
317 370
72 339
203 283
223 438
47 146
151 422
217 432
61 262
82 249
113 132
70 94
315 361
333 352
253 359
28 189
28 352
292 443
197 222
148 374
308 361
48 241
178 353
88 142
320 338
118 305
199 217
196 352
22 27
260 340
72 98
296 303
192 345
38 237
113 176
318 420
78 140
317 426
24 95
191 406
40 452
238 385
358 426
43 123
281 350
148 162
143 227
209 254
109 362
4 429
25 114
37 347
287 366
414 447
163 195
36 210
131 252
326 329
9 134
170 174
178 368
187 358
34 399
22 231
133 192
174 196
95 425
209 210
139 211
292 327
69 411
97 369
134 360
347 415
281 413
201 407
53 218
350 441
237 354
64 165
401 430
60 358
101 368
219 232
57 67
147 436
101 168
35 182
78 381
33 250
390 424
270 310
34 446
415 416
167 436
75 381
7 152
255 426
20 83
310 319
140 398
26 142
188 240
55 434
89 375
27 148
13 178
257 382
42 93
56 354
170 326
116 341
230 340
33 368
927 145
337 692
402 848
14 719
681 889
15 463
259 727
362 855
447 566
514 619
181 425
268 283
64 439
411 853
502 619
394 898
0 786
270 513
757 784
12 174
0 535
374 408
620 709
566 804
230 678
248 738
217 734
181 651
398 793
177 536
151 821
0 361
309 609
24 89
464 639
217 811
274 918
180 644
53 742
185 637
601 702
437 895
162 374
162 339
34 380
188 569
656 896
190 718
179 589
133 577
606 894
255 726
41 797
87 868
419 846
539 635
563 694
600 830
468 715
351 388
481 799
222 851
258 446
117 567
348 512
8 846
424 538
41 690
371 486
129 303
363 740
478 542
237 916
339 638
349 648
31 513
331 493
29 240
302 718
448 753
116 574
498 884
642 678
143 291
3 774
96 914
568 689
289 769
170 307
357 600
325 548
855 890
142 768
764 844
239 496
429 524
155 715
154 762
430 591
478 694
440 807
239 525
487 728
316 607
615 808
65 842
525 852
131 530
369 428
174 505
68 466
657 793
519 836
141 350
50 833
25 636
24 751
458 814
155 882
37 661
74 400
0 251
336 877
492 830
346 605
544 879
93 215
304 893
202 558
68 699
288 546
273 571
147 861
86 303
135 183
92 355
251 793
604 622
304 852
110 782
405 484
174 826
144 782
500 740
154 183
478 859
767 65
540 586
547 633
240 365
455 599
315 750
110 486
315 358
51 233
684 755
27 369
743 763
20 466
219 223
157 576
337 373
27 85
224 540
144 731
616 760
104 527
163 320
434 670
155 219
64 197
323 654
185 413
0 750
491 517
536 584
516 737
498 759
39 628
163 269
322 459
161 542
38 55
27 465
167 651
439 685
334 729
269 712
59 283
234 574
123 683
51 393
303 631
450 509
246 567
99 241
276 500
123 624
29 343
388 520
52 446
114 120
3 755
134 312
96 310
107 286
313 357
25 82
436 709
512 611
130 616
180 304
169 110
124 161
88 104
84 146
92 124
9 101
73 160
119 142
67 126
18 123
62 107
143 167
118 133
119 149
8 147
51 81
26 51
6 58
107 128
12 139
33 155
11 58
155 165
50 85
56 164
39 66
42 68
1 34
39 103
7 70
95 123
72 131
35 36
65 81
38 105
87 88
2 13
87 137
47 93
51 77
42 110
149 154
15 54
82 123
32 92
48 77
121 140
108 161
30 83
5 161
43 116
50 112
33 48
81 112
31 65
74 83
99 151
6 105
105 165
35 96
9 132
86 144
97 146
14 127
90 137
29 154
86 105
81 162
72 78
69 84
76 146
28 51
34 144
15 18
23 73
123 164
92 123
96 144
11 29
43 48
23 24
78 95
100 157
48 110
80 86
93 109
113 153
106 132
37 128
126 162
78 130
145 163
80 116
16 90
96 160
53 123
0 63
14 53
28 149
84 154
55 118
26 37
87 124
27 119
35 69
14 27
38 153
34 138
78 102
34 99
83 118
762 728
256 334
294 402
219 521
174 523
731 732
165 333
421 615
165 342
209 618
122 320
3 360
257 519
141 567
213 512
338 632
442 537
521 737
59 390
636 761
162 347
32 342
429 722
106 731
98 403
219 537
173 529
86 736
28 639
469 721
436 681
31 338
291 313
605 609
64 630
303 491
258 597
536 642
299 674
60 662
15 403
582 593
205 473
260 562
83 602
380 485
27 685
150 303
401 653
2 397
116 357
622 726
335 359
307 589
206 654
108 759
277 436
0 414
240 554
700 706
80 727
373 495
268 558
560 569
391 664
280 741
391 696
310 320
352 753
34 184
71 534
281 512
24 147
273 482
481 493
321 506
416 599
14 224
315 335
333 687
486 498
56 60
156 734
418 720
406 557
372 591
408 485
3 604
429 618
55 547
111 216
585 605
124 461
241 638
65 661
524 661
167 241
203 568
74 359
211 493
484 691
441 711
171 548
78 463
74 693
330 706
279 682
160 626
227 715
593 712
322 692
207 330
457 464
240 555
175 187
111 495
117 531
612 668
8 558
487 748
363 364
62 556
201 224
241 381
446 757
169 203
200 240
27 118
148 569
351 566
52 434
348 462
484 714
193 701
163 319
21 506
35 232
579 617
261 700
408 540
175 599
596 673
74 666
260 643
355 392
530 606
86 129
244 452
374 562
276 484
123 719
408 436
552 728
93 465
61 592
175 548
269 531
318 375
159 672
613 653
22 58
37 539
133 138
366 533
75 729
96 607
167 230
494 514
519 537
212 604
417 503
448 722
326 445
263 681
18 474
139 422
180 756
7 504
238 598
295 527
127 732
147 460
32 304
298 499
138 640
404 591
575 663
570 761
458 706
437 558
179 717
111 468
180 702
165 295
10 13
22 587
360 688
148 271
81 132
104 337
125 177
282 615
268 521
74 134
609 736
57 367
558 628
220 290
629 659
10 89
44 75
17 393
127 603
25 730
329 592
102 564
351 381
6 330
487 501
135 552
166 537
118 215
532 602
289 506
108 520
151 743
232 356
407 758
179 204
392 736
368 552
98 175
155 483
414 524
31 128
102 478
619 639
70 78
111 413
459 642
26 192
80 689
244 441
161 286
251 657
74 305
308 687
345 683
100 733
378 578
78 96
405 671
57 358
66 446
453 624
463 718
450 578
305 360
413 556
1 636
53 741
250 309
459 724
349 581
359 484
441 523
269 719
62 122
271 275
174 629
192 342
31 113
306 423
262 641
97 617
51 365
336 575
49 324
165 278
31 48
667 688
145 426
410 643
487 710
155 367
96 750
59 279
313 521
585 714
124 165
98 536
623 683
132 339
238 488
21 576
383 700
514 595
269 395
105 197
461 686
517 602
470 639
162 494
72 94
209 680
132 381
349 398
230 468
23 450
237 302
66 701
393 758
151 516
42 177
46 466
198 725
94 521
14 600
103 656
86 201
592 603
51 572
155 633
336 497
554 661
730 753
551 619
221 581
40 445
398 653
104 255
90 754
597 621
37 260
212 689
604 681
6 183
271 626
60 359
299 395
2 705
236 295
466 743
357 422
52 369
407 535
50 352
266 632
223 251
132 257
275 361
140 263
98 516
128 514
111 576
154 686
151 258
413 738
133 330
359 493
102 390
178 700
78 524
88 233
382 543
316 513
361 663
2 4
349 536
25 44
176 614
283 293
194 348
72 351
623 679
119 508
49 509
500 667
183 694
209 708
94 490
145 279
588 752
521 662
542 596
244 716
93 630
667 761
39 527
69 581
595 688
228 704
426 726
26 270
278 502
350 353
240 756
122 380
47 580
62 284
104 602
381 726
96 549
112 470
336 396
138 347
26 652
330 451
258 275
426 552
490 705
45 633
241 442
69 602
113 636
342 548
0 296
235 435
391 622
592 646
362 734
644 733
100 651
30 94
145 575
319 401
15 660
60 269
549 718
98 303
153 673
199 704
271 753
348 470
405 433
145 417
68 533
133 291
76 629
191 292
243 612
70 343
358 572
417 546
5 263
285 735
65 224
36 455
694 700
253 440
174 569
593 606
105 687
81 398
167 538
408 573
74 675
169 603
232 269
220 561
20 620
208 577
313 583
485 711
484 624
418 516
409 641
487 597
28 115
230 631
331 508
327 575
272 489
187 626
182 231
175 254
406 575
47 238
553 726
300 598
480 552
158 623
100 506
483 686
203 594
40 416
6 406
149 547
11 700
133 635
244 392
135 138
147 358
3 486
492 725
207 465
362 633
166 401
51 106
227 696
145 615
523 617
356 440
557 595
263 721
9 99
88 186
374 611
217 720
445 621
79 370
455 719
1 724
241 528
20 179
27 233
283 505
453 650
423 583
287 376
457 525
520 719
369 645
122 360
548 554
233 559
381 655
56 602
673 684
135 222
475 621
21 474
147 305
243 390
12 99
269 450
71 144
229 424
492 585
386 434
153 451
349 697
233 507
276 323
25 273
17 565
226 600
563 739
441 533
48 148
267 345
27 748
511 534
601 630
560 703
64 719
142 572
63 308
32 696
44 391
224 464
251 513
74 241
189 628
265 316
6 741
83 362
108 670
431 458
203 513
224 342
465 637
25 414
435 441
523 572
440 721
42 392
406 493
333 669
8 258
68 309
205 422
108 433
59 290
31 186
355 638
75 685
464 745
610 646
421 697
347 612
136 218
336 577
543 696
183 488
238 433
102 528
157 362
9 144
266 424
471 588
311 448
295 647
274 569
300 518
49 255
412 579
410 469
241 524
82 189
386 712
180 707
64 267
1 208
196 474
325 687
199 261
140 659
74 751
226 558
51 164
183 251
321 659
454 464
161 669
227 646
558 669
3 95
0 659
207 721
60 152
172 217
98 287
457 512
215 417
53 479
561 634
408 460
399 712
80 155
342 628
412 728
78 351
201 419
195 542
251 276
209 304
363 529
59 651
182 303
124 448
59 553
322 335
236 618
254 631
473 481
139 758
285 443
528 624
14 158
619 642
496 652
112 504
190 752
466 575
38 564
213 723
183 477
292 671
120 158
190 269
404 560
255 675
634 757
273 473
634 735
199 501
188 328
438 711
149 240
14 208
611 723
451 739
202 573
23 198
415 702
19 687
112 752
33 742
83 357
463 558
715 728
508 516
208 757
236 641
515 692
341 651
442 539
296 471
359 371
232 732
432 545
87 97
174 278
24 68
81 757
129 653
614 625
285 547
542 611
198 613
37 252
80 575
252 632
140 572
151 274
404 619
386 696
292 436
118 642
81 715
299 681
489 634
180 498
129 693
460 656
197 521
151 447
351 749
862 636
249 665
27 794
197 461
63 395
401 823
678 685
214 557
67 241
636 707
517 813
33 659
65 112
129 139
362 422
196 423
448 835
564 711
285 362
205 789
319 815
201 558
322 859
94 555
94 119
169 590
109 348
515 632
748 834
105 345
70 169
224 736
141 404
12 181
132 446
283 587
206 426
366 703
303 723
484 665
559 635
317 451
24 650
313 570
400 715
555 839
81 449
320 582
232 425
624 651
37 337
46 310
689 814
48 453
144 675
567 739
255 664
472 589
95 447
608 854
27 729
59 607
186 796
100 146
367 525
466 630
233 390
722 730
646 822
324 650
489 666
259 260
497 815
388 518
43 638
158 717
108 626
347 445
46 186
273 801
588 740
94 350
291 860
426 467
95 372
96 669
509 621
172 767
277 481
93 260
98 212
242 386
332 747
397 640
61 805
51 394
9 95
165 248
32 140
224 587
534 630
582 854
606 654
125 200
582 772
305 461
189 191
375 613
190 781
22 337
518 821
280 439
267 787
408 499
388 708
634 813
686 762
608 786
356 629
173 263
467 778
17 574
478 675
106 500
61 195
438 794
194 678
418 694
536 643
154 512
224 535
226 837
448 515
538 655
390 742
123 333
428 457
196 440
66 339
149 844
676 724
191 432
0 537
626 818
346 742
59 144
118 120
233 847
12 239
697 766
65 98
322 651
92 717
25 213
567 762
241 688
252 563
87 223
143 234
317 439
197 800
40 356
348 805
497 789
114 645
286 816
127 227
27 83
31 713
77 657
0 171
451 746
468 843
491 502
105 217
555 792
548 623
200 490
254 806
192 799
256 581
680 817
287 466
30 358
255 855
444 840
21 763
93 462
388 789
300 307
580 655
386 403
186 791
524 830
231 845
83 696
12 678
795 796
317 646
66 222
142 368
497 703
441 802
79 475
79 484
304 502
315 831
202 535
46 463
464 688
360 727
86 145
325 730
428 726
9 192
386 578
354 618
225 317
155 827
231 305
192 789
28 271
43 762
309 411
150 837
146 770
445 691
500 516
224 248
532 744
132 250
279 488
209 350
170 732
370 475
467 858
509 861
267 697
160 251
287 327
188 650
67 78
662 695
544 599
70 221
213 651
604 615
421 461
455 787
182 653
428 753
500 621
590 652
644 811
75 329
52 743
115 656
64 791
398 779
363 734
603 790
210 323
131 185
131 459
623 809
277 680
516 550
271 822
101 594
774 784
482 859
95 341
352 721
471 603
282 331
348 367
589 762
138 757
396 558
16 139
185 691
74 163
99 182
527 849
24 142
313 719
310 506
34 230
283 633
548 653
183 327
184 409
220 333
600 614
29 638
565 845
136 658
360 501
53 485
215 574
34 458
151 602
168 480
139 822
77 786
368 705
37 284
276 302
371 406
529 815
280 506
289 355
94 720
526 607
367 780
114 656
397 791
443 558
611 810
244 469
393 508
480 494
667 678
464 856
139 147
268 288
480 580
4 551
219 491
292 583
29 850
206 695
15 373
259 547
112 615
146 608
346 529
837 838
467 609
563 775
560 848
196 658
182 514
656 828
259 338
32 87
89 813
264 578
356 813
410 712
85 712
72 311
403 431
123 238
416 624
395 490
198 393
291 692
166 251
487 727
242 469
40 568
533 585
594 649
137 827
323 557
12 166
100 618
321 585
124 399
496 657
386 681
105 653
423 548
207 542
150 202
122 587
332 695
283 480
119 589
735 744
186 456
240 859
87 785
567 850
47 647
313 816
764 779
82 711
607 661
41 498
527 640
629 682
218 279
746 785
149 515
10 307
187 715
129 403
484 514
563 623
30 503
220 679
80 163
271 733
448 534
517 861
452 516
70 484
452 683
10 154
129 823
481 777
229 658
405 470
124 431
161 534
55 136
378 722
380 721
133 621
257 685
87 165
190 331
689 723
248 615
282 781
379 402
326 668
200 355
178 462
522 566
777 837
56 825
727 812
243 650
28 296
230 711
43 566
687 760
88 480
335 574
397 425
696 758
300 722
381 820
453 793
173 724
355 660
251 346
306 764
50 483
381 831
50 95
124 675
48 536
620 676
359 567
218 630
87 95
87 147
369 764
186 794
61 261
706 804
445 504
9 226
6 631
352 710
416 607
249 621
314 599
438 680
293 325
243 434
314 750
396 554
46 466
430 443
220 712
552 786
212 473
241 787
443 567
178 813
36 782
77 687
754 771
148 316
509 629
377 556
116 735
321 386
155 457
519 835
24 548
274 791
311 755
235 339
530 628
122 660
203 693
139 278
126 382
170 428
160 712
113 254
224 836
307 409
162 431
145 348
277 379
248 462
169 567
10 811
215 288
442 452
593 607
554 805
52 330
216 421
125 370
222 230
64 108
400 478
345 524
6 311
210 805
441 482
600 694
252 540
383 847
223 575
10 843
562 822
242 517
6 232
110 271
85 740
265 800
201 291
191 575
435 761
304 346
749 799
115 588
293 451
402 708
653 717
147 231
131 247
138 490
387 734
13 776
388 839
230 559
259 310
107 383
30 452
517 608
197 718
326 359
729 747
178 209
306 652
194 777
177 369
0 527
176 732
43 525
90 758
17 718
151 265
260 288
261 762
505 796
260 646
393 750
39 599
616 706
263 840
452 630
253 738
568 793
442 619
129 575
332 780
152 830
141 666
229 355
443 659
0 44
131 493
731 742
645 786
19 770
121 398
627 779
155 416
127 808
635 728
297 826
79 338
205 382
182 503
282 715
15 642
118 818
439 815
126 271
543 743
361 590
96 630
156 812
754 852
373 583
260 462
195 756
568 634
171 818
594 635
210 491
185 822
313 547
643 815
369 489
205 818
559 793
69 696
257 472
44 243
191 530
12 114
190 366
384 765
350 753
233 419
548 642
156 426
8 363
75 366
363 461
382 404
347 348
469 500
177 542
22 479
57 485
172 438
50 214
98 546
58 498
73 469
225 389
84 88
29 280
250 427
288 310
215 449
215 259
82 119
150 163
191 315
285 455
230 498
183 484
238 476
3 405
83 496
134 219
281 482
56 143
181 223
53 497
101 237
425 461
115 278
197 221
303 384
372 497
124 197
39 475
120 476
94 302
37 492
134 381
102 145
60 115
382 504
45 337
266 382
235 412
27 49
14 118
430 543
190 509
386 482
308 493
70 170
14 32
42 439
9 466
238 356
36 177
104 381
24 149
254 406
271 409
269 436
126 297
212 248
18 281
43 518
217 300
71 163
251 391
408 503
154 337
270 344
38 521
50 224
406 436
265 544
152 268
36 270
41 445
260 279
118 518
460 461
80 270
218 530
301 404
117 406
131 222
218 286
156 211
68 239
59 490
475 533
76 184
14 307
377 497
348 494
164 457
19 427
20 160
51 352
197 537
96 338
74 517
73 545
204 524
413 443
219 260
59 296
32 65
361 378
344 530
227 438
385 415
161 287
257 382
202 366
93 369
159 168
188 362
58 450
94 414
8 335
202 391
325 424
93 95
32 101
166 252
184 519
370 390
105 251
467 508
366 368
65 467
247 416
57 536
432 536
64 208
393 458
186 195
36 175
254 477
24 370
66 448
240 497
205 336
49 345
168 513
494 501
122 328
68 110
63 458
154 318
355 486
169 491
141 401
42 519
76 104
125 157
311 370
261 385
65 212
73 509
187 310
207 452
348 422
351 545
56 464
153 265
217 229
166 214
509 528
242 276
385 394
207 485
71 473
134 163
9 140
82 290
142 206
66 96
57 91
56 498
0 168
139 426
77 344
37 391
57 92
182 183
180 245
53 381
248 506
445 540
325 547
50 147
45 121
12 291
176 439
238 317
124 401
140 160
313 433
7 328
405 529
153 423
37 151
335 528
146 229
454 488
42 250
455 497
162 306
97 302
83 141
57 217
150 494
54 371
18 105
71 253
161 518
145 290
52 173
273 539
500 535
39 280
25 230
388 541
279 297
273 514
114 233
25 484
7 76
265 500
241 380
411 471
121 122
399 496
414 529
261 321
57 231
215 260
172 421
254 524
410 508
54 228
174 240
47 350
408 412
248 467
331 517
13 236
120 501
372 538
130 486
36 409
447 517
127 200
71 262
165 479
277 370
312 343
453 504
49 181
230 426
180 182
178 234
337 519
308 490
67 272
133 315
332 460
134 377
205 242
100 306
105 267
54 329
415 503
8 252
81 180
120 346
187 225
346 352
473 535
163 421
188 243
160 212
24 56
151 276
100 249
294 475
294 482
99 411
4 41
37 463
80 156
28 231
290 490
243 539
266 293
133 443
22 287
80 203
50 404
360 416
65 177
398 533
189 448
75 311
37 220
390 456
279 352
459 510
356 476
65 538
168 227
286 371
266 403
88 331
257 445
376 389
389 516
77 204
278 439
107 149
30 318
105 449
138 432
104 389
12 442
48 134
205 457
52 485
144 373
14 210
276 329
325 489
123 165
192 422
413 498
116 125
114 399
445 507
205 317
67 184
216 486
161 443
293 497
482 517
452 511
343 533
193 515
73 270
127 252
110 328
13 304
397 500
508 542
79 367
128 463
455 504
340 442
100 108
394 477
17 516
59 541
197 496
292 515
415 416
101 351
144 245
221 243
204 476
141 186
149 404
178 516
261 339
270 512
510 511
60 512
403 547
44 358
409 416
383 525
428 543
17 208
303 372
276 397
106 218
27 294
20 38
157 398
127 172
97 453
100 529
355 497
369 393
69 422
456 457
338 362
163 242
446 461
53 329
2 143
282 425
18 266
261 394
147 503
56 225
373 431
1 337
329 467
315 396
10 433
14 457
3 40
184 215
318 353
288 490
49 109
314 424
118 125
375 512
168 281
192 327
194 310
356 469
135 436
55 290
181 403
39 308
169 358
239 525
218 251
223 403
52 511
406 493
343 382
117 383
111 321
65 295
182 342
226 530
58 351
100 256
290 322
98 227
10 350
6 398
218 443
140 399
351 495
155 469
7 474
148 368
99 310
65 436
35 476
266 426
180 198
91 110
218 295
277 521
225 381
255 425
26 374
112 282
355 523
470 489
272 540
129 227
80 206
225 519
132 489
330 404
112 422
41 423
326 448
125 348
244 275
426 486
268 280
397 538
39 135
396 484
82 287
26 85
236 546
409 448
47 113
115 373
219 269
86 118
417 492
397 423
87 181
169 529
37 241
234 328
296 316
39 180
226 538
157 534
211 230
307 449
50 221
118 546
193 521
13 95
199 322
179 539
188 513
73 259
317 471
386 483
9 441
67 310
21 103
69 350
299 333
328 475
141 547
150 190
227 373
404 512
66 200
217 259
355 377
5 34
142 452
49 512
307 545
138 225
476 477
380 398
56 327
154 346
456 505
443 541
320 491
228 425
191 523
92 137
404 523
200 422
113 258
162 505
35 449
109 489
27 270
66 109
142 256
194 220
317 521
22 124
305 380
460 513
118 521
101 137
1 537
49 230
201 283
14 545
224 290
316 327
112 236
138 421
50 379
306 485
268 449
84 389
254 487
366 480
238 413
358 460
164 171
23 204
220 243
4 278
184 213
58 448
89 490
20 256
101 448
270 377
237 353
154 333
86 260
216 406
163 293
21 62
55 491
116 451
29 532
143 232
186 328
428 535
28 479
104 529
80 514
24 279
77 461
65 169
227 514
5 428
291 341
411 452
442 529
1 282
459 506
128 458
2 368
303 399
289 482
21 104
409 529
17 33
300 363
106 195
160 475
346 385
155 318
77 498
44 288
350 528
75 115
8 395
373 505
41 202
198 495
78 93
113 338
15 461
456 484
5 471
943 848
445 449
449 647
534 659
173 601
60 834
57 799
672 827
81 198
643 816
295 780
600 736
33 507
291 303
148 197
429 513
393 443
249 556
431 794
169 321
218 737
153 336
405 793
35 233
353 407
128 572
93 113
343 373
180 661
464 681
331 839
312 436
161 259
836 883
535 830
76 239
108 724
361 535
173 493
235 631
82 95
275 314
228 877
789 821
138 926
70 482
647 673
654 676
121 746
914 939
291 624
47 88
19 547
130 233
371 823
408 791
229 680
485 820
349 884
196 873
245 452
411 820
217 815
5 609
45 397
539 694
348 695
705 913
133 318
212 797
63 905
415 792
119 229
583 771
254 871
581 822
259 906
336 578
268 473
20 449
2 84
674 778
494 755
20 359
391 735
662 812
717 802
490 810
245 647
169 913
551 858
14 348
145 626
550 875
502 617
559 919
148 758
476 680
603 906
219 440
379 766
310 804
815 843
114 755
96 851
210 727
785 919
702 904
320 722
105 799
610 878
381 584
656 769
161 746
247 698
307 351
799 924
238 343
118 255
59 700
369 737
211 656
114 917
510 909
510 908
3 497
257 740
82 880
334 925
198 202
185 605
197 203
406 778
192 224
67 639
258 590
359 797
301 356
526 686
48 591
159 488
62 836
424 440
48 594
605 914
539 903
105 198
392 825
136 307
319 866
485 599
259 407
112 924
49 845
294 319
4 488
457 487
356 458
109 390
644 796
138 485
62 808
402 908
765 913
118 608
141 614
471 940
165 249
64 687
74 831
296 714
614 782
230 240
317 687
403 521
774 834
413 876
622 727
56 103
502 541
424 917
646 714
381 625
184 889
67 487
15 112
270 927
9 866
184 440
477 554
222 310
754 815
64 279
789 871
51 544
238 658
186 539
255 786
542 762
530 749
569 674
679 908
214 507
255 280
56 425
442 917
347 756
141 222
163 283
375 787
400 708
179 444
195 864
138 232
527 540
393 458
99 178
126 899
154 275
242 401
10 814
186 768
613 938
36 111
57 414
304 870
81 866
263 584
536 749
160 857
595 775
314 843
557 580
584 821
326 682
139 191
260 608
620 762
414 666
293 464
0 188
184 810
190 486
345 542
224 916
472 920
110 294
76 432
351 418
292 633
180 443
772 806
490 801
128 779
627 843
77 148
601 670
253 559
802 901
285 617
18 155
145 504
141 143
2 220
115 924
201 559
700 784
11 762
154 404
613 631
434 451
495 649
522 678
362 559
478 842
223 589
53 671
215 490
135 900
193 827
25 382
15 558
869 916
83 704
402 653
70 504
264 324
40 466
138 872
487 832
10 845
457 747
250 884
222 479
164 196
81 360
100 166
245 680
512 609
496 661
119 909
604 825
145 941
9 756
423 490
114 364
420 850
535 779
675 851
249 935
175 203
217 753
474 938
362 581
88 701
370 466
401 510
800 801
543 905
284 737
336 727
1 68
546 867
505 690
740 928
91 903
48 487
305 742
391 861
55 912
25 138
407 632
101 618
541 732
97 297
110 811
2 173
731 866
155 924
129 390
334 854
554 676
213 338
463 598
277 905
608 762
67 736
380 827
50 681
103 353
211 329
162 356
152 852
130 436
490 639
808 835
754 765
110 773
218 783
682 743
121 770
2 218
179 428
78 852
299 797
113 199
273 386
73 225
355 459
115 439
421 875
375 436
267 913
56 413
625 812
237 768
204 914
77 345
267 534
23 810
155 313
783 869
188 682
199 432
82 461
17 889
265 509
236 592
540 808
774 930
466 537
657 687
697 746
264 644
266 615
7 181
504 846
396 475
64 477
2 224
777 831
12 294
291 936
163 279
346 580
390 791
145 446
340 376
294 929
339 760
511 765
596 886
73 912
321 751
667 758
125 316
325 449
14 787
477 728
408 789
429 654
111 696
424 815
133 501
613 874
180 918
149 870
494 715
226 709
718 740
546 906
73 146
219 919
361 731
43 91
331 698
136 728
516 884
380 908
155 688
259 853
776 856
569 910
96 370
149 254
18 761
350 877
92 378
645 905
119 263
598 670
259 314
740 792
662 678
132 848
68 75
639 804
281 522
43 899
684 911
363 639
37 917
651 750
144 885
511 719
63 519
227 634
137 607
190 580
172 415
314 360
479 829
751 892
16 113
574 917
706 886
7 585
650 660
415 503
473 550
181 729
492 691
515 774
291 876
622 745
623 779
146 353
71 420
358 372
325 795
662 787
244 912
163 327
234 373
499 761
428 689
628 687
164 608
128 381
22 116
233 505
277 550
99 718
760 771
306 796
44 882
350 552
607 613
651 802
252 913
18 456
72 521
187 449
29 414
83 473
289 356
561 794
778 825
487 795
104 839
614 631
142 651
610 936
271 759
761 852
22 738
895 909
191 654
415 623
8 252
646 805
363 413
41 747
32 874
209 900
264 566
171 204
5 341
205 684
12 229
309 771
139 810
395 893
72 759
246 834
110 159
540 788
240 388
381 773
178 600
590 863
415 567
346 844
54 918
392 663
268 631
80 314
180 660
233 900
459 597
407 607
143 386
142 690
43 145
307 798
304 334
213 329
349 534
250 768
652 718
456 859
661 797
422 922
674 874
624 841
121 736
48 246
553 812
519 584
568 854
639 837
71 401
118 201
61 689
579 715
68 743
13 252
413 422
49 698
141 804
702 752
112 162
184 378
321 416
542 728
106 465
5 630
371 492
454 523
302 382
243 825
394 773
502 800
194 729
51 238
446 719
520 871
403 618
32 177
262 873
97 360
30 737
27 810
212 552
80 561
421 848
756 832
46 370
725 739
36 451
694 921
583 602
433 898
80 386
73 300
393 420
465 545
19 391
183 454
221 904
371 826
237 397
449 575
72 343
346 561
732 806
338 458
348 606
308 602
670 884
279 310
555 702
217 308
329 800
315 682
218 854
159 834
256 730
430 678
460 903
877 912
720 766
286 509
236 791
137 732
377 737
455 549
589 671
165 235
63 272
8 165
291 902
344 772
41 152
28 390
25 223
335 680
414 472
124 145
25 642
210 687
223 916
692 717
282 298
515 532
48 204
852 887
116 381
152 745
180 526
150 726
97 106
156 612
693 717
305 511
821 875
56 889
445 941
87 667
35 443
59 743
148 855
243 400
749 762
573 865
131 233
511 546
472 484
146 507
42 327
13 623
475 819
24 396
284 739
765 851
222 408
102 824
214 658
318 390
870 902
30 906
268 632
581 912
846 871
538 572
246 935
464 496
438 709
152 421
88 612
52 472
273 311
187 687
289 500
63 576
191 491
217 785
814 835
517 789
129 179
99 585
119 277
72 365
582 716
332 493
609 808
612 680
161 481
330 376
349 675
380 693
151 376
144 271
311 471
310 830
256 603
427 581
384 867
359 852
408 930
414 861
190 916
262 706
402 860
135 364
755 877
253 658
135 262
313 431
360 846
465 669
319 806
449 815
659 830
634 766
59 349
438 628
141 318
70 346
271 469
431 872
108 321
419 726
54 851
194 695
315 319
294 870
354 799
213 690
307 488
610 915
222 406
326 932
468 735
332 774
382 562
586 778
97 98
559 689
20 694
598 846
461 573
735 911
773 897
16 427
358 429
501 748
321 543
471 561
185 481
826 885
66 693
864 900
97 431
277 580
72 445
702 847
103 792
21 358
630 707
5 900
97 705
482 683
649 790
76 502
27 358
50 596
513 807
411 897
306 764
669 864
158 839
618 703
111 891
157 815
183 567
217 616
388 502
601 605
232 371
177 912
149 271
145 600
251 606
435 764
349 750
182 627
430 857
83 214
679 688
259 445
205 485
476 627
245 380
556 924
24 551
165 733
906 913
51 526
502 9
125 354
179 353
249 474
264 383
397 398
93 464
142 176
318 454
40 70
159 107
91 141
71 127
70 138
130 145
28 113
27 153
6 153
86 134
77 133
6 21
139 152
17 155
42 114
17 60
80 140
63 89
101 125
18 113
62 66
62 89
10 115
23 75
93 117
2 28
35 99
0 27
91 100
14 90
1 83
29 120
24 58
25 104
126 144
0 14
105 136
80 107
26 145
40 57
38 98
65 66
87 144
65 151
38 75
1 87
25 122
44 127
80 129
21 83
88 120
57 146
90 91
77 132
113 150
9 146
53 75
106 146
36 75
67 158
59 87
31 32
52 53
47 49
13 93
60 69
104 138
72 78
22 44
28 110
81 106
26 49
66 81
17 26
10 68
122 126
51 69
52 106
123 130
145 147
82 157
134 145
6 104
54 118
55 96
91 109
25 61
98 148
29 108
55 141
75 113
67 92
33 58
79 131
59 132
11 104
33 126
48 77
13 48
34 54
15 156
26 53
33 69
120 121
81 139
75 81
12 67
64 113
101 145
