10
26 17
11 18
1 22
3 22
1 21
0 16
5 7
10 19
0 13
5 25
0 6
3 17
15 17
21 22
9 19
5 13
3 19
2 10
40 0
43 24
11 31
35 37
21 25
13 40
0 27
9 12
24 26
34 35
20 34
2 32
7 24
12 27
30 32
1 42
9 16
35 36
26 30
11 13
3 32
25 40
22 31
4 38
17 26
14 22
25 34
16 17
11 15
20 24
5 13
4 8
0 24
7 13
9 18
2 11
11 19
17 22
5 6
5 7
9 16
19 22
3 15
22 23
6 7
20 21
13 24
15 18
3 24
14 20
0 2
6 9
11 16
1 16
1 10
5 18
0 8
5 9
7 12
2 7
8 14
22 1
12 20
32 13
16 24
12 24
6 23
8 28
3 20
9 30
3 4
15 28
0 20
18 31
8 21
3 5
23 29
21 27
1 13
9 14
6 15
7 19
0 12
8 16
10 17
13 18
12 18
11 13
0 8
15 19
4 5
3 4
7 10
5 9
16 17
6 7
4 15
1 6
3 11
2 8
10 18
7 16
7 15
11 20
0 6
32 3
3 15
13 15
4 17
38 18
8 15
0 3
23 25
2 15
19 32
13 14
1 7
10 15
8 35
13 28
18 25
19 22
6 33
2 4
23 32
13 34
6 18
2 19
4 2
0 1
0 2
