10
59 57
12 19
5 37
4 29
17 31
9 13
6 16
32 50
9 39
3 37
39 56
2 41
14 40
38 40
13 48
38 43
21 29
20 28
8 41
26 35
23 34
36 50
4 31
18 47
2 23
20 41
19 27
35 51
31 51
18 37
50 58
28 46
1 56
15 33
4 13
28 52
20 43
18 32
47 57
4 11
5 6
3 41
5 16
38 54
21 48
7 13
5 33
4 41
11 54
5 45
15 27
21 24
2 8
22 30
13 50
32 57
34 57
43 47
41 33
16 25
18 21
19 21
0 14
32 36
7 13
13 15
15 31
4 31
1 18
13 16
20 23
15 18
11 37
31 36
28 31
0 21
11 27
27 40
2 5
4 16
11 31
8 21
5 20
15 16
24 30
30 34
13 37
14 19
11 24
1 12
5 16
0 12
37 9
7 10
8 18
5 36
13 36
23 25
3 26
4 21
9 34
10 27
35 14
25 34
8 9
9 16
31 34
14 22
10 11
18 34
6 7
1 5
24 34
8 29
26 33
11 26
4 12
49 4
23 29
23 46
4 44
18 29
15 17
1 4
2 14
1 6
6 10
4 10
0 8
4 8
6 7
3 7
3 10
8 11
7 11
1 12
10 14
0 1
0 4
5 7
60 42
26 35
12 18
15 52
28 39
6 34
27 34
41 59
31 48
11 46
4 10
23 46
30 57
6 13
14 38
9 40
10 40
24 35
27 54
2 38
8 15
26 45
25 41
28 54
16 27
25 27
12 30
2 25
23 32
20 32
5 25
30 36
23 58
2 37
21 49
28 49
17 28
23 57
50 54
16 37
39 55
2 54
3 6
8 3
0 6
0 5
3 6
23 23
5 11
3 20
16 19
1 18
11 18
0 1
5 21
2 20
1 11
4 18
0 12
6 10
9 12
9 14
6 19
1 9
14 20
3 8
7 15
2 7
5 6
3 11
4 10
50 46
26 46
17 33
8 48
3 24
3 11
5 41
1 14
17 27
24 42
2 9
36 37
14 46
20 24
3 13
33 35
11 23
17 49
17 19
22 32
6 35
5 12
3 25
35 42
0 16
10 27
6 17
15 34
21 49
26 41
12 27
8 37
2 7
22 26
25 33
5 8
16 49
17 23
20 22
21 48
5 39
3 14
43 49
1 48
23 40
14 34
16 33
