10
56 26
20 43
2 24
29 51
29 40
37 48
14 19
33 51
28 54
9 24
37 52
5 9
19 38
2 50
22 44
1 53
8 9
44 54
0 43
32 33
13 31
38 41
35 44
28 31
7 55
20 36
17 32
32 11
24 30
6 15
1 20
8 29
10 15
0 25
4 6
27 29
22 26
1 8
13 29
75 56
1 69
0 48
26 34
39 58
43 47
2 57
59 65
13 23
14 46
4 34
10 21
3 53
5 27
8 31
26 55
45 68
3 64
44 65
45 56
65 71
1 20
25 54
51 57
36 48
5 24
53 63
7 73
1 34
12 57
34 67
2 43
30 70
3 62
1 26
17 69
3 14
2 32
46 55
23 52
23 41
30 31
12 50
39 71
37 66
12 56
13 32
14 16
30 64
55 64
11 28
33 41
9 45
10 50
10 18
29 72
0 66
27 36
9 18
18 24
18 19
9 13
5 17
14 25
18 20
8 23
1 10
18 22
15 20
8 22
2 7
10 14
9 12
8 20
11 22
0 5
10 15
6 13
19 26
3 12
7 13
3 14
4 12
14 17
12 17
7 19
14 23
5 13
13 20
0 26
11 13
2 9
20 22
0 16
52 10
42 50
0 12
8 43
21 24
22 35
11 51
27 51
2 29
3 38
14 36
2 0
84 49
60 72
5 73
24 54
33 54
45 58
10 53
18 73
10 21
8 59
15 62
25 36
8 65
5 25
20 53
22 60
36 44
43 69
62 78
34 67
40 55
24 61
6 17
21 49
47 53
17 51
52 74
42 60
15 63
56 58
29 34
7 37
28 60
22 23
80 82
32 70
47 60
18 35
21 31
69 70
2 62
7 19
51 61
38 53
24 65
7 12
5 28
11 73
69 76
45 75
6 2
2 3
0 3
45 53
22 36
18 26
12 39
5 28
11 21
13 17
7 20
20 42
7 14
0 30
6 9
27 33
33 39
28 35
1 2
26 29
19 23
7 34
31 33
9 44
17 28
0 40
10 25
10 23
12 21
7 18
16 37
5 23
16 23
3 27
4 14
21 44
9 39
24 43
20 26
19 20
0 6
18 20
18 29
21 42
6 29
29 31
11 20
0 20
22 41
11 28
13 39
17 31
22 42
15 31
20 28
6 14
12 23
57 80
10 32
7 49
2 15
16 31
11 56
22 52
47 55
4 23
12 48
28 48
8 52
34 45
45 49
3 14
9 13
15 48
12 14
34 51
18 24
5 9
17 19
15 35
11 38
16 53
21 22
30 36
17 48
30 53
34 36
23 33
25 46
4 20
4 47
3 33
19 25
6 29
15 55
5 54
19 33
36 40
14 18
30 56
5 23
8 43
34 35
9 43
18 48
17 53
22 29
24 31
20 33
18 52
18 34
22 42
10 30
17 56
31 51
1 49
7 32
18 35
14 51
32 45
26 45
28 45
0 55
4 8
12 54
40 49
31 37
22 56
29 52
10 13
0 21
22 36
43 54
22 33
7 22
34 52
0 14
10 52
