10
70 54
27 39
28 52
60 65
29 32
57 63
6 66
21 25
10 43
37 63
54 66
4 26
11 22
0 1
18 40
42 64
47 57
36 42
59 64
21 45
49 57
22 61
7 63
30 64
11 46
5 11
45 59
37 49
30 63
10 38
22 26
5 69
34 35
42 54
21 50
55 59
17 56
3 14
39 61
15 37
43 45
7 44
21 57
41 49
9 15
21 63
23 55
35 36
10 50
4 54
14 17
36 48
14 43
62 65
33 41
60 82
6 32
33 43
20 38
14 16
8 18
16 24
58 59
6 19
27 40
24 55
6 55
17 20
5 50
17 21
22 44
0 44
12 46
14 42
20 33
1 55
15 53
10 55
55 57
11 44
35 42
37 50
17 40
43 52
51 59
25 50
2 59
48 51
5 42
20 35
5 12
31 54
20 41
14 35
8 12
28 58
4 59
5 17
4 32
25 54
1 46
9 54
32 56
1 21
15 58
16 32
14 19
54 55
25 56
6 22
21 46
12 51
22 41
2 39
7 39
4 11
35 59
25 39
20 22
30 40
50 53
9 49
9 17
9 24
29 43
31 40
29 36
29 47
9 55
0 28
30 39
8 46
15 32
2 19
42 44
40 58
2 31
7 28
56 83
2 51
14 17
5 44
3 24
16 38
3 14
42 44
37 42
17 41
12 26
32 52
8 40
33 40
12 31
18 25
29 43
34 43
6 28
42 47
31 35
16 50
49 51
41 53
12 22
6 41
26 27
25 46
11 26
30 34
18 37
27 39
9 32
17 30
1 22
5 15
43 54
19 22
43 52
3 54
24 40
46 47
37 45
1 7
24 38
6 19
27 28
38 48
17 55
14 32
20 28
0 44
12 21
9 29
1 20
33 54
8 34
30 53
26 41
12 25
6 21
22 54
9 17
24 49
9 11
31 47
43 53
2 24
3 41
28 32
6 45
38 54
7 29
31 32
34 55
29 46
33 50
0 14
22 37
4 34
7 54
30 40
20 23
41 46
26 24
5 11
10 15
4 9
11 13
2 3
1 23
4 10
7 8
11 20
13 14
17 25
6 18
16 22
6 13
0 5
2 8
10 16
21 22
11 18
11 24
5 17
5 12
4 20
4 18
68 96
7 52
33 60
59 61
41 55
12 57
3 10
0 67
3 14
11 52
13 17
21 55
2 45
12 33
28 40
6 49
16 34
1 55
27 41
20 33
9 28
33 65
27 34
9 13
36 47
62 66
33 42
14 28
7 12
3 32
30 46
11 36
1 67
15 39
8 19
13 63
3 45
12 63
8 56
11 17
11 44
53 55
8 37
8 30
14 60
5 22
38 49
4 10
49 67
2 62
44 58
19 24
35 55
3 41
18 57
3 51
51 64
20 42
36 51
17 18
31 55
49 51
6 40
30 49
46 48
18 61
16 48
33 34
38 51
45 56
15 22
22 51
16 52
18 31
8 45
24 58
46 60
9 43
12 66
26 61
0 44
23 47
3 17
36 57
34 48
41 64
21 53
0 3
26 60
29 57
0 63
31 52
0 66
53 57
40 49
40 60
58 65
99 38
33 38
4 55
54 67
43 48
26 30
17 42
34 43
30 67
14 55
69 82
1 17
64 77
31 50
47 73
30 73
24 46
17 57
10 44
5 98
20 29
66 88
4 22
17 48
32 44
3 60
10 27
33 88
22 70
38 75
70 74
33 69
39 86
21 48
39 73
0 97
42 93
42 76
20 49
13 16
5 7
4 11
6 12
2 4
1 3
2 7
4 7
1 12
0 4
7 9
3 5
0 3
1 6
10 12
9 11
0 12
56 44
44 54
20 44
21 26
33 55
7 33
2 44
20 54
9 29
2 43
5 24
17 42
35 45
33 54
24 47
14 18
38 52
7 49
14 36
38 51
15 45
24 33
0 9
23 32
16 48
3 48
5 13
20 37
0 7
7 27
52 54
42 45
50 52
15 55
20 49
6 42
39 46
10 35
26 27
5 53
10 24
20 29
27 32
9 34
21 25
43 31
12 22
11 42
16 17
26 38
1 3
10 40
19 31
18 39
1 28
9 29
19 24
6 28
2 24
11 19
12 23
9 40
23 33
15 37
3 28
7 34
4 21
17 26
6 27
16 20
16 28
7 24
2 28
15 33
6 38
15 22
14 28
64 52
3 26
1 35
23 43
5 42
43 45
6 40
21 60
5 58
5 47
5 29
1 28
17 29
5 31
53 59
19 29
7 54
15 57
28 58
16 53
12 25
34 38
6 39
24 60
34 52
15 29
42 55
13 34
18 42
2 63
3 30
7 26
46 56
14 26
20 27
49 59
50 55
8 62
42 63
20 53
16 39
6 57
31 37
8 43
22 63
15 43
8 15
4 38
10 22
25 55
23 55
18 55
18 43
