10
12 11
8 11
0 5
3 4
4 5
1 7
6 11
3 10
4 6
7 11
1 8
5 8
297 16
4 111
123 137
49 173
8 216
240 267
56 74
25 26
91 166
73 274
89 194
226 257
183 241
116 193
258 261
14 235
143 223
286 117
104 181
157 253
117 142
217 242
96 154
240 250
66 170
93 249
63 235
240 275
226 251
139 207
98 186
79 243
31 79
3 85
78 128
176 258
64 135
189 223
235 268
16 108
37 195
43 168
80 122
42 50
88 271
70 225
109 227
44 171
42 263
155 243
21 117
132 229
183 205
43 57
5 128
12 85
17 250
18 127
95 181
97 222
47 215
118 126
71 265
67 123
124 221
96 205
69 244
139 271
127 233
180 256
249 266
85 231
210 234
17 116
78 238
246 251
169 176
221 275
0 193
112 207
112 119
22 134
35 129
245 260
130 193
30 87
174 190
35 176
33 238
182 279
112 285
41 176
150 175
47 94
150 202
147 277
74 202
104 278
23 222
90 175
68 262
140 160
134 251
66 144
47 242
88 233
237 283
12 98
233 278
209 231
52 110
143 252
64 220
135 248
10 109
123 283
63 76
72 144
39 82
142 281
258 264
61 81
195 227
212 223
33 230
9 24
85 152
75 250
128 285
204 244
49 183
22 115
43 201
27 160
96 124
156 170
96 137
104 152
6 42
102 148
128 133
35 50
12 103
6 74
119 154
3 147
37 67
44 75
21 76
52 92
42 130
4 65
23 141
93 98
12 146
120 134
14 62
52 60
59 131
63 99
102 145
39 132
29 121
25 51
42 45
7 79
47 141
80 104
125 136
43 47
70 155
106 116
84 129
38 59
90 136
36 77
64 138
58 113
65 143
3 50
29 94
107 149
3 40
116 147
34 72
67 120
54 76
0 93
142 155
76 77
148 153
41 152
65 116
1 31
12 85
33 111
27 31
19 47
61 88
15 117
66 77
31 103
5 27
123 126
7 89
18 87
55 144
67 110
128 132
43 107
74 80
12 73
52 89
29 138
36 125
27 68
3 89
135 152
106 140
24 123
33 82
13 51
70 79
102 130
25 76
91 104
19 51
128 155
58 81
37 92
10 34
135 143
8 140
108 155
49 82
54 106
15 88
137 151
67 118
79 135
18 66
134 137
81 139
58 104
52 129
58 118
81 137
22 98
13 103
108 134
21 155
125 151
43 151
3 85
116 140
120 148
8 21
40 144
12 41
143 155
68 102
38 81
8 97
23 70
111 132
31 41
101 142
96 148
70 149
73 99
96 97
2 25
17 99
105 112
31 125
46 86
118 120
39 76
18 84
3 4
69 150
9 52
13 115
81 83
94 97
31 55
6 155
12 122
47 150
31 128
3 121
112 128
101 144
42 75
24 72
56 64
23 114
32 133
29 31
84 137
17 153
14 143
6 10
132 142
65 155
4 91
202 261
36 174
133 185
33 166
28 104
101 143
2 47
129 132
36 145
105 148
8 141
123 132
11 81
178 200
81 186
44 128
13 105
0 121
53 174
43 101
39 180
135 143
88 142
27 70
59 87
44 73
58 118
68 128
89 97
23 80
16 87
48 83
27 63
7 25
154 189
22 102
51 169
41 83
2 98
140 172
48 166
98 177
92 97
65 197
60 157
35 44
12 176
81 200
141 165
148 152
47 48
18 65
57 154
128 160
127 138
172 196
85 144
35 187
34 60
49 79
142 148
147 185
68 195
78 180
48 54
20 95
123 189
132 182
18 146
37 173
68 82
6 21
30 149
120 137
109 192
67 199
49 119
79 178
67 201
46 169
91 99
49 91
106 186
123 175
124 169
112 138
167 189
21 105
23 75
107 144
4 174
64 89
68 76
55 106
58 71
0 32
124 136
128 178
75 97
83 84
30 201
101 184
26 138
143 173
28 196
79 151
37 195
69 128
154 200
10 24
133 181
20 133
40 67
48 58
66 99
128 147
27 67
152 161
33 72
134 140
73 195
52 108
52 141
127 198
128 132
104 149
24 68
18 152
59 82
4 180
75 174
105 118
8 64
50 108
6 84
69 111
59 175
125 188
10 12
21 31
98 184
22 25
19 154
148 177
138 142
65 67
47 139
22 147
34 181
27 153
92 104
41 58
61 80
68 122
93 154
75 191
9 151
38 167
56 142
28 43
3 73
47 128
11 58
55 88
138 145
34 100
96 175
4 37
156 201
79 121
25 49
59 61
92 98
29 157
90 110
159 188
159 186
48 56
121 152
174 188
0 199
16 48
42 153
27 118
47 197
135 152
20 49
93 184
103 177
122 179
117 119
23 24
179 196
68 155
0 135
18 91
129 173
74 173
46 106
6 85
88 183
85 188
98 120
98 146
9 62
12 31
16 169
31 139
126 183
118 121
4 184
121 179
25 155
58 151
126 185
164 190
108 130
26 179
81 127
26 33
73 119
23 57
69 161
98 200
8 60
74 145
14 23
96 137
86 199
39 105
133 141
59 135
111 175
79 176
110 137
151 165
141 166
135 173
186 190
83 121
29 40
105 152
164 198
66 97
69 173
169 177
29 135
40 112
169 179
23 45
46 68
66 181
60 150
15 27
30 197
115 191
137 143
67 183
63 108
157 189
9 189
133 182
92 20
10 90
2 77
13 44
12 90
11 53
7 75
51 80
18 87
53 75
22 80
42 78
10 23
9 34
28 36
59 89
24 49
34 90
24 84
47 55
23 88
84 49
24 55
3 4
30 82
16 52
64 76
4 73
38 54
12 49
72 81
17 38
2 15
66 73
19 53
8 62
15 59
5 19
5 55
55 75
19 38
11 62
27 29
4 66
47 80
5 40
12 19
13 44
7 20
18 35
45 69
37 68
29 65
36 83
17 59
3 61
32 70
2 73
51 74
29 46
23 33
52 66
47 53
15 72
68 81
20 24
26 83
31 44
54 73
11 29
51 58
152 24
88 97
15 109
30 105
8 139
64 123
23 107
15 51
50 94
10 75
93 101
39 84
9 132
45 124
59 131
58 118
85 117
48 54
76 92
23 65
3 120
98 113
23 40
40 46
80 110
283 203
50 53
159 275
183 223
113 224
101 238
191 238
34 45
21 215
18 224
88 191
168 222
90 212
18 144
11 160
60 157
143 213
98 105
156 223
54 184
27 118
61 266
8 179
92 133
32 190
205 206
6 52
14 133
136 181
21 245
56 214
242 245
161 230
134 261
84 101
106 229
15 227
147 281
142 277
5 219
58 134
46 110
77 177
22 61
173 218
34 157
82 199
0 174
119 268
179 207
5 225
31 76
47 262
17 79
62 136
88 110
207 223
246 282
142 239
104 205
74 274
60 142
67 109
203 220
131 239
10 15
1 161
1 233
29 162
127 204
16 98
107 269
188 239
123 194
89 224
163 257
80 198
54 199
72 140
88 199
98 236
82 101
95 248
44 213
200 257
98 175
122 186
224 235
101 219
28 264
113 203
136 138
125 230
17 207
192 212
13 99
32 126
248 273
192 194
13 68
34 244
177 190
28 110
15 18
116 220
164 168
83 166
128 253
53 141
43 90
67 144
20 141
80 138
144 241
22 156
26 282
14 166
62 172
206 242
159 227
200 219
69 189
62 206
164 234
87 277
246 253
116 263
191 271
16 166
22 266
45 195
196 268
117 282
150 231
34 103
219 281
119 258
5 9
130 234
103 210
150 267
40 143
121 186
83 105
181 203
139 184
79 164
124 271
73 81
230 260
88 122
28 186
120 212
146 210
68 276
26 261
153 248
63 261
114 264
62 178
36 206
64 86
26 230
15 24
15 91
151 244
36 85
98 153
10 269
128 136
32 160
264 275
6 38
64 214
155 256
75 119
31 209
30 169
163 182
131 251
37 118
25 221
55 178
43 218
11 173
169 176
246 256
238 261
165 280
67 182
18 162
10 104
98 176
172 225
6 139
195 256
24 254
105 254
187 236
67 139
33 263
80 153
111 143
101 247
133 163
25 38
35 40
45 102
69 121
16 70
18 86
78 91
43 48
56 110
47 81
36 104
77 104
77 103
24 66
34 39
34 120
67 74
34 104
64 108
22 23
55 97
3 124
49 103
10 57
113 116
3 53
47 71
82 97
95 110
43 70
13 34
99 107
51 129
113 117
20 103
34 90
65 79
41 66
14 128
30 122
21 125
98 100
81 109
36 64
84 96
12 89
79 95
61 91
19 98
7 9
30 64
52 62
65 93
59 88
16 66
15 116
61 89
94 111
65 69
91 115
79 132
19 91
27 36
3 28
5 38
16 18
51 77
9 121
22 111
38 73
12 69
76 81
28 38
46 66
24 60
11 127
15 38
97 124
20 44
73 120
73 121
36 49
69 105
13 90
40 90
25 56
8 68
41 102
38 94
79 105
106 123
66 80
84 85
7 8
46 119
8 122
29 90
9 82
28 60
37 87
28 126
47 86
35 83
19 120
27 48
29 118
69 91
14 36
56 70
28 98
83 101
13 75
31 125
1 18
118 130
29 83
1 4
28 102
3 47
37 122
74 113
44 57
49 55
71 131
15 119
50 64
28 42
44 80
17 117
37 56
34 89
68 73
4 14
20 95
46 114
66 85
22 69
93 131
105 128
16 108
109 124
47 131
21 69
33 101
73 128
22 122
10 29
69 76
12 122
106 107
42 64
104 126
99 108
10 24
38 76
96 125
68 120
2 65
76 130
60 126
8 118
20 62
39 61
