10
404 438
290 364
79 265
4 196
71 174
13 250
23 299
162 190
101 130
52 164
218 298
26 332
19 262
46 62
36 163
7 119
152 276
181 387
286 387
137 403
72 335
191 320
76 402
86 285
48 267
110 258
39 175
5 381
342 366
87 354
200 348
241 341
65 149
205 402
148 328
200 252
58 291
213 239
20 226
185 280
12 58
134 202
243 399
39 388
32 136
112 378
95 313
283 368
296 338
77 200
49 332
157 306
91 382
16 111
82 340
136 386
150 355
56 347
108 370
180 333
108 346
33 226
244 267
45 212
145 369
248 282
18 212
205 350
73 253
160 390
378 395
83 241
174 295
61 340
137 343
210 387
186 191
90 211
53 214
44 326
79 190
201 224
70 389
109 159
300 313
239 304
144 160
396 402
162 341
83 343
22 230
17 371
217 238
0 282
14 93
10 174
260 277
118 393
49 189
48 362
259 393
277 279
88 243
158 270
34 231
35 178
185 275
240 318
110 296
47 261
103 184
172 225
342 392
49 184
218 373
31 149
54 183
17 280
120 243
87 271
0 129
7 114
67 259
310 379
335 355
173 386
13 48
87 340
197 294
203 218
58 87
24 48
186 227
285 317
227 295
121 331
126 371
56 93
66 332
68 358
244 328
42 181
304 349
8 135
68 307
202 293
49 246
87 100
122 136
111 401
100 387
103 389
255 315
50 253
77 260
289 334
262 305
259 263
81 389
14 380
82 362
133 392
97 186
113 290
148 290
69 400
166 328
178 224
97 173
220 363
122 292
100 391
64 143
191 210
90 272
124 292
2 19
110 294
318 379
3 196
143 314
182 355
112 118
126 360
169 335
28 127
75 195
127 181
136 319
206 277
234 355
71 365
37 117
55 78
73 204
58 209
83 264
79 169
69 297
0 364
355 387
82 237
150 367
49 162
133 353
231 396
47 135
99 326
72 350
61 264
0 152
150 263
33 107
132 271
369 374
300 386
8 122
83 185
183 299
238 396
13 19
96 126
35 373
12 211
68 391
94 115
58 136
210 351
179 333
26 279
129 212
8 165
116 152
183 185
45 122
194 244
152 393
136 378
116 385
355 376
199 292
152 226
49 341
113 303
222 329
124 204
40 52
162 230
131 281
280 321
299 393
173 375
131 147
370 395
11 84
159 303
140 232
73 80
54 326
26 182
13 170
72 244
81 351
356 375
283 385
267 339
94 364
17 403
10 370
32 201
77 263
270 345
84 326
214 231
10 39
2 302
170 171
26 74
139 271
42 272
81 348
0 368
180 393
164 344
182 295
17 374
68 102
140 326
109 394
162 254
83 361
195 335
322 325
257 276
93 397
129 282
173 371
247 250
77 373
182 275
55 351
368 391
210 376
263 344
63 156
59 143
50 320
297 377
302 373
264 271
102 394
66 212
138 282
177 235
37 151
1 177
269 304
17 334
164 345
4 358
41 164
50 135
88 240
47 154
92 109
9 227
200 230
107 274
27 265
317 347
183 227
282 293
146 291
7 104
295 371
35 272
289 300
63 237
122 332
161 264
191 401
221 402
97 309
81 106
73 389
10 155
290 315
44 47
25 194
206 237
236 385
85 243
17 84
76 290
165 309
13 402
189 314
181 198
6 349
36 190
58 247
3 85
17 402
56 185
289 328
68 76
99 136
23 185
156 307
213 369
195 248
54 77
49 106
161 291
26 56
217 265
28 170
135 153
245 251
250 287
145 384
36 67
237 389
130 304
82 377
274 353
43 305
129 172
91 166
80 227
88 106
108 180
119 136
57 237
144 176
196 341
75 309
40 67
96 261
55 355
178 274
7 143
307 347
133 326
162 391
228 290
306 334
166 365
50 243
21 359
170 326
217 222
170 297
169 305
184 225
339 346
172 369
72 222
77 396
81 347
141 229
41 359
92 121
86 186
47 325
32 41
89 225
6 199
131 264
338 369
16 49
264 354
119 206
58 120
198 356
301 321
108 286
53 57
25 301
55 33
45 46
12 26
9 19
0 22
23 51
6 42
19 44
22 42
18 53
0 4
19 20
10 50
35 48
17 19
15 27
3 8
9 36
38 44
6 27
6 21
15 46
4 19
3 40
26 38
4 44
17 21
13 29
8 40
16 42
19 34
20 22
3 44
11 43
57 9
38 47
8 46
5 49
38 52
41 52
12 47
19 47
24 50
27 34
233 77
120 198
5 99
117 222
77 89
54 120
26 219
132 208
111 202
6 54
43 230
50 54
49 61
58 80
140 170
149 195
76 223
90 149
126 197
77 135
59 193
116 156
2 216
71 150
121 149
9 70
45 152
83 143
63 152
70 99
8 61
2 228
166 190
161 232
90 129
1 59
186 197
85 210
172 202
54 170
2 223
101 106
77 193
39 190
146 201
16 138
66 217
34 121
193 224
183 219
126 138
49 124
100 172
108 231
37 187
7 126
35 157
87 168
17 58
146 173
73 82
95 126
128 137
48 58
178 200
0 34
12 134
55 196
208 211
17 101
80 148
58 121
72 125
191 204
189 217
83 92
29 168
17 207
413 493
38 68
130 263
146 223
150 355
369 383
135 301
169 309
67 182
256 307
153 408
43 314
106 332
112 338
81 170
171 333
109 282
10 52
263 389
26 407
56 256
16 185
27 329
299 335
7 242
31 38
37 268
173 338
286 407
76 398
114 155
154 332
137 140
3 87
246 260
143 356
131 252
49 355
255 384
117 323
377 401
140 318
163 288
103 290
39 268
113 187
34 215
64 302
248 264
183 374
331 409
97 212
24 117
132 389
231 301
45 263
48 124
259 350
277 349
199 376
138 276
183 316
9 121
93 232
47 136
74 254
14 365
199 397
189 212
58 351
39 265
260 405
36 313
204 306
24 205
117 308
235 399
85 206
297 377
1 29
143 235
99 199
6 395
358 405
94 310
98 269
233 382
200 212
216 404
77 114
34 348
98 391
25 36
177 242
1 281
23 372
57 228
175 399
127 280
62 276
190 271
204 230
281 294
297 350
28 388
123 398
158 195
21 137
251 262
25 85
105 289
9 179
83 302
230 393
383 397
70 361
54 230
356 388
1 6
262 297
237 350
297 406
49 280
261 301
8 83
147 346
83 250
133 353
82 86
219 270
135 276
208 344
71 238
238 250
10 131
155 386
24 156
85 259
334 402
7 142
11 176
237 270
19 139
55 117
257 279
52 75
368 389
25 29
106 365
100 232
14 220
106 269
88 240
19 189
254 412
25 213
200 374
82 92
106 239
92 403
182 291
23 399
181 346
149 184
31 55
16 174
230 300
397 408
326 379
12 43
9 311
146 378
8 99
208 290
45 383
165 356
15 339
179 369
161 174
146 343
37 304
139 258
2 348
42 184
302 366
43 166
18 165
295 365
9 35
353 380
0 345
8 389
117 226
98 205
2 377
192 327
108 224
84 181
94 134
311 316
68 379
118 137
134 148
18 358
167 186
53 227
202 226
178 407
290 392
295 373
135 257
176 341
188 241
179 256
5 39
179 381
112 193
43 344
97 332
29 372
25 387
151 365
255 308
49 268
294 352
78 147
163 388
77 202
49 325
122 395
108 182
127 238
74 373
105 138
0 185
78 386
221 394
114 159
122 131
82 297
152 186
48 327
162 240
367 379
133 374
250 402
94 217
58 161
112 303
142 178
398 408
3 96
72 245
12 126
68 404
239 243
285 299
71 250
360 381
3 28
138 281
32 265
372 376
124 366
5 163
53 401
194 277
41 277
79 114
169 354
4 185
168 225
247 285
54 375
77 277
225 346
3 354
44 293
279 396
92 278
130 314
31 141
210 391
69 147
329 330
66 135
120 262
166 242
69 293
135 392
132 229
11 202
268 289
55 179
93 243
66 236
214 354
361 388
131 247
400 410
68 134
144 163
70 398
253 351
280 312
22 336
249 306
365 373
23 34
85 181
205 312
102 275
250 398
14 52
111 202
186 227
196 277
5 303
118 122
77 386
194 201
124 252
186 248
269 276
152 323
41 231
399 400
174 220
278 291
336 367
163 344
12 306
235 334
275 374
84 388
355 386
182 406
29 277
65 127
139 362
205 346
294 401
39 122
222 296
304 312
63 83
302 367
100 344
310 358
79 191
89 185
187 252
193 271
133 267
65 187
102 193
61 216
58 275
288 403
226 280
281 396
74 392
225 261
58 72
92 379
120 199
297 320
33 307
99 241
37 62
285 349
28 168
194 345
290 405
35 119
94 385
69 307
232 384
44 278
176 237
236 326
35 275
294 356
70 177
24 49
9 238
54 245
228 393
207 359
57 235
199 386
77 286
63 407
45 329
28 309
189 350
9 210
120 261
117 232
195 243
320 335
78 276
26 47
77 126
68 230
399 403
38 176
104 271
88 269
169 172
6 91
9 221
61 114
53 215
205 251
374 407
34 56
220 343
272 313
255 345
11 287
207 255
75 193
223 358
124 333
61 401
15 297
63 165
74 218
42 114
22 45
172 336
157 216
68 252
188 324
39 65
10 271
131 360
87 410
58 74
168 239
28 159
133 231
203 261
8 356
31 335
106 325
23 43
97 296
247 366
277 380
152 190
263 345
108 235
2 169
77 411
145 232
151 312
62 178
32 140
38 73
88 314
8 29
8 289
238 266
38 324
230 321
177 327
309 370
2 20
115 376
260 393
156 282
58 68
228 398
89 115
140 266
106 244
80 173
364 371
317 379
210 213
189 234
293 398
204 356
173 184
89 382
284 371
63 157
8 80
105 352
146 313
64 390
53 217
425 136
29 290
201 231
46 387
50 280
366 388
89 288
314 420
55 218
336 375
67 81
143 267
69 396
175 371
70 355
44 417
34 302
271 337
157 391
205 252
208 242
123 182
176 201
282 285
98 410
180 316
133 219
156 292
165 348
107 229
1 3
209 382
105 268
54 246
328 331
222 351
101 172
339 360
258 304
215 254
97 412
214 298
134 158
224 308
82 218
11 166
156 348
68 327
334 387
7 339
95 171
205 307
30 179
209 217
77 325
70 175
41 318
226 336
189 403
305 308
239 296
404 407
35 79
141 328
263 363
142 407
85 407
161 282
126 384
51 228
246 381
0 94
87 327
218 252
75 250
225 239
201 245
126 394
34 172
89 136
185 193
237 358
58 369
364 413
9 264
166 348
276 414
155 314
155 424
194 245
267 352
170 415
224 316
272 391
80 109
185 203
7 404
155 356
152 369
83 125
189 357
151 231
202 244
77 129
57 259
73 80
76 270
231 234
243 405
162 256
3 234
220 253
51 344
185 208
122 210
212 331
293 333
33 293
68 85
66 98
5 203
190 253
138 354
42 280
23 29
326 372
254 256
81 384
302 401
92 316
95 335
78 283
350 366
300 399
107 275
168 289
197 278
87 1
45 74
69 94
27 57
1 67
15 51
22 26
28 39
44 53
2 21
25 49
27 31
0 47
6 59
48 58
6 66
57 68
28 44
13 56
6 36
22 35
12 56
5 35
1 9
49 50
0 42
45 55
20 47
7 41
34 60
3 23
30 31
20 51
2 5
36 67
14 53
40 62
2 43
6 13
12 65
45 50
49 55
3 57
7 50
22 42
46 55
13 17
23 39
34 38
41 59
9 50
30 37
43 52
28 43
45 52
30 63
29 67
1 41
15 31
15 45
22 66
9 34
8 17
20 64
11 36
4 67
14 57
17 19
65 66
32 51
52 53
9 58
1 13
13 43
15 17
21 44
28 51
50 53
9 25
16 31
0 38
13 58
4 21
3 9
16 30
6 68
26 63
11 23
16 53
38 50
5 36
24 53
6 52
3 40
23 34
23 62
7 11
108 128
32 48
5 39
11 104
26 28
21 54
48 99
6 93
9 38
21 23
25 70
37 56
83 92
35 42
33 38
28 53
6 63
56 61
37 53
1 67
73 100
65 100
16 53
78 86
37 105
94 96
81 98
43 64
56 107
12 44
51 90
22 25
19 45
45 78
22 84
5 23
71 97
21 70
17 20
12 36
81 106
15 41
7 56
10 17
3 72
65 105
53 78
71 85
20 102
63 86
54 67
81 88
37 83
35 55
36 87
60 77
40 73
64 107
37 80
2 36
1 2
18 75
17 57
95 100
39 102
11 101
79 89
27 39
4 63
16 67
13 80
0 6
6 82
2 35
57 63
3 55
38 67
21 66
8 98
46 66
39 69
16 40
27 41
21 41
7 35
17 49
25 30
27 52
19 78
66 100
55 61
29 65
24 30
14 84
9 10
17 103
40 67
25 41
27 93
29 57
23 98
57 98
5 101
31 93
15 104
29 53
10 98
42 69
19 36
96 103
4 61
21 26
14 107
65 93
64 102
17 27
5 97
65 76
61 78
59 62
86 87
1 21
0 89
17 82
43 95
90 96
82 93
3 77
37 40
169 7
83 102
11 63
92 98
71 72
26 70
116 127
100 159
