10
787 448
450 683
47 682
291 402
564 753
13 424
39 292
520 636
541 752
170 663
319 568
224 727
671 686
169 254
301 595
357 495
66 351
168 721
375 634
471 767
526 680
430 538
553 570
36 772
35 544
59 498
271 498
15 162
354 519
197 785
538 551
305 512
11 367
395 472
349 564
236 339
37 451
82 163
124 400
496 619
39 134
237 561
47 563
51 575
11 298
62 670
92 624
47 747
207 756
36 218
203 576
1 501
101 196
28 409
375 628
280 700
300 322
13 604
312 642
458 639
157 200
80 542
192 375
39 112
215 779
42 783
652 688
177 746
621 670
129 174
585 637
140 278
67 393
308 331
276 332
101 781
394 686
244 579
459 664
175 529
315 738
302 747
541 774
202 746
82 431
320 382
170 376
288 700
638 655
195 663
387 436
70 630
40 433
319 694
429 584
394 634
314 366
226 734
668 684
483 593
704 725
87 616
456 463
592 609
12 546
137 667
66 177
601 674
130 233
324 738
129 473
28 449
96 530
470 630
398 738
491 570
24 567
441 518
81 379
322 541
405 553
393 633
31 524
113 614
240 767
136 769
607 612
12 248
178 566
439 445
110 515
147 263
284 739
545 709
270 696
560 712
179 766
192 596
59 623
408 523
106 555
331 775
154 589
0 192
768 783
85 694
431 552
9 734
138 208
593 661
177 436
463 668
344 700
421 730
333 523
355 459
5 504
26 271
157 709
72 780
84 272
26 689
92 759
460 543
51 180
81 428
258 749
477 518
12 183
397 468
523 692
37 216
325 356
150 700
100 224
355 506
223 598
151 286
131 279
281 726
191 538
0 51
391 489
265 424
442 500
102 434
400 707
42 740
240 286
381 630
118 369
79 176
536 693
353 725
48 173
214 371
115 251
140 151
193 650
24 226
238 331
78 756
133 430
343 736
301 543
358 423
182 518
51 231
518 563
216 496
7 444
50 153
141 301
664 735
539 733
314 626
671 761
321 683
406 774
542 739
272 491
299 661
360 419
100 257
545 717
98 675
134 765
362 785
417 713
9 166
656 715
11 199
377 456
264 732
205 313
377 521
421 523
85 711
27 612
434 472
685 697
643 719
255 346
520 663
336 407
317 398
214 221
333 632
321 396
112 251
180 410
197 565
100 725
286 574
104 376
21 470
134 282
171 637
484 669
447 508
601 664
587 765
456 629
11 390
226 363
379 529
504 518
108 457
38 753
30 290
256 267
208 569
114 566
119 249
64 266
364 639
246 576
26 95
56 698
146 305
221 629
104 277
576 691
602 669
522 781
215 620
474 755
538 672
61 681
78 201
256 676
65 545
7 33
53 161
251 370
453 570
204 751
227 784
776 784
353 653
482 597
405 786
110 150
365 758
179 359
414 630
354 687
54 668
203 230
600 771
120 520
112 618
291 717
429 533
176 580
445 624
294 506
489 736
206 296
342 703
327 762
500 547
24 761
433 777
169 316
39 742
14 779
606 656
197 673
78 194
75 464
176 256
153 365
546 608
51 725
302 358
20 388
237 397
63 385
317 740
286 632
76 683
494 647
458 557
301 575
547 612
357 447
138 738
218 434
43 744
623 678
112 385
17 46
220 477
736 782
107 486
230 578
286 433
215 504
532 671
29 426
115 733
409 637
772 778
214 398
14 712
69 507
268 628
103 718
403 470
113 213
199 715
168 737
217 629
228 503
303 372
274 423
377 673
27 152
420 680
231 367
128 420
56 685
46 381
251 458
367 746
66 149
386 587
593 701
257 546
565 581
248 364
152 632
487 709
317 595
643 742
137 384
401 462
444 567
391 522
183 484
62 116
239 290
77 654
156 420
353 534
297 365
79 149
241 543
149 215
32 676
248 269
124 608
18 468
24 694
54 81
9 58
421 732
71 421
558 611
108 384
263 562
151 325
124 244
59 618
482 527
85 782
335 672
455 512
452 642
267 274
11 498
36 172
534 781
2 316
335 408
248 780
54 76
154 506
77 592
227 313
478 613
10 274
550 649
426 696
358 713
351 670
293 525
38 425
34 39
22 24
19 20
21 22
10 14
1 6
18 23
4 12
25 29
14 20
10 11
23 33
16 20
8 33
0 20
0 31
4 27
6 12
10 31
8 13
24 32
0 23
0 11
5 26
6 13
3 22
20 23
0 28
3 7
9 27
20 32
6 31
12 33
6 26
17 28
5 14
0 1
12 23
7 16
17 20
222 116
54 146
12 40
105 120
43 221
107 173
5 17
14 55
63 75
49 170
10 205
0 133
30 139
51 85
34 184
178 192
90 105
107 187
34 179
81 100
49 210
106 134
104 174
40 80
103 116
80 127
54 123
30 87
151 157
75 106
12 28
100 156
94 217
108 190
106 109
81 168
78 133
64 129
31 98
56 150
60 212
156 194
6 126
31 64
115 143
152 158
36 209
19 26
67 81
129 152
46 82
95 133
8 156
52 154
86 210
38 130
0 21
4 202
15 144
187 218
118 120
40 95
116 194
45 219
167 217
117 151
125 152
20 100
168 221
12 100
110 209
22 190
129 172
177 216
38 138
34 199
6 219
140 177
94 105
0 71
71 210
195 214
159 182
30 211
166 199
21 133
57 217
14 160
1 138
170 173
67 165
90 216
47 148
53 209
40 107
36 84
41 85
125 153
36 217
75 198
141 142
44 156
27 165
4 15
142 180
61 202
25 179
120 188
86 195
163 196
107 126
125 179
147 150
16 57
50 68
9 167
41 122
112 154
51 104
5 95
0 28
32 106
76 85
28 37
18 107
18 74
23 51
16 86
69 95
12 59
0 59
55 72
54 101
12 51
9 15
26 107
80 90
80 84
47 83
65 101
15 35
53 71
0 85
28 102
9 61
48 105
36 91
40 79
51 66
33 111
54 60
13 16
30 99
107 109
51 106
46 87
62 109
2 9
21 31
25 92
64 93
62 82
2 88
49 63
5 41
6 32
18 67
88 93
28 49
2 58
64 78
58 64
95 101
68 103
18 51
68 106
0 103
5 52
32 39
14 98
26 82
10 69
8 64
61 108
33 51
25 73
10 93
34 109
22 33
54 78
8 67
52 100
15 67
6 10
23 103
31 72
31 34
54 109
4 18
78 106
69 99
24 88
24 87
33 69
19 76
24 90
32 50
11 25
27 56
25 87
38 69
3 8
23 79
19 40
49 90
17 45
47 101
72 88
6 11
66 108
11 43
9 98
6 103
0 55
23 93
4 15
17 23
67 103
65 69
25 26
9 109
66 90
7 92
6 36
39 85
56 97
34 63
4 59
22 100
9 22
47 106
10 100
4 95
14 74
22 56
37 102
87 104
72 74
36 54
82 105
13 43
13 56
23 70
10 89
29 66
50 72
14 71
97 101
61 78
21 111
2 102
85 99
10 48
75 108
26 104
7 66
90 104
37 105
29 82
15 103
92 108
16 47
55 42
14 50
13 39
31 43
28 40
1 49
45 50
22 39
41 42
22 50
11 28
1 2
12 33
12 19
7 28
2 21
22 51
5 28
22 48
1 14
3 24
17 25
17 44
14 30
16 21
5 14
18 36
0 35
6 11
15 40
6 51
20 22
18 38
33 36
8 38
6 7
25 50
4 49
10 52
23 24
22 36
3 4
17 51
613 734
59 85
455 456
319 375
512 561
112 472
122 581
184 287
84 588
253 411
362 576
34 214
121 491
222 581
4 349
97 116
245 334
20 26
111 126
35 290
255 473
402 538
195 608
58 347
150 266
145 372
2 206
269 319
108 437
488 491
313 462
3 508
286 445
259 310
43 486
18 447
36 83
1 430
393 504
441 477
495 542
12 273
19 400
206 540
19 267
55 329
288 416
295 518
566 592
388 439
182 443
101 378
339 600
278 547
266 420
58 469
135 403
123 168
214 611
453 509
501 517
69 144
222 248
0 159
317 591
228 505
42 110
73 520
30 544
78 398
284 531
157 358
160 556
118 320
150 340
47 589
424 567
324 423
49 414
57 320
34 43
51 98
154 556
48 202
159 303
23 202
98 182
167 384
184 478
569 579
348 493
61 345
56 376
89 325
153 176
414 527
298 300
110 111
429 536
102 505
201 567
243 523
105 385
20 59
368 547
310 606
274 577
389 607
470 506
34 242
109 400
73 439
157 419
213 273
295 371
28 75
378 500
255 583
271 424
33 515
301 360
76 310
311 508
107 452
204 374
181 601
169 596
245 287
96 496
42 341
157 492
172 531
105 594
503 586
239 401
269 541
49 556
20 332
68 575
264 289
16 575
143 309
400 512
190 350
208 350
166 514
315 444
71 365
115 514
146 202
402 455
154 569
455 551
174 278
56 361
61 269
0 214
449 482
175 461
47 287
64 390
206 494
285 587
137 440
315 450
230 604
123 261
367 582
470 581
257 578
344 507
213 248
432 571
87 338
420 486
25 279
150 425
191 536
232 484
23 290
39 224
89 386
162 579
348 465
438 539
442 503
289 608
61 121
244 300
88 131
252 322
63 452
322 340
130 359
150 223
186 561
209 574
333 560
117 221
562 595
36 524
279 550
56 383
187 546
29 176
69 495
47 607
95 588
104 604
433 522
410 535
43 362
125 392
66 603
360 491
286 416
182 259
110 408
416 574
19 575
126 422
171 550
118 150
57 268
376 556
185 539
19 280
83 517
250 514
53 235
49 279
253 545
218 518
227 373
29 36
32 323
181 507
173 298
133 287
10 201
72 123
381 450
216 575
5 194
50 365
159 584
391 554
358 600
83 533
77 407
144 354
61 117
2 267
242 593
359 561
17 428
223 355
111 316
186 362
224 225
102 440
178 188
573 605
228 576
458 550
181 564
95 182
161 488
510 602
280 320
159 591
392 431
93 130
97 341
38 526
28 255
107 590
196 326
333 416
55 477
96 198
147 226
14 492
109 584
338 468
16 269
362 593
230 419
219 284
245 525
66 428
203 276
154 585
49 579
222 299
284 420
170 258
310 513
105 585
188 421
79 559
358 430
121 315
291 418
279 529
28 85
147 386
112 568
91 318
44 514
17 131
139 331
336 535
6 19
132 224
202 518
119 487
244 314
201 275
58 205
16 408
359 447
115 374
368 610
33 366
130 514
193 228
172 407
75 584
564 588
127 212
199 527
231 550
400 567
42 343
276 435
200 275
51 180
27 600
270 316
246 304
73 225
133 157
64 224
200 209
131 276
351 475
22 463
428 444
243 418
94 551
324 612
76 252
2 176
314 516
4 325
443 559
31 324
4 426
68 207
183 200
371 486
214 286
534 554
320 338
152 441
78 150
163 406
198 373
119 162
498 532
77 267
411 549
269 517
157 513
131 418
132 524
38 315
144 196
338 457
492 516
236 337
483 486
307 494
26 315
197 325
63 424
111 552
470 545
90 526
112 378
160 427
142 225
129 355
451 517
189 362
159 530
258 323
399 594
135 485
87 159
202 246
30 112
288 296
227 499
428 438
394 576
67 302
44 291
194 395
88 599
124 531
140 542
311 490
3 216
114 206
145 436
41 71
21 275
122 224
482 529
75 432
87 123
87 494
96 511
108 607
179 549
454 553
45 470
459 596
377 464
233 474
252 504
143 337
344 358
332 378
151 217
169 566
524 580
45 481
33 334
301 411
132 239
441 545
437 469
7 327
278 331
133 430
131 446
106 432
174 229
93 549
234 245
190 442
415 465
25 331
75 279
241 521
148 176
392 421
18 200
296 535
181 271
51 515
85 212
374 422
193 340
374 600
486 545
126 599
202 576
137 198
86 299
346 611
562 606
33 542
440 488
479 492
306 500
273 481
104 300
192 513
456 529
74 204
168 208
430 576
83 227
98 227
9 398
157 297
337 603
285 332
511 549
194 311
194 229
278 563
3 132
100 214
67 458
229 295
404 567
194 227
0 290
419 548
2 460
125 361
138 378
463 486
50 310
91 286
203 377
277 520
73 126
63 232
30 147
13 442
491 537
304 347
151 473
359 423
194 448
70 509
472 560
292 529
452 560
272 501
310 424
300 515
334 469
130 405
366 421
178 239
140 357
124 596
94 388
86 540
410 548
199 536
333 334
152 245
426 549
175 338
584 603
229 429
260 514
92 350
239 503
95 266
100 530
1 334
194 277
335 354
47 344
111 493
389 392
272 390
305 594
219 410
390 441
359 599
83 593
485 563
222 562
466 542
317 323
134 437
175 363
209 400
212 416
4 567
27 60
176 192
100 164
475 603
167 239
99 104
230 410
96 170
124 603
488 592
422 520
125 458
113 605
13 355
10 200
133 212
502 573
5 268
64 365
288 513
190 568
554 602
74 511
100 503
30 296
481 497
0 134
254 460
125 248
412 484
272 312
51 342
270 330
245 438
407 487
173 490
30 257
196 519
75 435
395 582
3 157
230 461
313 396
400 466
59 94
183 492
138 212
33 399
77 603
226 388
275 412
268 507
341 502
261 592
334 399
119 294
50 317
295 310
224 431
103 334
187 200
75 526
470 564
451 558
113 411
218 538
6 491
161 505
346 355
145 282
166 434
189 522
146 253
333 337
368 452
125 236
103 572
575 607
14 454
9 430
145 569
60 234
509 598
83 423
112 366
84 450
140 458
505 594
282 326
127 347
519 544
41 66
170 476
438 520
135 561
182 596
347 475
35 471
366 407
216 412
70 234
86 229
283 525
99 474
102 262
278 548
93 356
424 557
330 361
33 261
2 551
311 536
78 455
316 600
135 322
115 488
269 459
393 598
108 356
163 531
151 388
143 567
424 552
24 143
60 507
16 536
62 357
96 272
6 390
197 273
424 486
27 164
35 79
216 416
58 439
217 576
415 452
420 580
105 217
3 51
380 398
50 477
189 588
146 515
271 594
369 536
306 438
37 221
182 540
68 423
138 143
24 232
115 401
157 609
9 224
60 148
38 321
119 141
41 540
131 420
171 396
230 305
101 592
268 390
292 600
534 268
248 446
15 408
205 373
187 282
279 322
286 311
152 376
80 449
107 288
252 479
104 148
432 507
442 531
50 153
50 454
214 327
24 181
136 150
76 185
40 420
107 202
94 523
451 477
374 491
85 290
275 278
222 272
261 263
345 420
104 204
88 141
268 281
348 519
79 205
133 262
164 512
184 396
147 367
52 226
195 361
22 234
69 198
292 342
91 336
345 475
99 474
3 100
333 479
12 127
106 123
15 38
71 203
353 481
24 218
194 524
249 475
150 383
84 139
202 268
87 128
227 479
333 515
26 246
118 531
21 415
13 119
384 412
364 413
150 520
99 479
90 509
5 69
14 477
350 503
71 505
108 283
429 439
37 146
243 335
87 313
335 347
151 499
53 140
54 375
194 199
273 429
466 484
12 178
222 514
9 196
81 356
174 441
33 423
205 346
175 209
0 279
69 251
44 432
103 305
422 452
147 182
293 388
31 38
370 389
40 463
162 411
51 239
129 355
158 527
415 516
23 85
329 473
459 514
55 346
49 115
184 299
248 270
11 377
35 441
152 252
201 511
129 476
152 161
151 277
204 260
235 525
296 316
111 130
325 449
198 288
238 437
2 149
190 386
59 72
3 467
133 145
37 526
256 431
91 479
138 483
210 449
112 158
101 381
246 500
31 397
333 453
80 185
8 40
63 81
322 456
362 471
314 532
485 512
163 512
194 400
183 217
398 409
103 493
92 430
275 389
173 521
38 369
131 243
253 283
288 418
465 488
212 291
174 347
343 417
344 381
41 523
284 410
333 449
308 470
45 252
135 312
204 503
286 404
261 386
60 404
292 331
68 91
256 351
283 470
235 236
195 332
239 499
2 455
370 457
316 496
8 312
14 192
52 372
400 467
235 474
1 295
16 146
136 276
192 461
310 340
3 48
142 306
61 264
351 471
52 189
282 420
204 488
363 416
15 122
148 341
4 257
60 142
401 409
170 477
34 131
408 496
7 171
221 428
140 247
233 289
105 453
129 449
157 313
174 199
395 409
425 445
56 109
372 397
79 348
286 405
65 117
243 253
90 374
170 355
213 443
233 523
12 321
63 474
285 302
115 283
413 458
144 446
133 343
302 471
80 525
51 215
54 103
182 480
287 418
156 399
59 277
298 331
87 425
276 277
349 501
347 496
179 192
411 483
159 199
52 136
373 391
54 87
520 526
58 220
150 443
36 184
53 195
127 465
488 160
81 465
73 92
320 412
203 362
366 465
335 423
274 368
237 479
193 200
171 411
29 308
89 466
324 384
48 361
59 426
227 428
367 478
167 363
288 355
441 458
218 349
284 425
232 405
188 440
157 202
150 233
276 437
390 422
149 443
294 358
303 486
55 140
102 207
125 242
225 327
128 161
69 390
69 428
105 201
252 322
109 301
103 161
284 406
8 263
266 280
85 180
304 397
354 428
84 219
20 88
91 280
8 114
192 304
143 399
79 176
389 426
159 291
37 112
257 288
137 184
302 313
39 478
183 324
8 364
24 164
60 77
238 247
456 464
359 472
8 405
72 356
14 436
297 443
66 254
182 341
12 267
123 260
230 248
61 77
105 429
317 474
136 306
71 221
299 446
108 168
398 470
113 156
159 186
103 301
166 456
59 417
338 397
81 346
95 144
67 397
92 403
225 247
364 480
261 354
148 330
18 162
124 332
118 168
214 421
112 344
67 421
400 478
147 340
99 459
233 417
434 484
298 350
366 376
179 352
176 483
350 396
210 296
52 160
297 352
180 266
164 257
249 403
185 486
51 229
76 478
206 469
130 365
368 434
71 401
198 245
227 287
337 349
48 172
68 236
2 71
24 193
1 481
369 433
244 395
86 229
66 163
236 456
223 272
68 266
197 223
314 407
201 232
240 470
148 287
82 139
103 442
186 459
50 121
99 341
32 272
169 272
159 227
160 180
134 255
111 278
17 15
4 15
1 3
0 5
2 4
6 14
7 13
11 14
9 13
4 7
3 10
2 15
8 13
8 10
1 2
2 13
429 407
61 380
80 161
69 414
345 349
153 179
199 260
311 417
182 272
284 379
229 390
28 420
131 324
188 260
39 183
1 260
267 315
186 248
154 348
134 298
55 80
270 397
252 416
147 358
176 278
80 283
1 193
42 205
51 391
161 242
214 360
100 419
38 138
168 283
291 305
49 181
113 245
165 192
392 405
365 375
198 202
155 420
279 394
1 167
270 369
29 375
307 369
197 268
77 237
3 181
355 409
321 421
98 336
182 206
217 348
117 268
54 165
129 398
49 415
110 314
131 162
69 194
120 237
40 45
176 415
349 428
45 82
232 333
325 345
90 374
66 217
63 94
21 271
246 400
254 287
74 84
192 197
65 179
55 146
112 159
79 388
295 341
145 340
34 107
349 409
325 370
125 267
342 425
251 359
41 264
382 408
163 388
7 323
95 420
211 386
334 384
37 352
1 19
76 390
304 399
67 123
117 424
56 251
168 376
232 413
148 372
337 421
59 360
218 341
151 346
236 297
79 308
21 351
310 327
259 291
173 271
169 191
152 347
77 218
10 371
82 351
22 89
258 402
140 316
45 46
9 347
38 66
346 377
48 300
98 357
97 324
2 330
226 291
49 165
130 272
290 427
219 367
227 290
132 337
96 264
289 315
42 336
141 160
121 407
124 283
65 121
317 386
121 157
341 372
112 356
223 245
318 335
165 341
228 322
124 199
11 329
208 328
215 247
205 209
11 342
60 386
65 371
278 405
88 274
10 148
256 317
94 223
44 379
32 92
42 219
142 381
254 416
4 380
25 248
166 251
76 367
16 339
263 380
249 265
171 215
341 375
356 363
270 298
18 217
53 143
324 401
186 362
226 365
310 423
44 229
38 391
284 369
88 207
183 276
56 64
19 169
41 45
25 168
115 285
169 198
6 339
156 333
228 229
30 392
56 144
40 297
146 148
365 383
152 352
6 325
114 290
142 157
305 318
32 80
46 281
208 338
213 325
182 300
39 124
66 189
35 222
30 196
154 428
147 350
71 180
31 340
137 298
63 122
118 261
21 337
14 70
42 285
165 242
150 352
19 248
221 327
75 323
289 340
60 83
345 374
91 146
240 333
225 412
8 278
228 255
128 259
109 352
318 322
161 323
25 382
49 95
366 386
56 244
72 242
171 367
69 358
91 301
333 338
102 165
137 393
247 302
2 356
132 147
288 321
148 305
307 367
293 304
135 394
330 389
54 74
208 359
224 361
9 191
173 372
145 408
46 197
65 396
53 316
194 294
177 253
205 341
146 280
43 423
200 217
157 334
44 118
17 422
70 315
190 416
299 324
314 324
70 193
275 415
57 263
148 319
87 90
207 232
78 198
91 402
100 208
65 335
150 296
268 300
22 417
72 314
85 324
208 244
220 325
2 119
133 189
106 285
185 400
72 423
329 333
212 232
129 392
59 182
394 420
63 228
84 256
51 298
181 275
46 333
59 140
7 394
88 410
109 391
123 138
318 372
242 412
304 338
71 259
76 304
53 195
113 256
154 279
0 276
274 298
22 205
180 232
30 368
350 377
184 247
140 390
227 293
63 136
33 377
35 395
404 409
73 101
291 423
199 215
3 20
125 423
115 332
273 313
116 400
2 154
39 145
15 152
119 374
123 358
332 366
21 401
54 414
99 290
299 302
116 349
134 234
20 426
87 219
105 144
20 215
157 197
338 406
223 268
51 416
113 230
42 72
23 95
33 351
141 179
168 343
368 382
120 171
161 387
336 414
97 226
65 403
111 259
276 409
100 291
155 401
220 271
4 245
151 370
189 331
153 176
229 245
144 160
44 387
109 339
35 428
2 376
131 347
12 210
392 421
8 137
