50 50
1 507 405 202 500 193 518 671 144 944 868 582 771 443 150 692 55 793 504 227 827 174 887 247 475 398 849 665 887 967 311 508 387 331 940 160 465 864 653 488 77 979 546 598 346 369 380 182 504 222
138 859 866 618 575 860 395 145 527 558 270 721 878 480 71 523 579 385 51 929 61 743 281 416 841 876 748 488 941 650 0 854 21 455 716 134 674 447 288 675 849 604 995 135 582 33 425 728 439 215
539 650 817 325 440 786 518 458 284 645 657 927 447 453 968 593 147 945 850 590 469 302 522 945 140 188 451 42 343 261 81 681 771 898 136 457 434 689 487 323 845 447 18 853 454 958 328 863 382 879
352 23 607 233 728 377 539 579 384 432 465 809 50 832 526 287 778 745 431 197 913 521 991 846 485 836 896 490 300 768 512 293 374 732 943 26 164 898 309 760 216 346 341 862 613 193 844 164 456 847
723 998 978 69 971 346 27 902 217 708 152 371 653 468 424 996 83 911 987 800 923 397 156 233 870 649 29 843 636 943 798 205 379 667 30 982 340 331 861 985 606 568 485 632 176 438 927 187 444 100
72 769 565 640 148 203 898 730 515 666 496 534 224 146 708 701 825 366 752 14 631 119 419 150 634 630 346 276 205 322 787 199 712 180 945 712 920 90 144 536 472 78 899 952 661 686 713 886 522 823
983 357 7 440 346 986 987 386 447 109 544 20 917 653 342 501 91 126 10 633 179 370 428 236 526 539 372 40 530 347 764 872 252 121 465 189 146 731 745 213 243 921 637 110 581 890 141 298 397 421
565 922 522 580 904 293 337 783 221 217 135 706 468 289 356 992 473 936 284 927 654 692 545 37 887 292 106 538 981 99 490 318 823 181 239 498 695 69 965 545 229 240 896 394 90 769 904 776 213 417
696 476 184 837 226 503 26 780 100 85 459 961 428 472 852 173 932 46 819 909 638 95 923 239 158 411 762 821 594 610 530 903 597 647 249 289 997 642 356 151 274 728 149 305 375 698 304 226 385 672
311 318 257 120 669 645 118 749 790 908 186 115 836 586 880 963 208 957 681 374 726 865 573 217 844 280 320 923 763 55 406 214 630 185 970 489 192 843 780 746 139 656 221 947 499 674 440 37 697 259
206 985 185 119 213 589 882 101 363 30 481 296 339 802 927 827 536 44 898 912 993 257 152 531 600 765 880 853 933 934 807 855 436 976 12 416 218 66 151 209 757 111 605 24 20 485 660 363 466 751
55 361 735 246 480 29 532 736 897 91 750 785 715 371 484 856 304 665 871 800 860 879 484 883 281 192 216 703 713 887 837 112 950 306 222 858 960 872 858 368 168 288 948 299 130 982 938 71 666 585
647 330 146 59 465 571 595 886 481 218 98 127 833 512 174 585 181 975 701 141 338 552 200 989 165 62 450 545 967 601 648 114 974 211 123 159 958 934 650 27 526 727 786 665 442 760 563 596 921 198
782 7 107 583 413 893 341 851 835 530 20 437 753 11 452 980 629 679 415 856 24 92 647 623 0 688 798 395 953 186 435 133 670 626 358 338 417 122 436 346 942 500 416 408 538 843 946 664 277 938
826 772 491 912 440 591 765 409 659 881 111 738 174 255 675 669 617 675 225 271 517 655 791 165 856 83 751 223 423 933 351 853 655 347 185 953 272 181 549 338 910 129 92 363 52 582 942 376 889 670
176 719 679 216 297 767 466 475 257 276 926 361 815 62 817 211 7 752 459 778 334 110 292 106 530 993 474 739 643 931 342 69 129 103 770 395 446 611 379 572 558 626 17 422 560 187 742 134 570 156
859 350 617 489 99 656 228 712 226 544 479 470 788 187 768 24 100 708 300 838 414 638 938 620 89 762 45 590 114 224 286 918 679 415 995 500 230 530 400 824 704 385 45 603 301 92 310 142 851 809
839 560 830 451 828 319 236 831 551 408 279 808 906 721 562 379 116 525 178 766 260 384 189 326 247 464 879 934 134 543 275 706 994 235 930 900 481 337 738 898 809 59 578 18 350 128 302 609 73 347
132 577 994 344 502 881 323 118 639 17 569 205 651 117 552 535 803 975 70 105 273 619 711 663 264 431 493 505 484 52 904 377 123 21 668 472 873 797 74 847 996 290 352 650 971 709 775 413 496 406
240 297 381 424 360 805 594 135 195 23 596 746 782 546 634 258 369 110 951 101 616 706 967 432 451 277 31 144 296 957 615 688 200 405 908 88 256 776 416 681 8 72 713 693 632 665 711 476 250 546
398 534 522 245 433 343 861 519 579 658 215 963 386 710 901 663 692 361 619 791 751 841 488 945 345 267 385 101 970 260 617 828 632 819 126 5 965 326 781 318 816 385 442 637 249 41 381 916 236 335
174 862 135 330 459 761 927 295 672 840 200 319 705 645 550 936 610 475 19 129 762 716 331 980 518 718 605 759 724 375 118 306 604 961 906 172 604 802 981 228 915 289 232 521 163 782 212 757 49 375
57 560 656 789 213 188 5 597 314 551 234 331 435 74 562 613 19 291 63 529 236 133 56 269 416 854 485 465 216 476 908 434 321 995 551 312 109 146 673 553 427 849 65 240 594 558 839 410 313 816
53 256 364 374 426 77 505 726 612 361 90 885 12 494 179 831 170 697 154 601 767 165 996 27 562 380 328 127 544 900 987 599 531 981 845 92 222 556 164 439 631 429 39 26 250 41 682 745 485 390
287 976 529 547 93 458 144 719 502 295 200 373 394 894 242 496 140 506 411 638 744 309 398 528 601 812 859 684 220 933 300 656 832 115 39 204 294 644 576 770 133 668 443 154 420 113 436 852 171 365
439 248 262 581 566 33 703 751 70 838 481 482 167 902 628 639 416 148 12 940 954 306 88 927 169 220 219 827 838 541 901 589 28 569 166 339 332 263 579 466 114 597 962 798 840 194 330 23 669 311
977 988 888 509 750 993 613 8 699 259 975 957 790 633 249 622 276 286 50 466 808 725 846 943 25 870 392 418 918 84 788 208 824 174 452 879 33 68 334 535 538 925 623 420 325 175 454 698 920 991
195 354 126 130 660 84 357 77 25 206 953 682 810 459 802 49 637 348 481 378 252 382 778 628 586 191 104 119 451 328 986 151 181 867 80 176 386 839 814 613 329 457 583 745 946 547 166 112 902 348
900 926 488 888 25 562 491 930 960 331 126 839 986 194 57 988 888 309 983 135 300 542 122 115 962 189 620 934 583 307 294 280 637 880 88 550 415 502 20 7 369 315 819 429 562 142 224 481 527 465
294 329 127 236 935 722 7 145 772 788 472 63 414 840 573 423 9 185 359 138 710 511 827 560 109 937 618 656 310 407 963 7 248 144 810 943 831 47 490 701 664 129 925 42 79 154 22 441 719 120
39 59 464 625 734 400 246 918 32 569 467 389 929 840 998 422 203 144 231 344 359 356 875 470 688 843 911 663 461 826 533 911 125 995 308 627 418 604 983 662 711 972 100 306 714 524 462 5 750 157
74 392 743 218 52 801 252 776 87 887 941 353 838 455 986 225 953 385 965 800 204 362 972 899 492 735 206 120 874 745 548 536 87 675 236 789 189 426 411 632 703 729 735 292 505 398 387 532 21 544
61 147 746 626 922 529 80 481 605 232 981 717 977 876 667 180 550 372 644 847 744 496 693 324 116 239 58 946 18 118 148 949 498 301 476 986 135 17 633 567 703 191 5 481 684 654 197 11 600 359
956 985 925 637 823 554 95 657 883 911 216 755 171 364 120 586 29 879 252 768 53 145 133 561 658 607 291 624 949 965 61 905 439 657 261 295 879 432 688 165 39 786 272 974 756 46 375 318 48 513
588 451 188 216 601 378 638 274 209 784 920 672 780 4 750 127 438 991 405 398 279 996 95 868 680 592 214 187 120 326 93 152 265 643 735 519 500 660 474 559 5 690 194 950 362 833 44 796 267 14
191 733 840 340 790 543 411 82 659 665 192 677 872 212 623 369 400 327 147 218 448 275 298 360 379 314 155 755 788 827 450 103 368 463 151 631 928 902 396 455 887 412 222 729 500 981 593 557 415 354
760 675 288 205 697 157 118 671 92 123 872 930 796 95 538 826 681 849 882 956 21 664 238 835 949 775 842 392 335 271 995 869 291 860 1 506 442 676 565 160 721 462 900 680 983 590 356 240 958 325
184 578 324 758 93 936 60 358 748 36 473 840 826 911 131 211 166 730 727 250 575 597 682 744 496 755 155 934 770 744 448 6 533 983 668 806 208 692 752 647 995 403 77 772 70 752 230 205 119 864
36 893 161 528 315 259 330 537 252 988 947 668 670 610 441 950 187 377 312 203 337 773 640 641 851 564 500 192 492 94 495 948 632 480 484 593 404 46 598 273 390 243 9 372 945 424 904 405 353 656
265 262 515 151 144 336 888 443 895 606 699 96 25 405 377 14 779 329 851 236 92 885 199 716 12 468 468 813 440 417 924 167 538 900 31 315 647 516 603 690 557 7 18 661 951 302 340 749 109 713
509 996 306 936 807 854 474 890 783 154 745 783 296 995 40 694 329 54 356 970 931 599 934 62 523 437 288 865 493 890 467 315 474 486 109 108 79 920 786 378 583 694 126 655 814 49 283 973 951 375
980 76 498 709 894 704 768 701 468 417 445 558 252 725 841 689 948 385 691 818 837 88 861 385 241 727 961 452 504 488 593 892 26 810 365 764 688 422 187 864 697 761 608 220 721 246 40 297 582 879
804 928 246 133 504 229 839 75 299 832 306 752 280 505 44 404 567 365 40 101 661 373 81 788 338 789 390 723 121 950 244 400 922 954 77 687 745 923 848 236 193 65 819 462 70 886 785 448 869 937
746 959 135 590 876 352 77 599 961 177 577 863 268 711 451 155 659 33 55 308 238 159 548 214 416 276 366 647 119 525 487 847 5 767 480 211 77 330 863 752 987 475 789 700 804 145 835 619 402 331
531 752 855 883 806 576 758 79 764 880 376 270 983 924 988 509 583 757 779 703 201 522 867 470 454 371 194 612 182 746 911 514 579 592 547 950 624 846 988 109 955 286 726 424 786 661 449 937 182 841
265 438 398 589 431 453 987 68 94 980 921 646 954 433 383 364 913 315 291 553 492 826 768 776 898 449 345 37 480 810 260 705 656 105 664 213 744 839 427 30 713 259 637 792 784 301 883 8 850 15
902 769 240 741 678 54 379 917 961 870 336 829 195 382 493 600 84 294 602 457 289 36 105 209 173 172 424 200 770 91 591 751 676 247 181 748 695 957 412 662 260 266 895 245 800 309 180 390 562 255
690 512 732 547 159 828 933 982 22 862 176 540 262 212 980 759 251 156 534 227 375 276 803 936 26 56 412 14 221 591 710 441 249 891 970 550 853 871 779 944 251 665 511 52 298 627 421 336 173 376
555 648 506 186 994 104 88 234 820 835 170 853 988 627 138 864 430 722 399 427 964 721 826 591 708 45 172 429 755 22 459 553 536 559 795 915 356 358 447 261 997 454 78 632 746 753 81 25 194 852
771 224 921 648 143 116 799 720 686 130 636 238 272 329 922 817 203 537 596 766 104 720 569 499 245 365 568 763 526 996 731 674 511 257 889 100 469 924 986 557 28 737 562 545 282 229 305 406 891 677
