100 40
417 85 94 953 135 575 391 866 801 999 968 655 433 745 122 927 151 877 398 451 123 561 900 249 725 646 343 608 793 756 459 140 770 627 602 749 12 210 627 923
643 6 753 54 278 968 155 644 894 646 490 395 528 277 20 951 738 652 209 976 307 820 216 913 149 542 223 357 552 918 977 793 834 608 539 543 905 653 135 915
414 898 548 579 32 57 518 120 898 123 144 588 984 226 537 861 773 535 886 519 455 905 872 1 218 82 30 20 785 51 34 995 214 393 568 564 171 584 385 611
538 317 140 51 398 6 165 895 946 766 318 685 485 980 840 904 747 295 332 177 622 316 291 951 736 191 937 866 71 180 779 266 835 759 376 662 599 498 919 963
998 196 884 84 409 106 75 368 557 135 462 253 429 260 942 643 41 437 393 652 684 466 412 495 68 415 956 908 492 411 749 899 164 791 382 620 657 986 228 295
857 965 880 645 24 950 400 741 20 961 900 606 898 113 597 943 259 910 429 573 813 691 32 507 811 547 357 239 904 746 3 967 228 487 742 432 747 84 552 109
681 259 967 558 920 790 839 490 229 988 433 271 367 519 574 404 640 283 488 397 924 412 578 891 631 737 52 817 814 782 97 196 581 533 466 561 299 239 903 485
774 508 254 724 428 43 872 241 9 720 95 544 22 353 95 990 145 184 540 862 711 783 809 927 413 574 774 233 7 97 444 796 88 301 192 730 702 793 143 300
448 54 743 675 190 275 566 782 496 556 259 743 843 116 355 504 588 94 422 11 459 611 228 826 138 501 919 374 860 156 795 665 210 993 986 828 93 241 170 595
791 536 25 876 793 292 770 361 574 647 330 857 346 873 507 19 214 227 111 317 247 418 195 483 130 537 365 214 858 610 313 7 807 274 351 488 742 56 624 572
354 711 663 350 375 609 491 720 859 632 694 947 381 858 817 216 983 181 995 974 655 102 780 485 285 546 908 776 916 831 580 358 938 561 875 577 89 972 340 244
714 251 566 841 246 787 273 649 422 47 215 859 652 726 274 524 645 552 696 551 548 279 681 463 646 7 822 544 96 934 49 908 322 728 291 259 646 764 52 442
802 156 739 222 255 918 733 159 257 885 939 748 681 336 223 179 936 718 840 272 997 683 466 595 278 780 713 874 805 176 32 432 467 559 276 354 983 17 205 564
553 348 216 103 185 387 898 237 403 282 727 862 516 51 956 83 652 553 971 90 595 557 677 90 146 527 313 52 222 501 642 170 449 249 812 852 343 159 263 437
394 632 904 978 584 111 307 552 664 444 655 163 326 760 38 376 859 458 168 571 636 957 39 669 328 563 239 394 21 561 262 134 614 182 25 835 893 723 880 654
231 370 787 771 544 88 549 271 313 302 619 616 366 466 714 577 779 310 895 124 267 759 804 754 813 510 486 361 260 205 484 412 856 409 93 0 968 878 224 148
643 186 410 831 480 797 55 498 253 453 866 455 376 502 298 360 169 343 58 786 175 718 81 134 385 717 791 26 148 480 524 657 995 564 211 855 934 345 890 372
919 594 925 802 667 621 870 239 516 557 575 503 222 524 3 484 407 661 205 169 400 844 138 352 177 477 683 593 247 479 289 688 129 328 502 845 534 385 830 646
703 872 440 91 848 358 912 995 572 237 613 930 436 564 462 696 584 442 780 39 195 366 637 148 640 392 399 517 591 378 469 924 345 196 86 954 784 84 209 514
95 16 845 332 276 174 535 80 562 952 307 899 640 523 923 786 491 65 530 323 402 582 767 978 985 353 56 82 139 769 507 174 428 247 985 32 720 747 99 971
650 824 874 937 838 156 231 861 541 3 782 106 620 711 310 635 246 590 37 347 568 975 781 874 596 849 643 744 745 119 232 606 497 308 31 519 669 430 7 992
322 656 304 801 705 638 192 992 538 856 285 331 808 7 738 298 104 897 158 62 759 452 456 740 28 757 758 582 653 913 497 516 258 342 557 624 873 239 900 600
197 994 342 537 788 337 528 296 846 382 326 760 382 502 828 185 995 381 182 642 451 161 77 53 705 830 52 560 293 937 99 800 293 898 876 646 607 413 949 439
127 479 633 244 437 55 154 856 83 914 383 339 262 480 483 128 732 193 442 698 879 113 854 849 651 366 193 247 126 513 575 24 875 279 244 276 546 313 348 328
485 554 873 708 568 280 933 402 523 507 59 536 155 554 721 397 46 682 461 705 520 213 280 278 905 259 520 131 11 694 985 54 555 540 373 675 740 612 47 815
707 42 659 429 755 27 895 259 285 747 604 711 917 585 46 866 513 586 764 515 821 470 856 622 339 399 576 448 764 603 366 910 854 141 368 432 465 514 736 292
535 892 467 132 311 785 755 70 348 157 573 263 550 658 789 84 616 200 455 653 79 870 300 692 127 983 753 813 741 719 324 148 932 835 241 373 978 264 189 98
297 871 338 718 51 469 304 400 218 384 587 740 590 558 271 127 291 487 762 60 846 277 663 386 544 67 823 351 24 683 275 11 179 418 34 769 204 659 632 432
567 489 510 129 649 991 464 202 73 291 186 403 15 515 372 170 780 709 739 56 655 38 802 149 153 611 795 9 627 361 797 208 923 896 274 344 972 162 134 286
959 142 464 436 551 51 418 469 433 347 945 61 12 952 697 56 984 244 873 860 687 57 76 922 867 510 833 912 572 884 468 588 236 262 355 857 228 389 62 59
993 953 787 830 669 379 440 261 168 696 908 999 755 174 765 349 44 161 872 91 997 488 792 409 250 788 778 243 830 630 961 117 179 961 592 161 8 992 527 463
311 108 255 906 554 65 347 896 220 252 236 981 109 566 620 707 601 516 101 1 397 516 815 340 980 784 70 455 656 783 192 462 920 332 659 319 156 891 714 506
26 449 885 748 670 33 444 724 319 611 458 941 950 112 446 898 49 479 379 236 707 729 312 366 673 513 321 71 166 430 1 331 880 811 335 195 117 806 262 692
697 909 110 193 386 553 629 314 116 293 211 916 660 44 471 277 296 208 739 416 103 174 669 876 945 218 795 364 274 102 299 137 123 960 943 951 74 770 328 879
636 243 164 754 97 235 91 317 936 878 295 915 152 156 905 785 300 810 298 477 102 988 475 317 702 795 729 770 125 48 957 830 36 404 88 767 108 582 466 27
49 205 633 558 50 504 837 468 652 140 127 948 467 646 103 717 449 426 682 607 58 243 611 303 390 353 594 644 804 759 3 837 909 112 366 630 918 334 328 174
427 208 733 347 906 647 572 374 969 163 883 263 389 511 575 557 741 4 152 42 357 607 870 586 23 344 446 26 228 975 289 42 305 119 467 598 572 352 421 771
494 4 881 856 770 107 207 276 488 475 841 973 293 390 819 522 539 505 275 250 153 288 52 873 915 348 471 804 929 632 952 738 612 922 1 810 990 326 294 256
361 771 515 588 495 100 151 878 13 851 668 295 147 407 727 488 347 679 796 538 938 302 310 79 888 73 745 846 726 358 160 532 334 716 406 789 31 465 329 752
953 60 880 660 121 736 332 749 258 100 154 310 127 358 174 635 351 920 208 3 526 845 412 564 78 185 420 916 159 277 630 722 88 55 115 943 653 509 760 880
259 667 427 666 168 837 621 774 169 320 722 573 711 36 594 337 171 446 909 434 433 70 470 660 761 54 872 453 151 207 290 685 131 48 980 181 382 820 389 906
132 294 186 367 459 126 574 754 914 743 870 533 941 713 130 447 768 967 885 644 265 519 825 916 625 141 20 101 152 91 777 920 991 25 408 946 965 58 703 603
665 780 537 763 188 170 542 79 52 753 293 441 809 671 87 345 123 680 656 289 209 562 814 860 138 867 661 424 979 387 128 344 424 264 888 82 606 730 33 158
866 229 611 940 796 534 413 105 96 143 442 667 920 254 640 51 572 986 828 163 826 576 696 264 844 438 604 443 385 187 71 779 168 7 666 82 394 710 299 543
670 344 822 728 288 496 726 169 545 719 714 957 839 916 544 797 188 160 181 366 597 986 23 331 993 412 682 717 450 780 822 214 67 177 715 705 596 217 505 791
164 32 497 654 877 545 539 899 900 632 479 823 51 188 864 993 339 938 954 315 389 356 26 118 690 832 702 750 195 301 834 787 794 703 52 415 306 764 395 185
653 201 387 22 180 468 536 165 386 322 800 483 58 444 435 705 435 277 968 519 27 828 396 511 478 216 854 114 625 158 784 523 322 752 176 793 528 296 526 764
584 478 580 395 453 463 731 761 916 915 972 30 450 862 44 796 333 955 168 563 907 755 255 702 353 127 664 748 796 237 578 22 659 186 320 134 731 337 696 62
341 633 878 15 790 921 785 885 596 322 307 884 409 659 755 846 865 444 39 371 402 18 969 465 392 119 586 432 280 884 604 616 706 587 805 249 563 895 8 953
975 814 106 183 813 827 312 643 775 110 663 685 749 290 873 680 604 843 717 671 494 31 416 21 606 695 890 689 436 446 387 835 913 481 298 329 842 486 469 670
723 569 152 854 498 489 809 699 316 948 330 431 779 876 823 323 112 975 133 388 664 448 926 198 577 370 769 356 828 276 568 413 516 931 181 190 201 785 543 452
434 89 922 348 927 710 874 599 575 422 465 672 837 971 28 31 407 506 653 523 283 100 326 458 250 731 424 180 641 988 584 740 897 907 227 44 880 374 828 430
997 634 892 764 324 696 449 472 870 954 563 834 62 220 795 617 192 773 270 898 524 912 719 766 368 349 667 881 807 959 840 289 297 196 470 809 207 576 605 261
525 617 15 444 886 180 925 467 219 540 596 808 970 349 634 366 379 407 10 18 445 567 127 236 103 79 144 866 21 470 963 609 480 421 641 810 98 940 916 736
918 514 214 760 385 826 993 600 627 189 577 488 427 967 667 182 620 500 807 213 690 204 482 339 882 488 387 446 274 253 84 305 114 492 861 933 925 357 281 119
127 658 605 745 860 64 441 825 225 802 622 919 244 321 773 985 449 474 755 678 902 912 503 6 78 813 984 584 144 994 171 753 65 117 672 945 364 242 747 995
882 95 226 628 726 31 254 376 832 998 701 331 547 978 73 775 599 954 935 417 761 366 217 901 723 269 687 579 332 941 76 922 950 184 85 486 113 65 553 574
687 793 356 839 356 701 943 517 574 336 112 856 556 591 410 887 840 608 39 203 431 631 417 95 13 688 272 333 336 186 161 708 109 228 160 193 672 63 889 988
713 437 608 319 370 241 548 226 910 629 73 357 217 457 584 469 4 572 112 711 880 461 858 130 236 998 939 748 0 190 905 872 117 355 146 723 913 794 579 751
461 547 174 962 462 108 788 869 95 183 918 927 340 810 94 717 981 649 218 646 413 865 167 691 774 17 394 992 936 389 975 719 468 857 955 292 731 369 24 672
439 12 478 324 247 736 851 428 782 383 340 209 344 81 690 112 876 660 653 569 850 982 216 156 653 56 21 740 238 552 199 133 658 111 555 37 847 822 905 207
242 418 109 775 623 926 425 411 836 91 386 731 440 316 991 854 228 399 826 585 464 935 306 34 33 388 2 261 638 490 362 326 320 388 920 66 921 771 535 304
425 975 649 919 885 937 865 781 404 140 309 480 952 116 466 389 966 560 995 745 172 949 963 225 47 524 561 942 673 272 873 666 9 637 484 363 988 643 491 842
707 222 167 392 923 924 547 112 28 969 633 298 483 229 793 270 518 516 651 297 482 892 850 303 608 540 68 503 821 830 648 198 906 211 289 685 364 222 945 928
310 780 5 133 240 832 881 360 650 947 879 196 523 755 603 455 257 377 198 60 752 849 405 552 751 64 256 406 533 381 331 608 858 125 351 852 513 280 619 917
201 552 5 382 696 543 901 574 355 519 672 71 999 13 86 297 71 700 994 533 37 126 257 342 200 116 117 399 604 823 82 148 889 612 826 692 306 959 664 981
169 13 357 126 740 24 185 55 89 786 27 458 684 283 308 946 709 815 827 623 69 834 883 963 268 614 819 901 974 412 42 503 730 20 646 778 544 669 410 545
241 474 825 281 117 841 676 17 75 792 266 19 597 432 995 467 47 848 319 226 27 445 662 310 373 610 393 652 699 609 597 478 618 805 472 211 526 124 102 887
535 962 36 699 613 972 906 267 440 746 482 577 661 291 156 635 481 49 53 5 278 864 693 909 415 476 178 239 292 868 721 168 900 914 108 420 655 398 17 563
596 648 40 276 7 813 803 734 986 942 146 455 234 114 140 113 998 570 49 623 152 904 785 20 430 82 164 952 920 548 304 344 308 597 940 100 358 867 366 654
379 235 476 356 854 317 6 544 898 54 699 834 470 509 26 632 376 846 184 998 974 866 658 447 672 643 859 879 700 461 314 973 954 435 483 770 127 913 322 400
300 174 239 420 503 585 26 831 141 181 69 136 381 225 682 215 421 943 91 877 782 64 512 360 321 835 342 25 490 596 757 289 633 354 140 293 313 630 211 71
450 442 242 666 708 528 484 197 270 980 388 465 358 729 177 402 591 536 954 443 46 614 673 615 718 521 357 87 337 345 433 24 800 215 765 215 131 221 6 766
441 827 738 952 541 209 363 553 520 520 881 152 964 867 193 356 182 513 54 660 669 419 778 135 504 892 724 980 201 466 969 78 966 523 122 297 301 879 919 949
125 761 166 326 519 128 902 663 756 43 522 229 701 392 401 414 40 615 392 863 557 106 90 861 36 582 141 145 10 632 91 197 755 499 2 356 465 518 325 514
946 735 158 377 491 364 359 62 816 787 765 653 74 672 304 621 405 45 555 866 402 309 897 588 810 495 678 413 574 750 678 131 801 428 463 225 40 151 136 84
788 175 315 44 747 145 369 851 495 96 660 909 63 720 52 228 116 308 47 171 373 52 349 32 272 579 598 136 322 84 588 615 889 234 819 574 347 724 303 222
848 395 685 859 716 356 284 855 308 352 495 770 198 144 166 227 234 175 753 292 635 803 800 450 594 341 98 390 979 272 538 647 11 166 393 847 744 232 258 642
500 899 55 313 397 719 542 741 93 685 336 529 91 762 26 81 878 815 784 693 308 187 894 863 490 707 65 191 90 631 33 621 177 420 958 200 415 945 441 668
795 373 805 775 311 694 410 654 190 132 615 782 160 484 373 661 514 915 930 169 754 846 12 948 145 79 522 162 285 991 124 125 394 281 63 173 479 945 58 396
787 454 370 598 262 621 674 544 60 942 999 907 435 493 342 382 757 363 150 799 177 452 307 976 383 53 498 297 678 206 502 132 823 304 621 804 644 419 812 538
54 813 265 876 705 312 898 790 347 197 432 995 982 641 611 80 259 576 778 67 929 778 502 608 550 381 550 948 88 838 837 487 433 408 226 926 641 604 6 203
233 155 463 227 441 28 463 895 486 809 37 387 87 54 863 564 132 753 597 981 751 213 52 619 64 699 796 198 680 890 577 524 111 140 501 881 382 710 852 324
496 580 617 621 461 774 769 867 453 936 483 868 936 748 71 594 875 396 887 243 167 20 409 230 277 483 966 583 355 329 388 669 742 757 639 614 179 970 335 825
977 257 49 361 631 700 513 873 125 567 794 890 565 712 95 472 582 866 339 984 376 440 329 752 622 532 88 369 164 906 110 581 165 530 797 404 872 463 658 627
682 199 369 896 948 597 913 621 556 250 334 4 801 88 593 290 123 319 707 435 393 853 591 762 990 119 754 518 800 228 329 554 577 212 5 455 354 709 348 85
669 516 261 494 116 662 930 834 453 555 244 81 640 320 511 669 348 833 469 721 23 22 213 210 980 161 592 453 998 189 487 76 864 768 187 959 397 369 913 271
290 673 978 914 544 261 743 709 820 331 459 677 903 903 897 355 943 289 529 983 633 582 596 41 923 656 69 759 808 917 757 244 299 430 627 531 157 358 966 172
346 683 919 615 507 10 798 503 172 65 534 593 855 464 83 457 357 938 457 750 670 18 777 389 440 937 660 143 101 172 842 141 102 880 474 110 59 968 846 901
4 634 509 932 42 441 629 520 458 56 293 628 232 522 565 67 278 978 784 980 457 82 109 680 305 14 867 990 289 860 25 379 111 119 952 169 397 782 304 850
467 257 970 173 802 228 379 165 564 411 796 146 470 489 693 843 401 818 521 216 861 571 268 418 622 590 804 671 174 459 72 192 851 53 818 663 933 327 199 515
350 401 386 273 694 987 571 493 536 545 127 434 765 550 984 651 812 722 765 590 939 0 640 738 866 796 395 252 881 67 578 933 395 571 512 932 414 745 216 283
220 169 805 388 156 968 389 648 938 156 484 483 439 110 660 69 307 123 98 596 17 352 552 295 960 186 234 735 618 319 696 470 634 652 738 243 900 249 568 530
102 403 529 738 971 469 90 755 642 917 783 488 754 877 156 553 873 988 563 3 625 194 558 785 847 592 660 306 544 226 302 537 244 61 349 283 454 573 596 648
74 216 314 180 516 45 691 553 41 542 442 828 55 338 157 265 565 702 162 869 643 525 77 378 616 918 325 980 405 230 266 662 570 235 293 581 933 814 240 322
179 355 44 633 357 397 217 440 930 522 379 284 650 174 129 228 623 797 467 912 703 347 685 341 993 781 851 948 666 877 723 718 299 398 278 280 650 454 100 64
287 338 160 413 123 181 579 338 925 382 971 866 324 103 51 282 505 516 626 979 189 913 863 974 979 33 974 918 831 829 168 612 690 822 490 896 927 833 751 894
984 433 779 987 969 744 343 251 768 372 240 48 984 608 601 17 316 509 326 738 213 159 520 861 39 480 850 412 420 851 237 347 243 274 12 314 846 326 89 303
238 968 109 185 20 795 694 830 562 155 310 320 367 35 883 879 996 824 25 667 15 316 855 156 174 980 477 431 106 876 242 997 875 133 173 594 510 896 636 388
383 876 713 885 632 423 668 651 388 482 259 719 412 346 10 433 147 779 186 106 907 904 956 697 599 857 285 423 791 35 595 442 480 502 307 508 990 339 762 561
