30 100
897 107 236 228 884 641 43 599 496 413 703 545 530 686 298 840 854 842 618 261 198 361 364 735 350 768 507 140 150 115 526 377 820 662 78 378 373 851 171 235 708 390 956 670 619 462 807 293 327 821 3 364 475 477 681 773 122 350 723 614 1 889 423 618 375 445 687 427 90 144 703 254 705 39 710 43 448 258 37 66 351 373 217 544 478 38 125 923 715 63 393 219 825 719 400 367 266 627 979 331
944 999 590 784 494 438 670 877 821 727 419 408 36 656 489 249 467 364 384 982 473 472 66 519 559 939 88 217 821 40 934 408 222 510 946 260 52 789 781 287 59 82 615 579 842 877 47 33 163 992 751 219 870 474 344 91 919 584 802 634 691 973 894 647 871 28 743 883 301 121 480 763 415 618 509 133 652 319 250 589 450 491 985 900 659 542 322 122 259 953 728 174 339 249 607 25 249 210 955 747
276 23 912 111 81 839 487 961 288 866 656 179 302 559 251 783 199 519 996 681 117 124 957 853 267 907 238 383 605 757 360 623 340 666 695 779 394 254 440 985 453 857 868 512 119 385 619 548 578 121 719 308 195 186 407 365 906 836 949 917 994 358 287 278 519 830 209 68 990 587 646 820 691 866 643 527 564 136 135 982 716 265 944 332 349 202 199 373 930 542 36 827 791 542 778 754 84 790 674 581
256 998 549 907 685 591 20 70 8 598 950 86 965 836 445 946 94 810 832 275 347 162 406 414 546 286 536 929 441 302 572 914 57 12 211 285 237 189 953 768 757 525 686 956 339 152 346 931 75 203 354 45 232 741 289 725 389 672 499 374 379 757 550 990 970 53 854 546 553 960 968 162 785 705 182 602 164 259 281 986 993 585 776 429 553 690 995 403 748 470 972 700 579 482 65 977 294 114 737 932
343 422 877 530 549 542 778 945 238 523 984 670 853 848 887 380 879 769 572 679 171 383 890 107 612 88 362 172 322 984 234 582 970 680 854 226 646 216 897 610 409 983 402 508 829 904 574 172 195 597 163 853 586 307 303 90 273 428 195 183 382 651 107 608 943 627 386 294 384 978 139 417 246 310 522 589 455 854 925 833 662 610 839 836 335 861 571 353 115 908 421 695 777 621 939 657 384 75 667 27
914 437 618 247 795 914 866 22 772 389 9 864 120 570 656 596 790 184 623 224 463 369 202 124 266 633 611 453 130 482 87 785 893 358 461 286 446 548 275 490 60 510 99 186 234 540 672 562 999 490 330 963 888 185 100 406 971 229 922 351 148 127 129 614 916 752 900 580 100 325 200 255 424 823 853 33 235 76 521 126 848 499 169 849 807 271 950 907 971 349 569 469 340 947 124 199 273 208 180 313
305 467 157 723 864 662 481 129 168 339 273 596 957 964 475 419 797 598 674 125 659 179 684 843 153 130 740 680 997 694 145 996 405 617 182 977 349 793 464 426 851 116 394 577 698 706 650 382 498 976 770 470 428 51 5 874 648 843 595 464 393 808 196 928 325 119 526 719 195 203 879 336 189 783 539 54 239 625 847 495 465 900 846 869 637 109 958 477 66 54 565 844 988 828 598 601 637 83 555 329
443 759 273 204 690 254 715 699 186 314 108 888 200 477 428 351 460 593 519 565 358 152 840 405 3 579 224 533 738 190 861 506 135 574 595 464 833 709 31 767 562 469 589 79 171 25 119 94 967 712 849 372 593 491 908 89 440 818 513 813 460 506 947 174 387 726 203 489 953 615 181 503 241 977 615 131 665 629 642 145 705 844 685 24 124 303 459 71 95 113 417 292 124 379 707 588 88 545 631 861
152 790 700 108 327 52 540 621 906 61 352 36 2 577 659 944 866 638 106 170 949 310 689 552 408 240 582 709 575 91 345 544 762 498 320 229 541 281 187 478 504 205 110 389 166 600 368 550 67 453 965 30 123 97 819 301 658 901 886 338 695 371 283 851 36 62 759 809 148 529 479 75 952 914 373 178 505 153 338 164 647 249 205 918 575 816 634 952 810 196 230 516 270 655 845 950 674 711 501 863
832 741 132 169 729 139 489 178 378 728 483 309 947 671 961 550 641 942 160 563 871 273 413 831 464 261 707 133 376 438 998 128 345 296 577 918 48 403 271 915 145 493 975 531 917 628 604 108 1 825 378 932 470 312 530 719 609 433 659 342 272 400 702 290 699 131 288 107 732 468 100 709 840 239 145 122 464 716 521 289 664 706 355 917 634 521 316 144 290 772 942 227 257 895 862 679 239 990 888 644
273 727 491 505 484 843 92 384 996 257 273 448 337 988 528 200 514 832 631 170 245 59 295 546 760 508 297 810 756 4 587 638 820 403 838 944 650 297 247 398 566 172 902 847 607 531 949 676 348 241 374 337 377 416 257 433 962 897 845 291 495 817 105 22 671 21 937 295 263 312 788 270 449 892 292 166 61 330 830 635 347 302 959 395 881 214 455 110 361 925 849 868 474 471 732 45 778 693 186 806
757 442 89 149 382 440 743 309 480 732 34 165 210 252 705 469 751 829 227 385 75 885 334 188 955 640 97 966 30 296 859 133 502 480 49 538 51 602 745 497 276 515 251 986 660 78 554 114 756 72 752 949 779 855 62 620 378 646 175 507 921 549 13 419 526 116 889 83 825 402 882 448 393 841 375 999 884 908 862 98 703 654 568 697 168 349 727 392 892 652 118 930 893 537 266 33 95 985 450 712
749 745 441 846 275 287 645 723 349 253 293 14 249 69 544 686 196 839 211 771 134 720 933 335 738 296 110 43 845 425 131 322 929 923 501 171 596 27 833 479 272 590 994 433 622 719 387 365 51 140 351 557 446 528 125 380 987 965 285 879 877 351 582 140 801 920 795 510 130 173 352 178 103 972 77 498 15 946 816 1 398 929 341 305 460 521 91 847 29 927 53 545 65 672 387 847 416 32 167 234
109 168 366 310 494 559 763 369 441 478 952 138 255 395 194 145 492 894 5 785 745 92 327 84 232 296 263 842 214 487 847 28 549 467 644 742 899 800 722 897 856 984 18 343 224 47 256 514 48 73 179 239 851 898 98 323 761 353 730 419 744 241 463 675 653 238 98 999 965 253 249 143 133 89 292 911 968 525 660 572 931 635 887 337 820 869 330 373 544 893 80 383 156 586 684 82 540 126 302 544
213 997 691 373 331 23 256 561 218 308 965 308 811 60 335 1 500 775 32 373 449 735 979 940 889 758 964 532 299 631 61 724 880 843 897 690 957 827 975 128 958 700 167 719 776 793 142 896 407 409 450 986 817 800 239 998 22 908 629 332 431 238 82 301 201 704 525 203 188 71 872 595 237 498 342 567 660 832 193 284 986 764 356 345 109 551 49 547 371 779 484 141 716 327 160 910 483 217 488 26
862 950 346 493 14 49 789 83 141 696 391 698 422 576 96 486 468 706 760 953 682 603 192 926 622 308 633 478 371 986 611 118 219 695 362 871 431 57 276 557 96 376 373 825 424 983 726 979 703 169 19 603 787 818 284 19 548 90 885 768 982 986 446 750 375 922 864 636 730 239 133 302 266 772 331 931 726 693 372 884 872 105 156 172 144 988 962 70 321 986 783 666 994 748 995 432 710 40 987 532
861 781 994 319 218 339 792 819 594 929 970 167 487 368 492 280 327 824 712 440 478 587 122 968 12 331 202 203 925 129 419 513 903 348 129 284 603 973 860 113 663 463 613 86 978 58 804 535 520 190 585 875 255 600 737 968 199 457 928 857 51 105 501 299 225 968 558 231 975 196 787 455 544 556 557 978 225 876 430 365 740 371 333 546 725 297 793 94 326 230 494 650 267 45 74 440 33 409 141 718
806 914 449 439 770 283 519 361 955 372 68 328 886 836 805 422 80 184 592 551 522 776 208 165 930 126 33 844 469 890 846 745 456 693 329 868 200 490 905 134 935 413 118 954 408 332 581 670 886 259 395 271 453 1 227 763 896 861 953 169 347 388 748 505 818 773 184 258 777 463 617 683 377 242 772 671 693 496 594 155 592 965 574 985 816 614 219 452 629 741 986 569 364 457 678 434 651 502 253 595
840 660 36 309 343 956 124 351 648 559 408 293 452 861 826 573 98 534 453 111 578 857 942 216 415 16 297 709 106 951 527 322 283 572 597 895 199 733 376 240 919 148 126 6 284 574 503 918 1 245 873 435 5 542 144 746 547 917 24 376 607 548 307 590 822 31 240 440 751 129 750 833 617 414 366 256 45 53 215 78 21 153 100 548 61 486 456 276 203 866 465 297 770 143 480 10 914 888 688 812
630 904 233 752 232 903 968 670 144 974 83 493 582 721 956 54 446 546 77 447 966 790 753 75 331 216 658 172 770 191 43 747 233 122 979 13 975 360 254 194 917 688 170 437 75 873 556 731 419 745 877 12 823 129 700 842 1 722 556 808 493 895 13 324 673 95 489 23 690 787 770 466 398 303 735 553 28 498 22 733 630 97 760 425 116 543 456 482 526 796 643 294 111 681 729 360 630 469 778 100
879 491 810 638 53 463 509 583 312 920 649 971 883 274 305 761 540 109 958 600 611 14 14 976 145 40 830 907 568 73 45 956 916 598 779 295 219 306 114 805 199 756 678 116 891 700 757 564 243 468 944 232 291 249 141 353 522 55 581 364 581 24 260 526 928 742 669 617 232 701 529 525 957 599 760 373 784 103 453 770 652 422 860 800 178 229 535 923 596 258 668 990 538 688 666 967 6 311 122 535
201 516 993 729 895 806 122 443 807 243 724 95 501 224 689 903 233 481 864 459 941 342 413 920 576 138 572 404 680 736 713 753 199 92 840 317 474 562 687 700 629 229 304 927 147 469 406 966 985 990 904 820 696 82 25 363 25 522 924 906 107 189 954 418 173 697 58 183 154 426 663 994 24 220 583 66 668 482 941 860 159 529 278 63 326 799 997 470 685 304 480 641 515 903 441 437 14 382 296 117
807 261 815 603 685 952 687 613 429 463 208 680 844 777 963 735 518 826 368 689 709 171 996 238 452 845 751 754 513 667 99 472 655 216 753 284 883 898 201 427 245 507 327 159 661 939 235 667 715 381 733 287 409 693 350 298 633 279 491 534 116 613 506 11 170 6 621 18 786 431 292 235 745 331 256 47 744 656 977 689 546 996 892 523 128 803 545 627 450 86 296 919 643 448 940 834 678 94 432 292
589 164 518 923 247 112 914 33 737 575 677 67 254 452 990 960 992 591 143 129 941 436 305 583 892 623 346 104 106 30 699 451 955 753 129 185 255 862 686 499 263 487 863 955 19 949 939 434 910 912 776 936 791 519 578 879 77 425 343 935 75 587 278 829 620 771 719 306 957 44 356 209 93 509 657 818 601 208 71 513 228 861 372 338 522 102 277 24 987 87 841 387 141 84 678 472 260 262 319 565
878 378 320 37 446 194 285 127 878 163 812 596 906 133 488 686 687 120 266 302 169 310 462 697 6 67 734 186 972 241 665 610 537 676 582 283 72 664 405 643 280 766 459 186 903 590 408 60 961 792 928 569 399 982 948 556 903 18 369 791 469 200 576 29 836 35 885 858 55 487 453 956 466 703 43 207 445 918 875 509 410 687 5 290 672 930 905 662 727 470 244 321 173 565 269 790 204 293 86 873
793 717 222 43 93 734 833 50 113 963 116 253 502 311 860 844 894 324 434 499 403 181 651 454 374 520 726 601 975 758 587 552 685 921 88 894 699 297 358 62 726 416 129 384 313 213 465 545 545 390 443 791 51 99 155 775 916 381 230 690 567 366 949 931 572 442 675 716 312 921 650 444 563 311 235 564 828 849 301 383 195 916 376 480 634 986 725 380 821 431 171 289 140 219 888 831 109 206 703 218
392 281 289 276 142 187 431 835 167 319 597 186 24 437 595 407 620 753 935 591 11 273 121 584 127 860 821 121 169 439 202 231 545 943 189 443 586 510 808 194 253 505 582 798 360 762 656 463 202 659 230 315 851 493 533 655 180 209 129 142 186 266 668 150 841 412 675 695 437 33 136 568 117 44 895 625 18 772 523 637 881 621 340 436 438 535 706 197 41 359 506 224 853 716 234 370 920 586 427 929
176 921 492 585 79 43 485 144 664 387 232 537 852 542 194 456 299 216 861 506 386 340 852 930 902 919 533 54 378 891 43 476 187 294 873 875 117 975 160 236 238 333 657 851 200 621 983 474 945 171 555 579 125 739 796 249 93 938 898 56 21 639 410 668 302 825 739 243 185 885 821 255 321 304 363 864 360 433 503 636 685 22 338 657 493 290 682 292 349 911 92 361 42 384 92 699 185 564 196 79
934 481 709 983 384 752 547 35 306 563 881 349 752 487 287 439 423 926 518 123 194 345 615 813 664 23 418 877 765 915 322 872 632 430 970 184 825 372 739 751 788 633 741 180 942 382 888 692 129 293 164 984 462 672 283 564 137 508 547 334 7 760 437 621 909 184 195 627 585 884 975 893 376 496 781 288 379 336 476 712 75 884 76 582 444 98 343 870 93 229 70 847 882 101 561 197 903 664 583 507
787 829 861 913 762 129 839 778 172 400 757 746 660 876 172 724 933 708 434 911 107 454 716 586 636 454 560 143 993 347 916 820 854 786 986 600 852 466 72 435 381 569 850 950 533 375 390 984 617 869 918 957 156 819 694 938 924 325 348 337 676 501 6 616 582 829 40 308 9 157 235 614 47 849 786 519 543 425 33 858 391 548 499 963 306 788 650 206 531 37 115 558 538 485 775 122 803 96 380 466
