100 100
648 842 77 119 894 672 235 815 712 163 250 234 307 182 77 114 165 531 58 349 586 162 572 607 450 253 444 838 541 517 981 702 861 948 213 743 45 658 399 775 384 31 862 686 49 293 560 942 582 63 564 19 208 337 708 280 47 674 247 913 897 655 21 614 749 14 973 188 115 837 569 715 161 575 924 379 322 235 623 958 221 584 287 658 618 358 307 565 130 169 263 86 559 463 730 467 140 238 27 801
747 766 558 403 774 728 493 791 758 928 345 630 821 35 627 807 218 920 687 857 125 721 803 74 513 713 495 578 996 662 684 260 903 493 812 247 22 931 73 927 336 204 196 257 550 174 894 815 933 804 376 565 640 738 120 894 716 165 406 899 902 762 591 788 520 646 735 618 101 281 113 230 628 712 112 418 748 343 384 248 216 924 320 205 644 692 135 514 524 115 467 29 800 561 893 660 102 874 880 319
277 737 946 474 135 633 988 495 842 871 945 617 466 795 76 894 45 636 186 438 832 293 104 854 19 71 616 650 280 705 790 715 799 194 387 50 350 910 395 583 852 333 658 864 919 976 838 710 189 930 141 588 752 870 103 105 160 938 534 764 599 395 23 165 824 620 392 933 591 847 705 669 605 269 614 804 43 917 232 871 222 362 493 370 577 607 552 638 783 155 313 240 284 326 981 423 64 574 385 567
507 548 117 567 189 393 553 464 916 245 997 734 629 289 186 442 403 730 305 253 703 707 819 207 238 202 530 153 309 686 616 78 357 879 487 82 827 657 690 429 983 270 143 358 530 521 167 160 855 446 97 499 255 569 931 227 905 371 541 439 789 612 189 266 766 691 717 15 897 428 98 459 93 828 855 330 764 309 961 771 101 987 987 815 348 246 243 560 892 906 214 696 811 649 522 243 794 577 93 140
870 276 501 711 404 243 410 304 696 424 140 146 913 217 686 685 923 577 275 680 702 876 423 775 620 599 263 281 483 178 814 441 671 846 226 76 494 578 737 893 558 685 132 855 449 43 253 217 713 129 517 665 143 412 50 883 458 527 868 718 318 471 436 341 985 9 15 134 765 27 165 301 81 413 507 457 966 734 965 399 444 622 460 940 893 273 91 848 996 581 854 401 81 873 306 479 478 863 191 456
870 983 634 889 838 4 417 686 210 888 882 336 52 953 806 650 954 832 836 52 384 127 624 839 100 589 192 907 542 778 826 18 910 32 568 913 951 508 917 827 954 477 279 285 878 779 169 486 653 340 255 390 707 785 689 206 320 453 316 76 602 435 976 478 460 369 624 458 772 493 74 828 278 774 589 44 25 67 34 527 169 790 438 914 377 332 782 106 217 274 6 677 825 305 203 856 258 443 3 784
621 60 644 379 36 81 346 218 820 714 114 883 545 26 100 304 960 959 972 84 773 89 282 502 724 869 994 601 668 267 227 889 272 892 594 964 395 169 87 312 816 881 867 77 450 655 503 477 366 598 23 419 924 498 792 274 894 816 396 110 427 788 336 396 233 824 239 621 942 432 85 440 581 836 851 802 224 426 53 181 158 544 84 420 886 385 326 218 359 969 694 398 573 294 693 254 825 78 406 236
403 783 755 263 863 225 867 968 27 718 33 184 584 648 383 363 441 710 111 742 240 648 590 9 790 833 217 648 45 237 11 117 508 948 337 969 181 716 616 801 762 131 366 723 233 299 741 789 525 145 885 987 260 400 345 967 540 28 215 677 71 184 642 80 698 890 725 124 774 280 402 902 336 514 777 323 261 738 303 293 326 15 271 36 282 815 541 630 782 525 41 269 370 585 601 327 578 273 320 486
888 44 352 531 379 529 791 153 991 984 585 295 744 457 288 872 928 172 239 723 113 126 734 97 283 721 654 718 788 283 701 584 199 383 197 909 311 713 772 803 338 292 623 838 760 331 848 671 589 487 396 891 351 893 692 900 441 1 278 863 722 74 726 531 237 176 566 599 524 836 572 460 91 35 652 22 642 14 525 871 624 335 748 491 13 75 182 992 392 624 236 690 673 339 928 751 0 579 624 655
47 737 444 499 543 445 731 607 974 595 818 175 306 966 916 728 293 954 469 39 444 358 754 480 285 893 897 341 349 930 916 309 360 934 396 767 576 463 768 236 318 192 909 952 784 235 546 477 390 355 834 307 365 242 847 23 625 17 511 265 302 794 979 268 517 788 644 892 920 485 641 722 763 210 756 644 561 576 302 504 770 765 10 809 387 581 665 558 44 647 482 703 169 984 894 320 166 725 847 892
454 942 310 657 374 270 50 235 92 530 265 849 554 348 458 757 838 880 156 739 196 552 223 581 598 297 454 354 392 652 493 941 766 22 381 691 414 338 95 107 78 994 701 98 564 77 290 862 915 523 402 755 856 809 940 959 25 774 401 198 423 928 444 894 262 702 280 589 75 618 47 166 742 441 981 531 541 453 786 676 952 393 142 991 302 657 449 653 426 691 601 899 448 874 898 298 763 211 481 565
697 821 538 833 368 806 619 901 839 37 482 301 271 179 314 254 557 88 194 771 607 884 191 415 498 850 375 500 488 993 179 980 176 891 140 383 357 281 504 897 491 51 338 478 133 310 382 333 569 499 1 547 584 457 957 850 39 770 302 33 608 557 166 912 154 77 494 633 986 486 679 934 953 981 98 627 862 257 725 958 887 914 476 222 979 412 905 964 597 395 553 408 835 569 200 530 554 310 245 884
59 577 643 352 452 245 370 168 430 613 60 333 835 972 218 693 285 715 376 762 420 991 745 598 400 485 819 835 92 975 732 164 673 946 41 776 905 145 195 33 189 785 558 703 386 135 253 875 807 150 339 928 825 327 700 944 426 843 7 793 60 860 28 281 87 982 771 269 307 205 75 256 604 628 558 430 945 591 630 558 11 837 187 63 392 547 791 648 962 779 575 838 853 913 997 319 462 61 948 736
673 402 647 344 270 161 696 600 992 20 658 301 358 287 995 912 509 758 987 840 803 97 524 124 145 390 775 969 974 580 284 555 42 978 703 412 271 582 17 742 599 695 320 825 508 621 911 364 548 255 718 598 91 857 575 719 112 155 655 600 567 61 542 538 812 369 239 119 171 773 233 646 730 856 430 751 945 766 122 190 937 278 556 775 920 256 384 898 591 88 493 636 459 727 546 250 990 897 254 920
948 857 175 463 608 543 5 810 492 466 757 646 891 603 189 87 658 847 49 106 89 85 5 562 740 196 578 820 942 371 142 105 494 484 945 383 586 784 792 392 533 904 819 174 614 525 430 904 501 318 402 963 863 181 767 337 35 66 97 625 715 415 222 59 695 911 778 939 320 919 346 741 193 927 373 752 786 786 727 988 269 86 826 163 429 634 132 730 363 576 504 948 840 125 400 372 942 307 629 25
343 593 786 149 724 152 886 466 944 703 188 37 330 614 588 630 879 773 550 113 424 920 646 815 642 23 188 320 890 296 616 768 224 654 530 413 363 21 339 366 6 912 391 256 468 855 91 412 897 414 836 211 252 157 579 925 715 795 773 331 376 767 968 497 655 888 248 305 759 780 162 763 356 558 494 878 683 680 339 666 751 968 848 609 922 658 494 966 344 839 65 120 843 412 755 142 698 444 582 670
10 472 871 877 34 124 161 417 896 737 627 655 451 765 229 805 244 806 353 108 879 604 376 98 972 660 272 222 917 53 925 19 576 965 511 244 443 526 32 814 633 499 617 525 96 598 900 996 670 535 502 937 967 824 840 92 732 524 310 625 817 355 919 500 267 484 91 747 56 747 607 856 408 861 583 989 743 153 861 27 235 617 575 864 955 795 894 142 603 753 71 111 114 409 742 949 40 971 973 304
237 304 287 299 243 414 188 100 305 27 303 756 271 558 254 55 387 6 793 567 337 862 591 440 97 219 622 285 75 1 382 705 172 139 212 719 857 577 902 92 482 677 410 234 902 157 452 918 398 554 569 514 175 964 628 199 818 317 90 122 355 649 20 953 268 874 622 103 386 53 611 278 554 975 566 213 815 30 331 831 779 831 138 19 62 234 559 752 709 291 236 989 691 22 69 196 495 101 8 213
468 491 110 874 815 313 571 275 564 649 836 737 994 126 935 866 286 87 321 436 833 426 954 307 76 417 7 179 819 512 985 74 761 280 630 19 59 964 40 513 296 498 627 354 756 260 191 504 477 642 528 824 272 397 270 890 270 97 329 827 341 715 663 700 225 708 415 724 669 410 547 542 564 86 985 322 130 25 342 94 432 362 488 945 475 279 420 873 561 369 401 995 294 72 681 59 923 399 54 670
170 913 789 244 167 101 28 227 370 764 982 444 955 714 882 850 355 866 943 463 971 833 590 153 425 926 337 83 400 446 165 461 429 43 481 344 907 624 87 444 674 161 841 725 164 698 679 381 428 373 296 589 28 695 348 157 310 194 466 998 660 237 281 54 273 835 426 940 108 191 271 375 857 102 161 820 54 136 368 668 39 119 233 439 439 439 354 679 953 39 791 390 938 191 885 821 713 545 878 66
196 208 92 941 618 156 947 869 905 225 455 543 37 197 668 368 941 967 362 789 161 966 970 869 11 529 801 847 64 744 247 471 469 540 192 343 553 416 671 428 376 92 11 98 236 254 427 62 318 755 19 244 932 839 505 595 760 344 103 284 706 236 9 207 490 936 328 882 30 225 40 64 241 259 321 234 369 491 733 639 217 752 890 409 504 44 175 525 150 778 965 882 542 575 705 299 938 951 655 591
661 692 193 494 143 213 342 827 537 534 537 717 619 599 625 296 598 763 552 726 825 22 401 725 266 368 413 515 683 92 307 931 805 0 114 906 618 619 191 797 861 843 388 232 27 750 847 334 568 857 476 64 142 707 718 963 614 53 905 67 637 838 99 448 300 982 17 779 414 717 764 435 614 491 546 652 388 988 469 759 469 821 279 514 485 69 197 82 358 47 465 143 879 705 287 164 937 383 943 475
529 39 20 847 415 224 101 704 632 605 450 422 291 631 128 627 466 779 144 898 814 76 78 561 755 669 13 488 816 560 335 12 443 131 397 247 646 737 605 637 342 828 339 257 982 414 826 644 311 684 326 333 570 863 598 896 997 110 283 372 856 856 70 172 368 966 476 703 768 413 516 732 477 775 965 722 832 811 453 799 846 857 577 55 344 606 957 904 78 280 199 239 736 142 314 444 960 416 796 656
844 67 737 989 266 737 139 69 750 730 145 435 799 731 462 602 202 118 381 415 388 78 759 158 239 172 671 642 863 293 208 540 326 467 511 168 79 849 273 113 437 516 493 57 671 592 836 57 279 661 807 455 647 19 948 351 983 253 454 955 248 751 650 136 730 867 574 62 415 49 159 706 776 10 608 478 403 629 548 838 862 676 429 219 11 897 241 649 650 155 907 697 158 103 549 6 667 902 834 422
68 262 970 912 503 109 656 511 599 876 635 213 187 257 114 462 844 612 212 867 107 517 398 644 820 596 628 719 29 349 919 847 935 303 529 613 613 159 479 109 515 138 272 537 552 285 151 841 448 808 902 662 251 315 274 563 439 949 844 776 818 636 768 482 714 0 92 138 362 939 699 282 690 931 493 239 523 675 951 31 779 224 899 412 383 548 338 199 329 164 157 111 109 514 341 672 590 37 396 499
726 917 926 700 501 552 205 474 792 130 898 40 145 856 24 655 146 76 290 637 826 423 664 739 105 726 546 85 716 268 862 37 463 340 582 493 137 1 193 541 189 974 257 321 137 141 524 787 400 336 403 549 38 9 41 920 474 555 494 689 947 279 172 303 632 701 252 109 176 255 126 729 810 131 239 816 439 889 395 550 718 712 711 874 699 798 973 893 631 135 488 641 709 12 261 113 603 775 497 153
560 93 644 452 342 231 446 42 451 309 482 645 539 425 48 810 890 374 123 368 914 519 456 307 82 927 679 172 155 962 812 376 239 698 414 113 28 617 938 424 159 834 941 212 649 14 316 392 389 393 103 239 794 546 355 184 694 74 930 211 53 266 253 693 922 913 830 478 828 259 615 716 36 557 29 935 625 292 952 72 824 73 346 786 452 611 657 830 124 264 191 954 548 76 622 658 482 441 725 859
58 116 867 191 487 758 38 150 597 266 188 82 612 904 910 23 382 531 696 556 242 362 542 286 58 109 480 522 607 860 79 133 151 327 788 918 340 360 755 18 689 563 782 339 454 876 969 477 545 666 835 494 387 551 329 407 634 590 265 690 205 479 60 646 776 301 246 706 212 442 315 634 38 158 22 610 844 878 790 342 85 79 140 921 513 41 720 211 552 223 296 750 459 491 544 430 590 644 993 488
245 65 386 81 210 849 558 519 192 60 128 22 99 83 295 290 29 347 297 888 738 666 102 343 712 429 441 133 302 447 191 911 719 696 233 893 846 223 420 72 637 129 213 772 427 417 544 512 358 41 263 78 59 485 877 74 292 627 792 558 30 647 491 615 780 983 417 324 323 254 404 506 205 194 675 419 32 488 550 246 419 275 856 899 270 704 881 388 686 344 34 819 54 379 665 534 456 552 630 214
141 240 478 690 163 896 255 897 422 951 26 646 606 932 972 337 93 305 922 264 15 435 991 265 432 379 82 542 980 97 249 530 420 494 182 767 221 725 363 504 880 974 903 259 934 122 807 254 390 236 980 24 588 991 48 213 241 701 174 14 57 321 473 263 801 602 603 291 347 720 25 887 186 440 308 276 936 542 153 0 273 975 723 752 275 711 758 403 806 171 941 683 487 231 249 85 732 774 258 135
480 428 370 557 727 299 753 545 18 197 490 837 562 747 672 135 652 291 252 751 109 936 73 519 320 972 710 678 612 919 196 317 122 101 291 660 216 711 832 226 826 782 998 908 184 326 197 765 65 45 155 417 438 265 308 145 511 134 384 590 492 408 173 430 124 712 553 361 885 841 979 923 17 425 152 186 866 663 627 548 340 953 279 12 791 214 366 751 381 552 110 15 356 23 86 954 511 287 59 397
331 115 747 277 255 967 439 972 879 788 116 981 364 395 466 236 646 231 323 364 77 130 536 539 789 984 358 624 368 511 959 992 516 990 567 36 264 369 811 261 818 345 130 499 870 464 922 473 910 915 361 929 925 314 385 124 215 940 935 332 762 96 249 933 933 723 495 180 465 74 208 507 385 782 718 964 695 600 562 846 961 511 602 555 418 1 58 170 223 473 974 53 173 861 802 63 807 155 916 510
192 243 316 831 653 427 493 569 947 47 928 983 238 431 833 542 983 402 679 9 417 129 771 105 682 626 765 767 186 956 639 116 172 143 948 996 387 195 32 710 704 92 338 146 867 859 227 156 217 544 232 678 233 38 234 819 377 140 844 865 748 229 66 124 97 570 762 738 385 806 892 214 333 137 948 526 833 101 943 779 233 887 523 415 143 140 645 398 70 494 501 327 975 716 919 559 916 934 583 341
977 465 713 9 386 743 480 170 571 302 417 211 559 241 182 632 860 949 256 389 251 366 957 577 493 270 592 541 260 917 738 220 308 800 986 409 974 21 275 435 671 615 553 361 863 31 928 828 375 57 904 466 33 977 524 741 714 491 603 633 680 946 279 81 373 834 105 794 561 195 818 651 207 570 744 491 740 448 852 741 718 28 515 999 348 147 448 708 157 678 145 12 791 632 486 661 604 424 509 735
882 826 969 674 869 228 320 764 111 222 913 496 214 523 907 562 334 626 798 666 577 391 584 568 214 840 507 599 825 358 487 978 718 754 674 327 353 9 885 80 645 866 876 634 525 334 88 192 807 938 415 431 469 468 290 481 710 375 773 126 974 891 164 501 866 783 45 39 683 668 677 561 137 586 63 357 879 623 188 257 403 698 644 231 681 1 619 75 875 307 971 746 616 298 122 855 184 167 502 140
726 990 815 495 583 275 226 264 46 276 756 503 778 298 110 833 323 465 631 647 834 220 253 540 461 7 319 782 563 564 858 359 367 492 678 935 43 42 78 200 15 943 759 72 755 509 929 574 974 968 70 575 910 645 71 755 89 591 731 769 395 172 812 692 753 105 346 38 621 562 109 764 936 143 575 656 573 396 31 555 92 764 545 276 89 497 517 217 182 873 221 288 885 230 353 295 906 517 540 885
386 595 413 946 209 344 301 638 616 88 332 127 822 664 299 45 66 411 434 82 409 957 573 477 188 826 502 246 643 279 441 385 102 450 78 318 993 317 711 272 498 672 958 876 89 142 990 561 359 679 134 379 236 432 382 433 470 738 312 439 894 168 952 300 513 722 984 460 397 961 87 475 325 273 611 208 834 741 577 606 830 491 837 417 886 157 389 980 971 98 149 521 730 75 134 360 771 122 265 79
674 210 117 198 509 946 382 600 843 911 146 208 350 404 852 2 329 742 119 131 676 290 183 281 765 150 594 201 19 987 393 945 684 281 132 859 5 900 392 154 629 284 41 298 491 901 146 429 47 189 966 739 852 280 368 255 705 377 488 498 384 347 571 512 696 97 339 996 593 78 798 298 268 831 159 221 456 231 476 812 716 377 227 88 87 875 349 580 918 257 918 735 461 759 988 153 507 60 361 588
75 293 529 737 31 932 951 741 246 59 61 500 975 676 376 542 124 729 567 898 969 463 762 993 465 415 871 460 659 175 140 532 142 613 272 879 965 96 980 388 530 898 505 397 383 932 852 360 51 520 795 903 473 177 273 794 995 619 173 775 980 723 870 321 981 701 407 389 395 359 172 347 59 915 43 987 573 159 709 679 433 161 866 76 375 806 607 816 551 76 247 506 993 618 963 947 457 721 316 740
455 625 999 476 68 781 128 214 293 62 428 89 716 61 973 447 157 293 112 343 550 542 726 5 120 499 306 961 61 487 166 284 617 78 73 591 996 408 885 46 367 890 692 326 257 842 62 641 370 593 936 899 982 605 95 616 71 38 437 265 490 803 710 900 311 487 964 153 708 353 838 779 119 550 710 15 334 77 710 247 187 430 276 630 839 32 702 751 940 440 760 694 195 913 353 421 413 678 765 321
174 510 548 646 18 823 56 292 605 784 174 308 608 969 443 86 848 293 678 348 790 420 158 795 869 141 684 590 322 307 375 554 804 796 605 122 972 422 885 273 764 148 435 982 671 639 276 928 717 219 210 708 600 427 959 644 141 307 781 882 940 150 559 69 578 691 762 704 815 108 344 775 151 667 513 736 310 606 61 687 251 422 267 621 922 498 546 366 458 301 294 743 892 665 429 862 926 35 94 282
285 936 394 16 789 897 5 240 341 332 423 210 89 988 285 31 792 49 147 192 678 207 835 487 229 958 182 478 624 101 371 594 602 318 170 226 650 853 160 457 111 629 751 645 271 585 355 932 705 3 499 349 994 5 305 50 10 683 473 297 564 613 100 874 260 347 974 394 708 736 855 198 761 922 387 223 965 409 535 102 952 887 611 702 669 670 283 934 86 67 221 362 843 303 415 751 155 313 954 536
398 175 781 319 274 952 431 528 161 303 872 871 884 180 599 235 361 768 500 850 918 224 6 980 903 96 10 89 957 157 1 418 521 188 221 843 220 283 154 233 930 750 702 113 431 371 675 462 190 60 941 833 237 361 642 281 242 836 538 864 213 60 190 591 941 115 703 674 256 932 102 778 23 199 706 967 508 427 394 948 772 144 599 928 661 42 875 187 744 422 237 493 214 73 684 542 160 290 176 84
60 271 64 698 285 200 564 714 802 225 929 593 921 998 918 642 788 169 686 673 678 247 683 951 279 13 193 744 416 491 31 638 185 983 559 228 733 943 733 211 536 903 904 24 881 793 0 352 156 649 380 490 904 865 200 519 495 834 519 631 503 212 47 375 390 830 406 336 398 775 697 536 456 678 547 579 340 365 175 875 930 847 602 657 497 380 252 660 354 72 394 711 711 759 249 794 494 877 114 333
596 753 218 876 172 893 630 55 775 622 8 407 637 15 836 604 378 22 830 679 999 927 274 646 139 973 354 567 141 986 427 913 622 839 510 417 312 679 268 635 119 330 178 1 988 944 810 995 806 629 904 378 939 537 190 40 571 653 471 917 328 936 52 453 307 342 129 297 353 347 379 41 881 572 150 805 363 203 727 905 610 152 738 541 608 14 813 257 492 533 77 748 130 703 954 500 625 888 942 368
443 754 590 862 299 637 492 936 947 456 89 635 285 17 305 694 827 85 743 502 760 736 88 274 642 684 584 720 25 133 444 715 188 975 299 262 90 768 403 841 992 609 433 802 200 222 980 601 691 198 622 954 844 128 69 941 894 418 110 732 396 636 98 525 869 8 429 109 241 671 155 264 576 690 819 343 793 430 350 816 61 694 949 282 687 514 869 622 136 430 663 166 550 710 874 493 293 11 262 20
57 708 618 219 897 588 56 244 680 758 197 208 987 239 346 524 451 363 230 281 221 906 877 330 731 936 935 12 179 663 478 773 117 413 13 479 525 731 741 241 823 46 575 191 842 744 101 458 990 148 83 491 126 306 30 486 748 464 516 680 346 357 516 276 862 291 846 35 281 823 464 508 518 945 407 230 341 52 223 676 806 587 710 676 188 57 527 434 149 603 604 421 310 142 667 207 911 908 971 36
78 730 688 418 109 769 221 185 344 791 81 708 980 770 57 232 144 719 64 43 439 799 781 965 937 760 64 601 573 363 806 780 484 768 976 798 725 323 774 7 437 990 445 293 451 178 689 790 4 199 84 654 512 218 513 729 512 31 605 882 312 843 947 448 347 34 543 456 560 69 131 248 619 82 887 420 591 311 615 957 33 321 123 442 393 852 840 649 959 820 876 24 718 824 635 73 781 611 553 660
337 840 216 664 516 907 434 546 288 328 689 329 633 373 702 449 511 285 343 691 414 939 626 540 764 760 696 93 684 850 701 417 644 362 204 462 729 920 732 435 725 296 895 559 521 365 999 899 811 404 903 296 750 197 199 657 219 793 165 544 140 638 714 443 720 898 278 241 565 800 9 689 343 160 929 158 375 38 368 702 774 940 484 459 797 301 224 920 476 198 473 483 346 105 115 488 823 5 37 119
578 216 306 807 653 628 38 913 189 287 760 685 589 614 275 573 554 35 92 793 616 364 48 364 548 847 658 381 337 827 819 403 100 779 218 491 537 64 367 810 406 369 284 948 431 898 716 231 880 130 670 744 732 943 402 251 489 426 818 687 287 231 770 599 963 207 965 143 775 466 89 227 305 137 38 20 824 304 343 726 709 282 608 820 752 644 486 618 341 775 698 600 279 538 276 2 20 525 563 864
45 648 973 74 768 202 466 646 90 616 821 692 398 963 91 341 827 814 116 55 906 299 462 207 527 247 569 56 896 625 638 322 838 968 179 548 804 957 883 826 437 178 529 710 994 603 326 118 132 647 774 142 49 45 379 860 581 621 931 779 984 490 193 423 934 909 530 250 101 212 980 355 569 708 650 627 115 335 587 550 262 894 968 948 452 616 140 287 193 570 955 509 883 75 122 347 792 294 440 182
946 853 598 952 457 334 496 891 393 403 784 31 163 414 790 900 279 428 300 101 76 414 664 292 820 503 679 869 780 249 633 864 258 135 674 339 750 36 164 326 462 273 940 768 264 805 672 65 469 124 992 197 206 882 134 588 829 170 904 389 880 348 671 439 522 425 425 156 435 543 31 404 976 295 724 467 445 680 436 969 597 635 203 678 689 930 354 338 594 880 305 624 645 562 345 387 331 863 271 693
140 42 960 849 183 215 483 615 897 207 587 907 255 490 978 220 524 140 16 323 954 510 366 121 55 550 908 188 986 76 122 179 545 120 544 361 418 34 422 500 836 330 995 732 835 567 567 194 509 293 523 577 305 507 848 777 298 652 920 404 571 643 288 711 37 4 349 223 713 250 536 599 639 543 264 304 964 862 475 332 970 249 976 192 494 676 101 370 102 625 884 571 83 374 547 678 76 887 6 843
783 109 390 191 862 807 298 585 91 483 610 11 908 863 668 85 249 207 408 380 942 412 781 278 520 745 147 701 739 476 222 558 430 573 70 201 433 634 497 513 493 990 783 894 220 544 478 456 585 755 884 488 17 333 583 803 506 354 973 603 44 209 206 900 448 359 727 798 442 537 281 409 220 25 884 131 319 12 245 541 522 512 950 16 775 2 918 774 665 724 845 580 319 279 913 402 877 75 821 218
934 386 80 473 175 979 437 828 815 146 38 765 681 407 944 28 85 356 197 481 167 539 628 602 133 12 715 609 91 130 728 519 546 750 930 95 725 596 460 295 342 185 112 279 15 450 211 759 681 633 356 265 632 759 69 536 370 862 670 214 811 833 549 525 227 564 397 883 952 891 650 957 232 813 257 161 718 811 650 713 510 167 164 862 397 450 687 730 362 727 336 74 880 480 904 518 56 291 390 594
588 790 812 704 979 193 768 89 651 295 345 717 721 65 229 747 682 995 677 780 88 333 285 861 854 331 416 941 513 544 916 506 139 950 86 521 59 954 29 370 516 570 718 211 387 119 149 491 827 581 342 517 79 631 826 246 888 244 484 297 128 471 249 638 764 883 259 655 6 287 797 703 641 808 71 77 463 141 222 821 606 573 515 296 867 2 354 85 936 49 418 355 296 80 351 343 824 26 218 490
567 756 75 270 435 153 186 460 362 841 881 414 412 90 66 734 673 724 627 26 393 774 738 642 11 650 917 192 969 653 140 612 305 675 469 947 674 707 529 810 48 871 892 770 109 519 599 830 931 735 654 172 368 464 414 365 151 159 147 170 856 855 491 690 763 71 396 644 915 237 315 944 527 609 765 66 255 492 318 558 599 181 500 855 482 339 731 647 984 474 351 692 42 735 542 173 191 234 846 398
17 306 540 493 328 883 727 244 897 89 810 777 378 613 123 701 907 621 718 450 338 709 986 190 881 319 471 750 826 332 4 986 58 344 326 526 681 511 895 292 232 151 730 980 871 7 193 648 507 995 385 491 803 461 420 502 645 248 963 4 978 764 647 264 20 337 617 450 267 261 38 886 330 866 578 115 594 263 660 763 524 50 269 541 128 342 561 430 550 142 52 420 55 828 98 660 28 446 494 882
774 165 985 353 407 810 589 188 807 558 784 263 104 123 711 23 914 37 761 674 975 526 625 138 424 2 414 871 205 293 85 769 592 2 909 275 494 529 740 30 177 777 885 823 686 544 358 943 828 159 752 36 384 849 79 576 262 213 653 777 768 743 560 792 803 599 553 65 808 618 960 522 840 885 708 188 55 680 254 891 269 652 780 598 28 44 175 401 467 645 293 679 533 148 766 243 533 688 270 761
149 758 561 121 535 481 228 968 429 990 602 783 688 460 951 585 999 50 147 439 814 860 735 543 716 879 71 748 699 614 485 540 58 568 796 561 191 386 861 930 189 408 242 519 426 802 341 35 44 586 854 212 972 17 733 400 83 946 654 529 44 138 580 957 309 398 390 491 975 511 880 914 731 146 159 340 422 310 913 341 539 835 94 660 952 360 681 64 33 597 705 576 675 487 213 917 128 367 636 663
2 433 787 103 401 887 576 31 106 158 708 571 655 45 962 158 471 948 0 850 780 405 339 803 51 995 472 163 291 15 575 635 169 554 59 297 217 576 715 147 237 163 468 271 397 114 403 66 483 187 708 738 478 330 325 614 634 597 690 553 9 459 829 94 432 519 171 963 802 142 762 304 16 584 815 318 404 117 704 704 839 146 811 194 86 58 874 353 667 916 812 641 665 578 87 27 370 541 770 461
643 425 634 944 586 989 808 450 590 817 121 990 401 450 995 175 696 184 251 391 853 557 478 930 112 195 118 65 962 262 735 426 42 730 796 700 178 886 690 289 271 294 780 924 19 940 54 954 866 262 330 584 16 551 132 188 416 104 382 193 705 734 170 623 213 335 218 673 944 933 669 327 915 98 148 251 886 319 419 988 719 491 320 813 345 564 497 999 287 156 245 366 506 655 881 699 186 802 476 804
36 897 96 219 714 968 869 977 810 263 74 637 9 380 27 209 458 16 657 701 437 188 212 138 881 69 511 752 470 496 811 992 588 95 895 258 253 955 730 468 68 963 524 841 744 532 356 161 595 586 306 425 174 460 459 179 785 774 597 310 622 932 531 807 115 224 627 431 718 260 66 162 611 616 904 869 976 571 354 465 736 45 672 974 811 633 673 342 995 391 752 410 547 364 944 92 22 284 283 556
737 715 663 86 7 907 741 389 261 423 116 770 794 274 177 356 991 597 118 474 106 955 209 597 158 220 486 885 836 7 803 936 146 561 414 315 720 906 552 74 993 42 63 869 261 982 106 867 518 375 32 934 580 222 172 5 843 713 403 847 163 289 129 453 676 737 439 277 960 745 221 192 158 118 499 331 128 739 847 904 527 868 708 717 925 517 296 892 46 588 385 606 653 613 53 869 989 549 703 927
321 190 727 936 183 263 369 900 669 911 68 213 202 602 565 360 90 369 235 56 891 435 717 35 501 896 41 406 838 443 821 445 517 568 982 754 267 998 284 50 463 231 723 568 440 350 675 474 477 205 859 980 907 108 291 460 593 965 987 383 827 673 284 138 529 926 812 373 378 847 888 931 188 570 561 190 246 353 971 25 156 671 503 408 846 517 401 554 932 669 278 837 798 103 455 769 349 260 284 206
856 558 937 157 493 211 769 923 432 279 301 914 787 146 169 311 432 308 44 643 906 990 569 467 970 117 774 13 9 731 924 482 871 555 332 46 484 536 205 433 939 228 715 209 670 763 889 264 201 34 699 125 767 565 829 780 366 674 164 81 927 748 65 945 239 293 802 823 898 804 100 60 657 564 108 337 268 874 96 467 376 357 706 637 942 546 31 878 834 539 162 488 87 848 118 968 875 97 916 770
789 305 432 39 718 271 294 70 626 36 729 476 999 652 130 973 166 131 937 809 103 432 838 244 342 388 265 826 712 755 623 979 959 640 700 814 206 734 293 243 848 190 642 141 127 978 279 567 326 198 962 644 773 799 830 72 901 507 132 872 182 749 334 686 133 53 961 878 132 575 454 505 902 652 503 617 173 480 32 645 997 375 178 42 418 682 205 127 690 716 908 133 890 737 863 763 588 540 119 369
949 769 405 499 400 919 900 33 94 899 48 196 94 930 684 518 21 182 139 626 571 469 15 717 857 775 634 325 992 82 101 393 791 310 665 731 336 650 289 907 415 160 611 975 907 254 183 370 324 671 789 674 569 447 542 951 45 726 228 482 901 917 788 582 366 305 950 521 648 990 71 218 234 895 354 292 353 703 836 636 156 637 735 720 754 932 159 219 863 15 886 471 808 140 353 287 294 373 557 128
204 960 764 820 524 592 105 317 912 620 78 635 302 926 311 407 174 268 568 295 378 617 101 741 174 973 511 122 921 383 37 966 111 726 101 530 887 892 9 84 746 219 459 468 248 229 649 905 712 931 339 606 522 276 809 417 874 763 605 793 259 598 521 814 203 156 570 269 797 567 182 23 576 936 574 440 758 172 420 529 591 823 168 106 707 856 382 601 735 361 121 380 545 721 633 855 920 275 371 304
406 231 278 867 517 785 985 516 435 158 700 976 25 960 910 111 418 684 384 947 313 561 83 833 925 171 405 666 197 521 425 747 494 477 744 833 4 4 828 725 967 713 729 254 280 276 683 368 973 750 963 288 313 971 49 230 823 171 960 193 97 455 117 229 483 819 524 78 261 632 640 380 564 4 844 957 384 768 744 14 974 708 212 120 245 642 671 714 307 701 420 587 647 336 920 320 990 913 652 463
760 742 656 154 918 222 941 796 632 598 918 497 305 558 836 118 108 414 535 188 56 82 293 857 5 515 70 24 369 140 965 471 406 459 597 804 543 731 267 384 10 160 378 130 102 915 620 958 894 280 796 640 366 494 865 314 149 680 962 323 431 848 346 557 520 43 995 505 679 331 904 285 276 576 929 124 485 131 819 885 212 287 517 179 491 170 948 193 388 929 25 972 956 353 141 166 469 116 760 166
35 226 364 17 476 596 331 177 482 844 559 471 407 374 75 640 697 912 297 132 850 271 338 761 34 870 671 860 45 49 206 623 669 755 183 860 809 166 870 55 522 403 206 374 763 692 296 947 350 149 78 620 86 737 340 409 759 449 23 971 333 214 766 464 524 399 539 223 469 524 56 848 510 160 688 960 788 110 96 848 724 268 396 970 478 777 543 507 883 795 549 886 543 153 640 198 515 219 948 926
439 415 463 11 603 657 304 192 535 54 559 558 586 14 544 473 828 465 353 936 563 919 956 622 444 524 885 747 334 98 618 904 876 755 428 439 860 413 120 573 482 776 824 766 177 109 361 137 14 785 866 262 204 396 404 463 857 592 554 728 109 297 392 751 646 16 695 290 134 456 595 146 384 773 132 475 88 489 67 368 760 553 182 5 479 766 376 898 561 738 104 897 381 636 126 199 152 49 515 812
942 383 346 582 360 990 280 920 603 315 92 397 873 671 236 608 278 287 537 765 915 853 884 538 740 514 94 498 256 173 835 387 163 111 644 109 205 913 109 705 658 975 897 43 432 170 101 362 88 607 522 367 753 121 285 295 969 47 61 307 880 811 322 9 332 276 596 182 377 230 585 519 647 702 501 471 66 714 509 92 167 113 523 616 221 405 137 266 146 43 512 605 95 262 479 348 724 969 396 854
937 364 252 707 619 72 464 494 208 379 51 893 383 260 813 9 393 570 594 392 491 593 42 55 733 852 391 539 576 807 138 219 865 181 286 313 937 590 499 481 173 668 194 51 672 68 327 931 403 263 30 173 928 472 263 279 453 770 496 742 42 689 203 657 151 544 546 372 716 59 692 141 118 799 378 892 131 989 880 573 19 794 377 378 644 145 394 192 494 781 516 947 980 980 658 743 88 207 74 926
969 733 351 655 233 964 985 825 353 803 228 505 243 21 87 617 421 18 2 664 482 397 676 474 327 994 347 188 443 320 715 264 28 94 570 951 106 758 849 917 827 681 527 243 805 360 75 310 8 138 674 414 553 743 997 275 424 677 32 678 268 213 555 982 951 392 233 514 780 541 608 917 40 234 833 79 43 569 837 829 190 380 229 638 629 622 633 920 166 344 480 911 765 323 435 163 484 501 130 824
768 852 229 840 81 936 691 725 979 338 617 794 322 940 672 818 98 508 528 569 399 327 466 553 284 445 966 535 62 432 934 68 108 899 915 210 298 245 829 622 4 681 215 838 680 322 397 615 271 862 231 421 13 971 27 613 649 523 274 354 147 648 236 151 558 849 312 965 188 155 625 378 911 540 854 112 85 812 651 27 285 7 949 150 795 498 573 675 129 858 658 817 289 751 431 843 526 573 397 172
793 866 248 24 512 295 334 895 966 431 703 821 465 383 298 888 165 620 295 83 718 833 834 538 18 911 892 645 488 151 200 28 834 440 573 52 619 875 872 685 842 624 749 756 297 910 241 513 690 721 627 424 436 608 960 969 35 595 151 977 781 370 434 525 554 314 12 461 592 105 111 883 817 632 157 262 920 418 593 699 864 382 275 756 589 719 167 711 558 89 426 550 235 703 34 64 829 581 438 15
648 845 870 464 625 16 497 144 866 473 718 439 990 216 728 447 134 619 965 71 437 999 109 158 14 2 56 987 691 522 977 387 480 101 448 50 138 802 515 900 19 90 628 720 355 698 274 330 841 345 655 267 883 385 767 818 179 280 141 895 981 362 260 236 265 645 224 689 776 422 361 601 197 304 134 26 252 160 43 98 279 542 781 161 750 136 197 357 28 801 902 574 245 877 162 159 924 807 167 700
121 4 49 402 332 286 209 157 667 797 462 103 162 144 836 320 360 548 384 697 902 295 282 685 187 729 245 738 50 502 668 412 288 722 597 475 266 674 920 316 253 191 545 141 138 672 307 915 497 150 194 799 529 292 485 905 169 458 987 309 147 903 759 331 469 255 441 932 203 382 325 840 912 626 564 930 106 79 92 148 230 556 642 672 668 118 9 7 263 817 744 128 431 197 504 14 414 561 654 675
228 660 751 357 749 342 640 220 801 413 506 572 524 153 558 953 976 646 644 231 375 961 672 14 289 756 686 316 983 777 448 623 528 402 90 132 310 726 594 973 983 12 479 372 698 272 691 218 664 240 476 107 380 366 432 868 100 77 163 442 154 811 770 929 689 219 25 142 575 242 913 984 312 875 748 46 548 917 642 460 797 887 409 232 927 230 932 228 835 664 483 157 455 611 135 320 204 412 272 278
711 903 165 777 340 996 755 987 907 241 936 218 160 523 909 657 538 888 989 518 624 845 671 700 470 170 7 409 890 847 227 932 797 979 327 856 686 474 77 308 126 640 177 181 140 716 712 924 819 545 832 596 622 194 980 723 28 718 346 459 355 611 626 227 786 451 74 274 226 612 256 461 22 129 797 622 643 640 655 341 419 13 666 286 953 125 233 80 588 194 573 866 922 52 310 341 914 341 206 891
515 862 832 456 725 352 262 872 372 677 146 538 801 702 454 457 618 895 10 210 308 979 768 977 535 93 209 97 672 306 898 336 681 859 218 567 186 926 5 271 543 615 498 228 194 721 801 794 714 63 732 138 486 702 238 295 426 230 624 527 850 809 970 911 108 807 711 171 890 570 467 432 338 393 979 796 220 108 494 141 498 528 95 842 537 743 871 32 924 646 715 293 105 172 649 779 451 34 716 53
196 279 585 416 119 18 41 520 619 898 75 536 459 144 101 522 405 934 977 601 219 345 18 679 260 805 314 751 831 587 960 224 248 857 9 356 188 462 90 394 904 315 683 226 474 597 210 775 333 120 380 954 173 396 801 702 377 507 189 850 758 336 827 998 370 516 785 118 289 39 816 182 982 103 638 930 321 73 701 789 861 459 165 243 918 37 884 864 954 780 600 282 880 588 567 522 863 613 322 783
476 877 437 448 188 961 831 47 669 262 110 98 897 789 768 545 607 134 580 783 531 170 737 589 189 475 733 395 498 345 722 876 178 603 454 73 903 100 296 645 296 348 481 297 174 346 394 341 443 380 68 246 477 496 883 17 612 683 981 972 724 417 865 292 215 733 700 527 646 143 260 521 243 99 448 381 77 980 498 952 533 398 816 22 364 112 543 758 123 86 612 416 502 928 278 101 495 58 769 253
30 573 349 912 919 80 426 626 707 782 839 962 761 548 135 384 620 522 325 893 411 282 451 492 153 604 288 30 228 821 456 740 655 545 215 626 191 346 230 11 295 462 266 599 355 749 56 111 720 361 218 250 466 185 558 629 605 448 639 703 898 920 213 195 413 380 149 892 446 4 714 800 335 34 913 899 937 951 911 823 174 608 30 506 465 933 664 651 378 157 978 646 957 68 932 367 973 559 902 484
314 27 217 103 402 700 485 96 492 633 156 600 452 946 310 302 148 538 958 189 431 631 286 987 264 412 141 419 369 530 81 580 832 587 784 772 85 529 572 695 438 999 6 798 849 418 292 511 118 335 325 1 371 321 334 326 34 637 200 519 744 776 658 645 613 164 435 935 619 487 218 593 605 210 670 534 5 432 668 428 890 317 301 54 562 766 870 553 411 467 80 77 985 207 251 63 653 182 622 850
799 216 920 598 559 870 486 568 481 319 312 992 445 538 630 734 979 292 561 598 718 905 992 440 679 293 537 62 837 789 305 327 116 943 966 436 502 172 557 128 997 758 878 553 752 336 684 415 353 787 616 974 259 290 487 30 383 725 253 226 156 173 654 555 40 151 681 966 987 587 296 616 588 126 367 945 418 302 264 181 112 225 339 562 259 536 613 334 261 666 498 440 355 950 216 432 392 338 899 406
686 654 957 986 790 204 253 212 396 648 911 922 700 458 218 357 317 777 987 599 347 689 207 532 949 261 908 780 135 929 222 770 238 781 38 985 775 494 546 172 897 46 724 826 321 522 850 248 930 655 776 119 224 137 243 848 352 727 663 785 876 738 20 274 750 896 792 299 215 49 48 115 443 257 893 184 672 416 99 431 579 158 412 34 174 455 921 979 460 168 745 492 180 892 625 682 90 629 313 611
26 833 838 601 897 583 29 296 720 840 731 950 176 525 282 308 573 497 361 9 843 461 284 463 305 976 882 896 808 466 408 178 545 126 469 638 388 294 443 690 606 186 564 188 702 330 260 79 106 374 22 700 476 103 421 943 300 600 812 682 294 407 336 669 329 663 106 1 372 598 248 528 79 422 388 741 174 703 703 264 442 214 615 383 142 880 770 952 866 703 51 610 496 349 718 471 557 401 9 948
86 831 574 76 19 964 806 184 110 937 356 359 678 616 3 322 384 537 20 957 663 49 743 132 346 914 133 485 832 787 387 771 260 753 183 356 402 203 150 446 941 609 535 371 537 392 254 796 91 920 711 618 573 499 368 89 683 243 208 167 323 362 483 870 683 516 956 642 519 559 532 107 575 654 55 611 488 177 301 90 210 43 451 370 308 833 154 479 324 748 223 488 306 864 576 435 956 8 468 286
91 610 519 155 684 625 175 416 101 381 998 407 224 274 526 86 447 76 738 508 425 35 22 46 375 437 601 676 725 855 212 775 25 975 275 944 924 515 652 252 886 313 695 198 805 855 267 167 612 822 401 671 754 468 411 889 803 896 584 717 208 187 224 383 103 57 892 593 442 948 852 810 718 504 423 806 54 636 753 874 869 893 205 632 530 43 836 952 849 888 241 610 423 2 561 8 19 972 18 421
200 36 56 269 900 160 380 34 69 725 878 132 347 545 680 991 362 635 256 736 44 214 542 676 270 203 878 889 146 292 774 717 228 200 760 225 316 627 616 709 351 529 699 896 674 159 418 440 654 125 777 854 316 280 533 907 838 43 68 567 852 896 70 908 76 195 364 641 403 278 907 598 888 604 345 914 581 333 595 873 311 65 754 861 817 823 735 548 535 691 185 684 630 713 429 60 712 200 587 899
385 719 160 799 537 136 682 852 426 184 384 388 631 595 64 750 294 629 723 975 523 222 670 799 474 497 888 621 561 767 398 498 773 290 487 411 67 871 622 147 142 975 588 526 745 899 10 653 538 67 89 988 743 790 538 966 48 270 189 943 558 65 358 876 984 638 747 339 37 956 837 179 897 684 215 355 29 921 349 118 36 339 19 259 543 279 254 394 237 155 815 778 766 756 61 866 154 738 138 93
808 831 720 788 904 420 142 296 345 560 979 113 372 380 507 210 565 68 278 694 431 341 27 142 737 592 279 862 668 574 79 445 774 453 765 368 259 58 572 939 31 645 142 89 543 803 921 564 192 57 809 66 554 316 254 187 330 489 278 266 491 733 747 350 65 354 12 904 894 928 280 385 917 787 403 157 560 803 61 149 47 52 12 430 124 572 325 396 311 588 852 477 501 394 58 626 904 286 185 336
370 822 208 1 293 431 710 453 46 681 759 290 210 391 960 680 5 620 35 594 945 775 294 466 653 139 967 706 873 523 499 943 928 144 633 844 191 451 113 666 241 616 665 29 891 841 724 736 758 944 35 526 212 885 957 768 433 651 513 59 487 622 738 339 769 923 975 352 851 995 813 471 199 498 514 122 342 635 109 802 53 422 956 59 778 851 455 87 823 871 194 489 486 530 998 675 848 644 428 992
221 225 898 59 111 316 404 42 15 317 260 644 518 418 60 519 194 6 935 456 20 383 966 813 767 84 840 226 784 533 622 2 495 316 232 594 787 369 852 839 323 55 42 329 217 570 16 995 309 679 344 300 152 568 498 675 93 638 938 989 611 169 727 860 107 687 234 993 889 976 237 875 647 525 720 681 830 730 251 778 733 403 824 602 302 118 804 723 296 73 698 240 131 527 166 640 807 599 173 732
606 914 93 846 180 834 996 634 631 639 463 975 506 993 600 724 628 405 255 150 548 87 870 991 570 140 181 980 534 706 829 186 509 986 545 4 169 463 828 485 576 428 467 377 440 927 964 332 691 967 191 630 331 197 607 375 958 445 458 300 623 565 445 475 859 956 105 834 291 285 315 148 828 682 405 719 770 434 56 690 438 462 895 3 179 208 319 905 624 511 839 718 503 549 334 555 526 237 311 376
990 961 655 387 263 507 966 647 37 9 462 603 560 426 376 830 62 382 709 348 683 13 971 386 244 551 225 389 929 800 703 105 341 139 16 836 303 761 497 708 933 891 376 244 142 377 30 935 516 335 632 419 599 520 33 691 48 909 360 383 898 703 87 521 96 172 606 532 870 570 649 67 496 445 418 922 726 665 191 960 989 880 613 237 288 286 32 505 959 827 722 353 151 189 716 749 593 549 22 439
549 734 264 337 581 221 226 653 37 27 317 537 877 847 928 787 422 675 92 187 960 746 610 760 903 952 721 213 327 706 302 687 954 608 2 253 763 96 188 874 714 838 63 757 391 542 497 381 12 328 869 378 454 337 460 184 656 160 692 573 611 116 48 401 574 816 97 567 249 660 7 567 774 776 695 430 295 740 305 376 621 26 313 708 565 767 255 38 477 502 685 586 143 985 135 897 67 788 61 990
