1000000000 30 10
46 60 737 899 959
97 99 763 705 827
40 98 959 509 851
77 61 576 885 723
88 10 680 642 780
51 7 629 521 731
79 59 616 742 583
89 49 970 777 523
14 33 893 570 625
84 38 560 779 967
61 45 610 694 780
67 65 621 728 833
18 14 633 994 782
23 21 979 977 978
70 72 912 720 750
90 33 726 874 674
24 58 577 582 989
89 2 577 838 530
38 82 507 725 512
44 96 563 746 986
41 20 791 872 909
24 23 882 808 796
60 42 723 767 743
90 28 576 949 979
64 77 949 524 610
12 62 500 703 511
29 86 702 674 955
33 1 609 860 771
70 55 721 505 864
45 86 748 570 608
