100 30 8
100 54 976 515 704
84 9 771 860 812
8 70 922 785 610
53 24 953 811 828
51 22 949 536 590
9 17 776 978 857
64 22 985 639 978
42 60 839 835 716
67 59 516 691 939
65 37 632 632 632
31 26 814 691 758
24 93 964 678 516
99 97 503 871 996
25 94 908 500 607
9 55 963 777 873
34 64 804 528 504
63 70 950 987 726
79 37 917 772 610
6 5 604 539 870
25 41 850 510 984
13 16 741 949 661
94 53 557 828 559
44 60 829 829 809
52 34 742 884 646
61 73 805 961 627
55 16 742 948 842
19 72 869 500 524
53 32 741 959 776
34 43 531 548 633
18 90 814 559 980
