10000 30 3
87 13 602 582 524
80 3 887 576 959
80 83 912 566 851
1 91 869 932 886
85 42 965 602 601
53 8 530 815 811
26 71 584 759 551
30 25 854 935 990
17 29 534 566 700
92 62 527 704 518
15 65 913 862 737
81 48 909 815 815
62 55 722 981 925
40 88 555 719 589
2 51 504 565 640
13 92 524 532 775
44 95 715 914 600
24 79 732 862 769
31 55 681 658 832
94 90 678 670 615
12 54 863 540 867
41 63 878 939 742
63 45 902 836 832
50 20 977 802 888
92 60 571 695 602
13 76 627 778 858
98 69 771 813 720
55 51 670 995 675
100 14 556 712 624
32 6 610 840 920
