1000000 30 23
13 74 775 875 874
99 58 968 667 554
100 62 857 525 903
22 42 920 549 938
72 76 952 698 911
29 31 873 820 790
68 61 577 501 829
21 82 876 951 666
69 32 591 747 508
65 69 974 670 513
5 46 967 778 764
72 26 556 662 716
49 27 734 558 785
40 90 758 745 811
86 20 590 834 787
99 72 934 576 523
49 29 798 730 791
8 7 654 988 795
100 21 599 864 744
2 12 832 731 990
96 16 754 604 513
56 21 880 851 887
59 72 887 866 789
43 59 860 609 650
19 88 924 657 607
68 18 503 651 848
50 21 805 508 693
31 52 551 806 750
17 40 556 698 604
90 91 759 959 672
