100000000 30 28
72 29 933 756 917
52 83 542 698 992
7 62 894 671 786
45 89 757 875 535
72 79 832 602 805
6 79 669 807 658
84 72 904 604 813
91 36 676 866 991
32 70 756 530 608
66 85 724 905 693
93 60 755 963 719
70 10 938 889 908
8 100 561 850 695
54 83 675 695 553
44 83 916 750 583
25 85 800 713 741
80 76 834 579 806
81 82 594 731 696
69 54 561 702 707
57 4 976 696 682
36 82 794 677 696
76 57 833 548 951
14 21 986 907 593
59 66 506 811 743
77 29 732 933 886
18 72 864 911 967
8 3 605 528 901
79 32 864 848 624
34 23 547 778 969
18 11 851 856 619
