10 10 100
3 6 4 2 1 2 4 4 2 2
B 1 5 26
B 1 8 861
B 1 3 472
B 3 8 826
B 6 7 270
B 7 1 553
B 2 10 154
B 3 9 839
B 2 5 722
B 10 7 566
B 8 3 777
B 5 9 801
B 5 7 672
B 2 3 186
B 6 6 373
B 4 2 175
B 1 8 137
B 2 6 600
B 2 7 258
B 7 8 268
B 2 2 31
B 3 6 525
B 5 4 900
B 10 1 612
B 7 7 527
B 9 4 333
B 1 9 163
B 6 8 624
B 8 9 742
B 8 5 673
B 2 10 555
B 6 8 292
B 2 6 69
B 7 7 278
B 4 5 334
B 5 1 624
W 3 8
B 2 10 200
W 5 1
B 2 3 418
B 10 3 957
B 3 5 883
B 7 4 495
W 7 4
W 4 3
B 2 4 903
B 4 6 647
B 10 5 346
B 3 6 497
B 7 6 733
B 7 8 833
B 5 2 273
B 9 4 344
B 9 4 389
W 1 5
B 4 3 482
B 7 7 788
B 5 10 995
B 6 9 446
B 6 8 141
B 2 1 632
B 4 1 320
B 7 9 787
B 8 9 890
B 6 10 943
B 7 1 368
B 5 4 783
B 4 8 411
B 5 5 548
B 4 6 563
B 2 10 209
B 9 1 616
B 1 9 633
B 4 5 788
B 9 9 377
B 1 1 450
B 1 4 350
B 1 7 266
B 8 3 294
B 1 5 194
B 1 5 729
B 4 3 736
B 8 7 21
B 2 3 741
B 3 4 393
B 8 1 850
B 2 3 360
B 2 10 72
B 10 10 726
B 1 8 675
B 10 3 25
B 8 4 230
B 5 9 571
B 9 4 833
B 9 10 368
B 10 10 970
W 7 8
B 3 4 906
B 5 5 254
B 2 7 353
