1000 1000 1000
2 6 8 2 6 2 1 9 2 3 10 9 1 1 9 1 1 9 2 4 1 9 10 3 9 6 7 1 6 4 6 1 4 9 10 5 10 9 9 1 1 10 3 4 4 5 8 3 2 10 1 2 3 8 8 9 5 6 5 9 4 2 7 1 3 7 7 10 7 2 8 5 5 6 3 10 5 1 10 8 8 10 10 5 6 9 2 10 4 4 8 9 4 6 9 1 5 10 8 1 9 5 5 6 5 3 10 3 9 7 5 9 2 8 4 1 8 7 3 10 7 6 6 4 9 7 10 3 7 1 9 7 8 10 7 3 5 2 10 5 7 8 6 2 2 7 8 9 4 4 8 1 2 1 3 3 8 2 9 8 8 1 2 4 1 9 3 9 1 1 1 5 8 8 3 5 9 10 8 1 1 8 6 6 2 6 1 7 4 5 8 6 4 2 1 1 2 8 8 10 10 2 4 3 5 9 1 9 1 8 3 8 3 4 10 10 8 6 1 7 4 7 3 4 8 2 9 10 8 5 6 5 1 8 6 6 7 7 8 7 8 5 6 5 2 2 10 5 6 7 4 4 7 7 6 10 3 1 10 9 6 2 9 8 10 9 5 7 10 7 2 2 2 7 10 9 10 3 8 5 4 9 9 8 8 3 10 5 9 9 7 4 9 1 5 1 6 4 5 7 9 10 7 5 9 9 4 8 3 7 2 2 1 10 3 3 5 3 10 9 9 5 4 2 3 1 8 3 8 9 1 7 6 6 1 3 4 4 2 2 6 8 10 4 8 1 9 9 8 8 1 2 7 8 5 7 6 7 8 10 8 4 4 10 8 1 1 7 6 6 10 1 5 8 10 8 5 2 4 8 2 5 1 5 6 5 1 6 9 10 3 8 8 4 1 6 9 6 7 2 4 3 3 8 3 2 6 10 6 5 8 10 9 1 9 8 10 4 10 8 8 1 9 6 7 10 9 3 3 5 6 2 2 9 5 10 6 4 4 8 2 6 4 10 6 9 7 4 5 6 8 5 10 9 4 8 6 9 10 9 2 8 9 9 6 9 8 6 6 6 5 10 6 9 5 10 6 1 2 7 2 4 7 9 8 9 5 9 4 3 8 4 6 4 6 9 1 2 3 10 4 9 7 7 9 6 3 3 4 10 8 3 10 7 8 7 2 10 6 5 10 7 4 2 4 3 7 3 1 5 4 1 7 3 9 2 5 5 3 3 7 9 7 2 3 7 4 8 1 1 5 3 4 9 1 3 7 8 5 6 3 5 3 5 5 4 1 8 4 4 1 5 1 4 1 5 2 9 5 2 7 3 6 1 6 7 7 1 1 8 8 6 6 7 3 5 6 3 10 6 9 1 9 3 8 6 9 10 5 10 10 9 8 9 6 8 6 8 3 5 6 3 6 4 7 6 1 4 2 1 6 3 1 8 8 10 1 3 7 7 1 10 6 8 6 1 9 2 7 8 4 5 4 6 5 8 4 3 4 7 4 3 6 5 2 6 9 4 10 8 1 8 1 9 10 9 2 10 10 1 5 2 3 6 9 9 3 9 10 7 8 10 10 4 4 4 4 10 1 4 10 5 8 10 2 10 7 9 5 5 10 2 5 8 8 6 7 4 8 8 2 1 10 8 8 2 3 4 2 7 7 4 5 1 6 4 10 10 4 5 3 9 8 5 2 4 1 3 7 5 4 9 10 9 8 6 2 1 4 3 10 9 10 3 1 4 7 7 9 2 3 2 10 3 1 9 2 8 3 5 6 6 8 4 3 9 5 7 10 7 1 1 6 5 2 8 9 6 4 2 1 2 5 2 8 9 3 3 1 3 6 8 10 5 9 4 3 8 3 2 7 3 3 5 7 4 3 8 3 2 4 10 7 2 6 1 6 5 10 4 1 10 10 10 2 6 7 8 3 10 2 4 5 1 2 6 2 10 2 9 6 8 4 10 1 2 5 10 3 7 8 2 5 7 6 4 6 2 1 7 10 8 5 5 2 2 9 4 3 8 5 9 2 9 5 9 9 8 5 9 4 7 5 1 3 2 9 7 9 1 8 7 4 9 8 3 7 6 7 2 2 10 1 5 5 6 1 2 1 2 1 5 7 5 9 10 6 3 10 6 10 9 4 4 8 10 7 6 5 6 10 2 3 5 4 6 8 7 10 5 6 10 7 2 8 3 4 3 8 6 9 8 8 7 5 10 6 9 1 9 4 3 6 1 4 2 10 4 10 4 3 4 7 7 9 4 9 2 5 2
B 737 832 660
B 421 19 292
B 421 267 912
B 939 111 166
B 993 242 117
B 785 808 673
B 320 753 784
B 417 973 917
B 100 201 661
B 803 404 693
B 495 764 780
B 638 269 812
B 927 805 582
B 761 598 589
B 315 46 939
B 768 342 919
B 618 272 154
B 529 527 905
B 649 794 119
W 677 86
B 100 757 916
B 617 525 866
B 571 876 474
B 207 740 608
B 679 681 122
B 958 185 66
B 842 204 664
B 782 448 302
B 135 28 2
B 63 174 997
B 238 418 532
B 883 711 733
B 8 133 182
B 464 404 896
W 30 725
B 19 70 627
B 475 910 315
B 978 335 266
B 632 571 75
B 208 264 268
B 88 413 775
B 631 196 517
B 822 464 123
B 666 286 158
B 970 663 833
B 149 733 455
B 465 74 415
B 218 240 183
B 495 614 531
B 9 643 882
B 12 984 130
B 965 848 396
B 566 659 28
B 811 403 11
W 754 61
B 902 793 463
B 98 101 920
B 677 371 752
B 214 198 394
B 653 730 774
B 567 267 636
B 59 645 22
B 206 317 477
B 152 358 984
B 47 248 359
B 525 30 810
B 356 665 184
B 795 388 183
W 909 439
B 783 194 82
B 614 88 748
B 459 362 752
B 456 804 723
B 674 43 2
B 91 898 599
B 199 940 60
B 321 166 719
B 386 86 921
B 674 786 962
B 449 706 577
B 604 504 197
B 614 441 276
B 719 710 963
B 39 929 395
B 812 965 386
W 188 268
B 888 774 90
B 708 451 501
B 822 997 182
B 145 671 703
B 858 96 954
B 103 815 178
B 376 937 244
W 246 523
B 341 868 863
B 685 723 882
B 736 766 168
B 670 678 695
B 907 563 80
B 736 658 540
B 851 871 15
B 194 768 394
B 443 802 226
B 766 33 428
B 421 549 791
B 804 505 664
B 239 915 437
B 52 880 635
B 72 128 262
B 608 615 70
B 564 490 1000
B 230 792 856
B 338 896 230
B 853 811 714
B 26 260 742
B 406 792 793
W 550 87
B 296 883 609
B 335 969 175
B 338 651 859
B 759 833 605
B 899 296 523
B 95 188 919
B 899 688 746
W 602 748
B 926 182 906
B 607 464 585
B 870 312 341
W 756 479
B 189 92 853
B 649 439 403
B 180 496 439
B 139 234 598
B 838 454 115
B 167 992 197
B 325 764 378
B 594 504 107
B 521 363 317
B 475 986 582
W 292 939
B 891 351 533
B 273 89 196
B 614 876 406
B 593 517 88
B 624 202 810
W 94 756
B 777 910 356
B 736 183 970
B 638 678 336
B 581 710 287
B 851 565 548
B 935 614 203
B 132 250 528
B 56 737 479
B 990 541 889
B 227 97 775
B 650 368 339
B 184 184 16
B 978 900 675
B 183 583 635
B 472 469 773
B 545 345 463
B 118 54 137
B 248 279 626
B 161 178 207
B 296 47 475
B 779 13 920
W 291 176
B 732 384 160
B 631 922 620
B 874 478 145
B 558 337 159
B 393 50 158
B 380 833 83
B 741 403 849
B 781 943 184
B 272 900 372
B 756 189 765
B 535 205 940
B 939 500 499
B 609 978 981
B 767 549 453
B 294 713 492
B 734 267 20
B 267 90 261
B 730 424 176
B 132 11 331
B 614 12 155
B 569 382 529
B 982 382 663
B 391 208 824
B 836 971 102
W 64 984
W 960 859
B 251 466 608
B 43 850 556
B 955 44 106
W 39 651
B 634 528 751
B 749 636 523
B 665 438 47
B 502 15 247
B 607 795 311
B 440 490 887
B 102 852 638
B 205 54 329
B 831 583 244
B 851 425 701
B 853 747 579
B 89 774 403
W 643 222
W 26 289
B 673 230 844
W 923 144
B 980 33 350
W 810 630
B 683 630 490
B 815 149 684
B 791 555 90
B 631 411 681
B 936 753 906
B 283 178 210
W 773 890
B 209 862 241
B 807 416 239
W 390 385
B 25 10 815
W 967 467
W 471 718
B 512 656 472
B 768 838 955
B 952 169 883
B 569 721 257
B 29 1000 960
B 713 624 705
B 974 652 709
B 963 582 570
B 144 131 654
B 696 904 332
B 724 593 412
B 668 69 865
W 595 993
B 825 232 745
B 482 296 864
B 279 625 142
B 799 920 766
B 77 596 117
B 781 760 110
W 3 696
B 550 418 871
B 351 341 281
B 941 190 320
B 261 799 664
B 60 273 402
W 480 756
B 429 509 611
B 492 617 871
B 203 374 292
B 513 620 866
B 757 528 143
W 55 563
B 192 364 529
B 483 177 686
W 725 918
B 100 975 527
B 360 497 360
B 15 332 402
W 554 933
B 464 955 208
B 105 718 893
B 355 179 72
B 659 517 446
B 102 839 134
B 886 868 623
B 634 406 118
B 737 639 13
B 626 769 11
B 505 461 627
B 625 907 907
B 452 585 531
B 355 694 377
B 843 348 755
B 134 32 119
B 455 616 405
B 350 65 903
B 950 162 165
B 828 331 420
B 625 779 903
B 269 688 566
B 538 912 164
B 711 671 343
B 555 265 981
B 10 689 343
B 996 938 388
B 650 522 593
B 966 826 268
B 829 149 507
B 908 980 239
B 361 34 358
W 889 287
B 582 939 319
W 617 941
B 145 461 161
B 406 575 79
B 21 925 81
W 1 70
W 205 152
B 232 475 831
B 418 248 769
B 452 903 69
B 285 617 144
B 315 339 560
B 172 562 544
B 353 145 291
B 535 338 138
B 363 919 211
B 363 348 11
W 916 298
B 812 123 97
W 29 648
B 891 870 522
B 30 525 713
B 171 57 273
B 852 182 332
B 843 474 734
B 907 527 702
B 413 223 740
B 863 273 878
W 10 701
B 267 945 234
W 85 672
B 147 221 837
B 216 243 244
B 526 737 479
W 227 188
B 880 996 655
B 255 725 25
B 579 864 127
W 387 272
B 919 336 595
B 530 564 25
B 955 779 571
B 70 874 998
B 607 919 63
B 42 799 980
B 472 846 395
B 571 607 533
W 12 782
B 642 946 85
B 752 846 985
B 603 58 185
B 753 521 932
B 320 676 9
B 732 289 471
B 863 976 554
B 797 579 283
B 697 609 738
B 834 459 106
B 265 663 737
B 193 11 348
B 827 847 697
B 314 216 667
B 212 350 24
B 528 413 927
W 149 508
B 525 945 180
W 878 717
W 544 162
B 77 808 397
B 310 550 890
B 949 459 391
B 675 547 296
B 737 388 341
B 862 967 661
B 544 707 51
B 294 776 752
B 539 252 637
B 351 201 452
W 713 874
B 234 748 245
B 650 264 893
W 752 574
B 655 915 302
W 68 533
B 72 853 573
B 550 723 961
B 956 193 773
B 823 146 429
B 50 115 672
B 159 261 598
B 796 499 641
B 901 823 852
B 92 755 142
B 893 244 342
W 221 80
B 526 31 456
B 68 138 144
B 115 66 629
B 512 981 479
B 609 791 35
B 332 942 374
B 802 891 715
B 931 514 875
B 611 998 206
B 23 254 465
B 56 667 249
B 66 580 553
B 405 809 95
B 926 810 895
B 342 493 647
B 936 619 141
B 600 328 268
B 928 630 638
B 58 650 634
B 423 462 904
B 375 41 944
B 526 356 668
B 567 855 225
B 412 344 335
B 511 113 719
B 285 437 497
B 468 711 314
W 875 755
B 370 334 839
B 740 107 739
B 104 188 27
B 603 742 453
B 330 807 243
B 591 976 839
B 77 53 104
B 676 116 796
B 549 30 132
B 981 36 77
B 621 669 311
B 69 403 473
B 874 262 803
W 918 542
B 232 743 279
B 381 776 489
B 416 1 229
B 859 203 501
B 169 585 397
B 825 432 242
B 31 281 680
B 979 168 471
B 775 122 360
B 868 190 56
B 378 666 842
B 980 510 566
B 261 131 7
B 629 406 209
B 547 122 227
B 871 502 46
B 335 239 288
B 705 52 419
B 999 467 676
B 954 993 134
B 545 129 979
B 470 622 131
B 660 945 528
B 558 552 357
B 612 44 141
B 179 285 365
W 544 137
B 568 807 400
W 647 563
B 453 979 502
W 109 88
B 442 160 272
B 831 898 781
W 85 71
B 506 997 154
B 398 542 372
B 690 575 291
B 699 573 184
B 940 532 57
B 110 210 864
B 664 880 648
B 511 929 808
B 181 986 971
B 647 989 626
B 630 945 660
B 988 103 670
B 233 758 265
W 102 767
B 303 925 77
B 54 696 206
B 37 315 660
B 797 526 862
B 367 805 12
W 43 317
B 856 610 452
B 524 90 19
B 272 119 146
B 209 211 712
W 182 466
B 529 653 839
B 305 832 694
B 942 643 387
B 517 473 397
B 913 87 424
B 695 440 831
B 286 192 798
B 79 675 710
B 498 358 971
B 84 682 725
B 27 880 355
B 596 413 648
B 660 327 338
B 179 240 927
B 518 905 393
B 148 834 533
B 751 669 41
W 743 737
B 222 943 293
B 717 997 164
B 750 620 139
B 892 405 725
B 14 98 404
B 610 492 117
B 886 242 236
B 70 418 854
B 844 121 754
B 643 410 321
B 558 870 630
B 636 751 74
B 434 285 199
B 757 885 834
B 770 878 421
B 780 545 294
B 747 63 379
B 106 24 810
B 122 664 387
B 195 46 560
B 431 719 210
B 78 382 394
B 24 938 555
B 220 118 211
W 530 171
B 642 231 325
B 749 305 759
B 796 726 939
B 569 419 605
W 479 71
W 425 577
B 752 958 485
B 618 872 54
B 845 292 441
W 14 241
B 887 685 848
B 456 962 592
B 559 444 901
B 247 704 976
B 558 407 827
B 684 759 953
B 582 928 413
B 135 797 914
W 492 574
B 236 104 703
B 843 787 482
B 983 632 161
B 454 232 650
B 30 653 738
W 57 549
B 948 408 437
W 500 952
B 925 132 311
B 74 712 183
B 705 913 979
B 93 229 587
B 323 659 539
B 276 916 489
B 538 952 458
B 815 644 758
B 547 12 885
B 22 432 679
B 670 555 960
B 370 231 563
W 275 161
B 724 651 820
B 58 802 893
B 984 400 259
B 598 122 263
B 728 400 520
B 680 497 286
B 313 691 312
B 875 658 708
B 764 90 680
B 575 694 901
B 144 290 693
B 265 613 609
B 255 771 618
B 221 381 941
B 526 560 12
B 526 325 896
B 298 850 437
B 384 74 264
B 793 263 524
W 912 847
B 585 702 298
B 673 35 586
B 728 702 112
B 83 389 918
B 355 72 308
B 430 433 407
B 273 35 997
B 89 866 344
B 470 544 884
W 741 353
B 480 214 110
B 977 276 923
B 58 363 226
W 121 28
B 339 933 417
B 189 29 171
W 744 221
W 683 391
B 495 32 360
B 33 318 296
W 558 611
B 657 284 620
B 523 193 406
B 938 128 867
B 964 1 408
B 507 981 810
B 940 316 399
B 900 309 309
B 877 312 504
B 498 380 73
B 415 951 577
B 171 901 941
B 930 794 472
B 585 601 249
B 845 358 961
W 304 926
B 569 137 746
B 54 58 432
B 191 92 484
B 943 188 806
B 185 219 492
B 104 447 291
B 141 685 14
W 253 748
B 768 39 321
W 900 691
B 319 858 430
B 543 31 444
B 350 638 175
B 672 318 705
B 384 896 618
B 599 631 420
W 874 810
B 261 506 739
B 540 665 330
B 185 243 37
B 326 349 826
B 989 813 15
B 997 406 448
B 989 387 304
B 452 534 368
B 136 239 982
B 495 454 26
B 432 911 633
B 94 399 164
B 19 443 269
B 302 64 122
B 609 484 351
B 333 22 880
B 284 586 191
B 437 228 313
B 931 568 533
B 791 897 213
B 83 497 873
B 610 979 966
B 328 399 859
W 83 989
B 434 1 617
B 225 776 57
B 58 771 507
W 946 538
B 263 529 938
B 163 805 430
B 578 665 385
B 416 582 609
B 441 637 20
B 252 487 754
B 78 754 526
B 92 296 57
B 947 875 856
B 359 500 350
B 990 908 672
B 782 868 250
B 647 681 411
B 540 432 60
B 174 471 784
B 651 197 132
B 138 782 469
B 796 350 21
B 156 289 268
B 607 522 587
B 979 227 530
B 993 799 296
B 224 26 333
B 103 474 162
B 97 656 799
B 132 907 406
W 471 590
B 632 750 402
B 45 918 210
B 344 475 608
B 375 129 182
B 331 626 754
B 489 69 133
B 610 131 496
B 800 499 124
B 110 563 153
B 72 448 917
B 243 590 446
B 525 424 967
W 680 382
B 548 151 724
B 245 405 954
B 330 954 147
B 242 982 823
B 284 214 580
B 986 25 614
B 397 971 887
B 831 318 362
B 570 686 878
B 93 288 311
B 455 285 521
B 365 879 597
B 26 202 385
B 933 563 562
B 329 721 480
B 675 887 271
B 537 977 382
B 640 543 2
B 706 394 972
B 757 631 295
B 637 346 675
B 796 363 307
B 268 42 876
B 22 924 1
B 41 893 695
B 405 307 111
B 635 613 576
B 40 403 365
B 60 225 265
W 847 606
B 809 178 823
B 194 970 118
B 239 190 828
B 550 511 248
B 656 218 648
W 655 918
B 993 767 655
B 183 652 317
B 523 562 282
B 473 302 341
B 632 964 348
B 438 86 10
W 177 383
B 82 396 265
B 243 674 125
B 324 556 989
B 82 843 868
B 489 709 958
B 279 485 280
B 456 727 223
B 610 565 990
B 139 281 470
B 741 521 140
B 795 408 296
W 481 114
B 379 797 681
B 792 676 557
B 393 447 490
B 39 504 537
B 794 988 167
B 689 829 974
B 863 120 460
B 476 421 59
B 917 680 599
B 319 379 825
B 275 581 240
B 666 780 521
B 946 398 352
W 180 148
B 592 302 872
W 278 493
B 455 366 234
W 647 278
B 191 62 970
B 120 790 763
B 381 491 192
B 746 623 172
W 418 660
B 169 552 636
W 587 926
B 357 465 677
B 41 735 269
B 262 968 631
B 333 900 944
B 976 899 2
B 380 258 739
W 719 361
B 333 643 551
B 249 391 818
B 81 827 47
B 663 164 816
B 281 236 191
B 914 737 106
B 11 937 605
W 383 4
B 293 769 910
W 726 34
B 525 716 384
W 642 879
B 631 389 604
B 935 277 350
B 575 374 889
B 829 971 957
B 701 935 848
B 970 27 769
B 938 950 794
B 951 434 104
B 16 82 587
B 254 126 166
B 224 224 862
B 494 581 824
B 44 861 886
B 210 777 937
B 852 518 413
B 713 474 791
W 994 291
B 958 171 912
B 376 931 680
B 437 594 771
W 683 531
B 703 914 518
B 758 245 11
B 833 12 284
B 865 832 479
B 43 28 769
B 973 607 799
B 234 692 612
B 891 623 897
B 817 472 294
B 435 294 569
B 104 210 446
B 704 20 733
B 371 849 113
B 743 927 359
B 489 713 753
B 761 454 22
B 660 982 921
B 35 143 713
B 195 249 226
B 159 764 640
B 345 299 198
B 301 672 957
B 822 793 186
B 769 515 986
B 134 200 146
B 433 29 637
B 508 869 442
B 329 117 863
B 602 731 884
B 269 769 630
B 922 284 65
B 523 327 657
B 912 916 288
B 915 832 458
B 201 727 269
B 624 244 974
B 812 474 674
B 156 595 325
B 917 759 572
B 868 309 408
B 142 613 165
B 235 94 254
B 222 486 76
B 534 198 52
B 175 593 658
B 670 509 237
B 213 990 634
W 475 784
B 941 83 702
W 1 40
B 712 403 138
W 442 556
B 54 913 335
W 272 860
B 190 666 741
B 411 557 512
B 907 168 156
B 992 172 387
B 935 16 497
B 789 621 143
B 558 210 271
B 336 124 908
B 41 436 214
B 207 490 649
B 359 792 61
B 496 856 389
B 681 581 237
B 855 137 338
B 756 380 232
B 138 243 382
W 876 543
B 640 93 18
B 451 940 946
B 973 229 84
B 220 606 490
B 103 196 411
B 584 201 167
W 459 299
B 168 151 888
B 937 555 72
B 925 519 659
B 675 201 527
B 876 328 487
B 898 106 957
B 842 920 411
B 288 9 46
B 958 961 509
B 882 318 830
B 914 527 27
B 73 940 245
B 509 252 470
B 725 743 366
B 459 441 133
B 438 713 921
B 271 425 225
B 334 663 602
B 880 57 735
B 596 57 354
B 402 22 636
B 94 802 560
B 363 671 600
B 494 990 762
B 58 186 81
W 971 252
B 853 895 840
B 840 423 1
B 21 241 385
B 391 165 56
W 295 904
B 391 989 242
B 804 541 657
B 839 513 164
W 364 134
B 874 929 644
B 555 832 863
B 553 621 271
B 164 154 68
B 549 937 900
B 603 837 989
B 636 915 916
W 981 410
B 617 785 842
B 181 234 486
B 861 911 336
B 159 183 844
B 817 78 151
B 441 944 356
B 358 563 6
B 838 858 401
B 173 661 957
B 197 967 256
B 969 321 175
B 579 103 707
B 701 358 942
B 29 273 820
B 791 975 761
B 606 435 442
B 205 411 354
B 666 67 9
B 285 902 254
B 331 717 912
B 9 272 338
B 826 585 992
B 514 911 32
W 501 655
B 729 261 802
B 531 288 66
B 745 500 200
B 845 742 502
B 988 274 167
B 703 45 994
B 877 261 203
B 309 931 52
B 247 976 548
B 319 668 671
W 784 184
W 534 171
B 732 654 339
B 150 747 360
W 562 754
