100
253
69 470
699 813 189
342 645 896 844
102 920 494 564 932
769 324 984 872 389 182
523 816 208 88 99 92 207
662 773 902 350 809 14 197 175
233 318 364 555 192 248 685 317 752
844 245 745 724 411 813 633 837 347 977
210 534 51 622 842 359 797 828 563 508 840
293 718 554 533 381 374 13 673 619 911 669 291
87 334 950 226 639 88 297 159 441 934 871 469 838
128 214 263 178 858 593 365 823 19 384 78 509 376 921
473 817 86 553 288 82 246 148 975 871 844 890 120 194 928
758 838 618 234 585 432 11 560 420 916 881 650 331 950 802 42
394 796 650 891 118 696 215 807 761 362 21 533 909 616 996 518 762
737 255 296 440 88 787 969 47 700 560 333 507 449 180 659 548 626 145
422 793 0 150 954 92 761 185 319 671 903 639 766 318 332 473 514 43 955
872 174 493 40 590 701 262 768 980 274 196 461 568 46 949 259 254 783 74 457
285 347 25 967 476 894 422 305 692 566 59 818 529 739 773 183 857 545 64 391 519
694 501 510 604 522 267 386 808 487 470 239 370 705 684 541 294 859 114 155 392 710 916
671 329 507 537 651 644 99 652 744 365 541 665 385 701 531 173 967 610 85 142 779 970 789
426 201 824 276 733 330 37 85 147 818 826 577 375 857 197 9 819 144 513 188 722 487 427 420
902 962 365 353 533 813 690 684 40 249 703 724 177 168 394 97 115 323 489 892 220 712 103 784 747
646 330 559 233 670 856 182 894 424 512 860 245 614 327 358 804 153 250 543 520 708 687 928 59 406 750
157 324 640 685 260 13 274 162 853 645 774 459 243 476 292 619 505 754 292 211 382 465 305 836 310 792 957
187 392 566 374 287 430 691 822 23 87 925 700 792 798 713 209 325 973 925 629 920 317 731 240 807 634 634 94
988 884 964 216 860 521 922 145 379 203 56 355 320 732 45 219 370 103 370 17 724 70 796 808 530 908 170 201 604
684 18 373 14 571 215 28 764 653 308 312 709 894 615 929 165 636 840 91 577 843 520 206 803 312 991 67 424 302 502
656 884 566 485 649 466 760 538 144 635 691 943 809 36 323 453 913 932 583 661 637 890 566 332 581 779 537 506 149 732 687
119 111 716 610 413 13 235 860 190 674 616 263 231 162 611 457 857 120 442 696 854 426 360 63 61 873 351 656 990 56 832 400
119 495 968 203 563 933 77 845 145 528 953 989 157 669 689 952 153 899 190 788 320 607 422 455 871 55 138 952 143 383 988 725 29
504 936 517 954 71 336 554 918 41 56 141 372 555 119 227 267 359 255 307 517 757 290 563 528 397 409 321 306 292 691 512 177 525 127
695 337 256 12 814 293 944 270 858 396 786 849 216 496 16 780 78 218 384 321 886 64 729 862 686 953 301 209 893 854 267 733 35 680 74
791 508 160 506 420 177 8 341 987 303 204 151 165 497 731 512 679 919 854 295 449 807 310 746 251 79 796 487 468 424 121 467 635 983 598 768
197 359 670 342 250 890 679 51 358 957 965 251 224 720 680 641 552 507 97 620 570 998 29 689 956 245 274 139 787 3 16 45 348 2 847 522 113
788 912 594 590 147 217 214 628 148 503 249 142 119 742 533 585 517 718 57 818 649 205 41 949 343 467 169 475 59 373 672 220 243 696 206 420 145 856
979 868 825 470 32 923 734 138 579 636 124 873 802 506 737 860 536 696 389 800 728 957 238 75 960 852 587 329 377 169 340 209 525 77 321 752 655 430 963
794 678 552 624 437 99 110 101 868 781 53 165 637 285 965 529 928 371 127 191 218 888 834 824 813 722 144 747 588 741 828 187 246 173 641 238 135 142 946 23
822 736 876 308 869 294 815 498 288 436 837 466 12 118 199 140 759 546 885 39 498 315 29 848 443 128 267 491 457 788 303 486 940 307 791 327 579 837 37 504 467
590 526 154 223 839 165 437 379 111 466 928 390 632 368 575 682 394 860 345 193 227 787 124 307 320 643 399 262 347 634 687 483 686 382 359 758 951 513 750 778 833 379
959 660 619 762 203 468 718 118 992 556 741 165 549 882 544 424 561 999 121 304 411 843 454 880 976 485 537 558 972 635 632 155 863 537 325 310 717 957 777 100 166 325 813
526 47 88 893 352 582 546 807 445 829 402 437 431 615 912 850 470 193 803 301 927 75 449 253 149 212 666 968 194 212 697 471 718 124 418 655 999 518 795 330 437 418 204 963
144 471 471 393 574 794 665 624 710 154 26 149 584 823 804 607 730 868 966 651 109 921 4 706 390 802 324 97 160 643 623 82 711 446 879 916 732 773 948 328 856 225 870 360 978
822 883 384 226 788 203 764 407 988 651 15 865 5 437 64 302 830 27 570 608 90 725 755 326 414 699 7 228 312 187 466 203 807 998 304 99 712 164 676 230 17 892 891 302 955 834
798 756 607 561 0 561 591 89 948 240 58 968 147 929 192 931 574 829 382 942 286 810 894 878 157 406 547 138 428 996 153 103 86 868 702 828 144 428 168 253 62 590 711 834 9 486 229
756 531 158 118 364 624 101 574 334 333 776 122 11 335 255 207 212 17 513 543 815 51 920 408 315 101 189 525 378 564 738 347 216 263 555 867 659 827 357 627 636 520 198 253 931 267 682 963
47 387 552 67 661 57 409 267 203 875 58 580 583 810 295 699 393 509 400 856 38 893 625 43 594 526 991 971 50 139 984 960 996 930 385 46 55 615 959 255 73 433 981 524 332 684 608 244 641
589 869 845 285 414 0 755 233 371 224 466 253 898 761 364 149 779 264 743 605 876 58 178 403 413 445 874 532 924 891 437 375 163 645 881 296 958 688 235 254 373 936 637 127 113 954 538 891 524 803
815 652 368 931 209 117 935 945 699 89 662 513 61 327 585 477 456 401 288 41 44 908 597 654 405 640 90 204 361 81 257 451 473 575 235 348 817 717 896 306 853 371 83 490 356 33 644 101 664 204 232
168 202 380 178 578 932 455 419 232 78 551 237 640 761 604 519 60 490 108 220 152 524 990 754 566 380 224 509 20 887 221 18 326 407 641 201 158 641 368 414 499 687 511 955 621 933 53 452 856 538 471 405
660 360 103 304 840 487 82 906 316 44 89 913 897 777 596 922 574 312 737 399 514 817 812 0 858 429 34 201 655 279 358 60 182 746 969 764 166 787 49 684 798 139 431 742 361 703 825 874 872 69 554 416 394
301 207 9 71 383 517 535 836 973 819 577 768 863 212 367 692 389 787 34 359 473 614 149 291 586 499 950 425 691 942 288 531 40 892 383 855 357 11 135 803 140 599 560 591 768 947 537 134 95 718 888 197 924 788
290 289 565 848 938 485 564 994 789 933 681 288 844 437 903 405 437 167 983 476 270 815 340 22 417 659 318 883 693 56 125 368 369 941 200 822 816 821 750 384 530 522 413 761 694 574 965 531 326 684 399 586 624 545 366
415 792 835 45 405 784 706 322 967 249 874 381 84 212 385 752 495 344 107 529 495 43 659 551 701 908 910 684 300 131 194 418 607 335 890 115 211 951 555 234 40 743 941 452 985 348 123 404 988 522 850 979 84 639 844 889
192 845 860 290 944 331 896 862 362 867 188 873 199 410 675 61 796 223 727 353 529 916 994 287 95 848 272 254 257 413 670 659 993 951 575 506 851 300 879 701 993 185 462 986 731 17 221 18 188 717 292 77 317 476 640 173 869
907 673 705 459 924 475 648 475 360 228 947 517 386 312 913 468 405 871 347 830 34 840 928 499 171 752 927 404 285 731 833 431 52 860 976 426 553 867 913 25 844 861 554 491 937 807 73 184 199 469 577 579 854 240 955 704 932 274
564 194 920 902 916 533 135 934 227 672 577 193 638 610 870 752 339 485 288 386 761 577 853 629 390 624 516 317 256 230 170 141 182 409 295 700 525 816 870 253 338 913 938 328 632 350 967 111 536 336 803 829 927 33 996 303 753 827 249
971 751 48 427 736 971 912 192 902 416 113 422 622 555 554 12 922 684 441 271 657 412 288 628 49 896 803 762 773 179 202 57 461 562 632 456 174 558 684 66 433 144 784 804 95 436 752 310 24 143 128 727 678 591 530 8 130 452 629 954
766 540 877 184 517 121 337 15 666 848 681 309 347 20 792 498 540 284 108 2 530 729 99 660 416 737 391 251 19 654 817 503 884 928 625 194 640 670 507 468 434 237 156 620 917 244 996 329 596 329 66 615 121 386 678 309 108 167 228 733 640
255 855 302 342 485 606 724 510 416 742 871 379 958 254 496 562 702 927 699 68 219 310 889 369 119 436 843 118 535 943 686 853 209 893 505 783 961 348 309 427 346 668 504 981 5 369 538 500 787 852 609 587 675 436 406 993 251 938 67 498 417 83
343 336 753 40 274 73 436 147 719 885 449 376 809 150 201 817 596 990 826 92 35 914 726 492 205 514 553 462 406 103 588 68 673 162 760 480 53 803 929 196 849 896 841 894 744 915 309 523 572 787 717 484 854 422 174 319 603 875 286 718 339 537 385
437 828 133 277 897 406 663 823 81 933 401 288 262 397 169 32 632 805 148 372 921 646 277 100 387 136 582 145 473 176 299 959 852 988 303 88 657 317 115 793 242 949 791 648 544 970 641 279 880 585 367 348 480 207 405 674 665 662 616 190 140 181 169 391
862 553 856 110 987 446 406 903 72 45 980 259 367 844 930 897 743 435 212 508 200 869 845 491 431 503 978 845 632 277 891 875 456 960 221 10 670 373 358 47 94 39 123 656 474 433 711 618 530 846 414 565 936 746 94 559 785 486 449 320 425 416 544 398 507
346 555 924 524 716 791 647 65 34 589 436 283 497 686 420 98 847 530 901 941 426 710 565 387 493 481 650 865 261 927 827 189 764 313 878 570 505 512 415 262 385 370 379 444 538 226 227 223 102 324 551 312 697 2 179 832 765 308 482 211 77 39 708 564 277 246
991 6 555 925 216 643 521 804 798 597 63 73 718 5 514 84 615 473 697 960 534 115 790 742 454 290 751 358 735 334 982 759 338 878 945 939 20 885 672 267 337 765 594 25 222 907 392 778 31 300 911 104 705 836 690 955 693 49 323 490 886 515 932 893 196 144 370
261 946 47 994 481 466 860 247 877 822 339 142 988 76 310 2 488 241 104 708 676 558 814 38 374 994 715 216 174 919 495 550 972 730 383 206 705 28 965 349 289 956 834 175 970 911 766 874 994 695 587 113 931 428 797 894 549 598 522 477 830 23 243 843 405 302 886 211
36 55 223 355 848 884 895 861 600 571 294 324 166 901 949 823 199 524 210 144 992 662 503 678 93 368 520 140 310 685 957 857 834 393 128 340 49 347 565 204 652 557 612 183 737 896 423 963 507 228 284 978 376 366 384 922 994 267 735 20 998 358 357 568 328 600 237 415 874
176 486 199 581 736 504 220 341 881 906 709 768 948 84 444 773 555 254 415 199 698 404 457 934 97 668 818 357 532 108 626 61 144 792 646 928 317 936 214 814 778 31 244 503 942 241 317 913 727 118 403 863 455 14 158 878 570 536 157 291 914 28 722 36 990 132 123 253 960 785
572 143 192 402 803 559 948 780 584 294 581 928 125 728 312 740 661 833 935 248 294 547 46 3 916 632 193 814 713 612 16 862 581 797 69 289 7 533 904 428 383 152 569 427 757 312 528 752 399 751 611 193 179 998 303 15 940 938 479 29 651 73 435 758 900 279 107 707 256 103 434
305 257 674 638 252 380 95 57 498 953 900 531 805 274 205 135 627 422 188 211 391 116 764 494 920 406 542 295 148 796 565 854 895 329 618 367 543 982 495 427 694 615 539 601 751 319 519 425 409 678 0 296 427 741 804 762 271 388 388 440 874 412 398 672 232 703 865 681 753 695 670 583
589 355 975 922 286 624 179 973 280 914 506 194 503 859 371 603 354 71 261 18 953 409 44 158 408 567 87 559 431 934 793 437 413 735 68 3 610 611 152 677 358 708 384 173 630 509 697 944 202 361 470 205 441 524 645 616 423 749 394 794 47 415 258 183 841 196 602 340 78 549 337 398 277
649 11 745 649 810 212 85 462 668 631 560 686 971 366 455 403 725 254 33 322 613 532 337 321 700 825 265 873 434 367 181 15 8 434 615 85 18 483 354 924 270 356 529 350 649 259 675 211 123 649 721 405 593 798 325 356 332 192 776 135 881 520 971 146 771 856 34 184 976 83 9 583 15 98
539 698 519 0 737 749 568 904 580 284 324 21 662 990 442 993 652 263 488 794 863 629 745 265 202 449 223 93 359 945 837 175 644 234 266 917 224 356 725 576 232 260 740 644 678 859 737 948 807 220 94 556 686 679 880 107 141 867 607 446 376 682 645 145 733 983 747 395 741 526 214 571 67 822 920
922 421 96 358 807 943 294 888 68 741 903 695 434 92 972 296 274 382 17 12 611 311 127 864 989 69 142 463 71 59 892 810 179 174 700 747 728 3 95 971 609 312 948 956 584 458 646 884 434 486 522 251 773 708 994 686 118 210 231 447 915 142 707 525 902 926 414 698 635 895 340 872 123 876 890 369
309 800 932 746 966 795 273 399 992 468 225 14 0 833 992 483 628 401 137 590 946 370 84 56 451 979 616 222 232 84 438 158 504 683 648 392 54 714 233 411 920 94 685 212 454 95 136 620 836 461 475 694 537 771 811 643 199 745 66 198 629 819 727 210 123 879 318 720 178 280 91 601 791 814 784 440 648
567 424 608 400 103 104 631 254 489 535 522 153 160 602 803 476 99 302 802 345 472 412 878 161 576 851 562 312 532 480 328 223 151 920 953 333 60 272 390 300 683 423 683 22 486 159 996 343 242 907 484 568 789 769 875 607 583 383 332 669 77 223 596 603 709 0 401 30 456 251 557 846 259 685 648 159 883 368
733 869 642 878 640 329 166 99 292 749 885 859 659 568 519 509 243 73 558 706 102 14 181 947 160 894 394 511 84 586 735 744 163 35 736 562 379 756 976 890 820 122 664 616 9 311 146 364 653 619 984 112 725 803 540 653 789 428 54 218 625 388 652 233 694 668 154 769 79 489 288 899 427 122 799 538 603 156 782
589 925 218 66 923 446 873 205 703 353 902 784 521 935 19 910 340 145 751 727 800 676 502 167 157 93 665 925 723 785 319 466 724 282 735 143 299 586 458 145 831 33 669 538 350 20 474 233 17 140 354 268 512 900 1 584 751 973 969 618 437 340 703 107 511 402 850 800 483 420 745 111 355 910 51 323 767 657 214 364
982 588 105 37 665 153 871 290 106 314 128 692 761 858 440 495 389 448 406 268 985 569 416 270 569 868 523 857 715 940 214 715 429 903 573 966 703 384 910 287 479 202 473 577 706 26 156 757 892 350 195 796 934 752 271 985 440 214 441 150 54 799 554 493 121 698 814 809 795 738 27 242 12 299 815 773 862 754 469 700 380
649 640 491 100 52 552 114 314 391 305 367 369 482 138 497 186 969 816 490 919 845 482 436 11 200 929 292 584 131 605 232 892 893 900 982 864 987 573 484 181 447 292 307 684 969 919 200 269 359 193 625 386 131 137 451 317 947 539 420 367 589 21 771 463 272 503 70 139 386 822 932 97 134 26 537 726 879 802 235 719 127 881
482 185 475 589 56 710 636 357 338 316 902 503 951 334 300 263 399 753 50 693 743 532 814 849 996 52 717 185 485 151 646 626 367 184 298 251 219 615 729 23 509 233 452 280 430 654 520 707 422 953 226 480 281 273 727 996 768 710 698 423 836 524 65 606 795 821 328 503 553 800 627 725 837 38 545 916 120 431 581 993 883 979 604
103 438 744 21 776 420 279 501 729 187 261 482 774 225 24 929 842 147 114 942 664 286 178 521 637 859 450 757 4 407 236 767 261 211 623 822 271 913 719 71 271 60 834 885 397 556 262 731 43 934 341 508 104 962 330 768 477 319 271 255 753 327 260 429 338 486 482 499 62 179 826 174 515 778 454 978 10 810 405 344 684 435 382 576
232 517 306 38 937 360 980 791 888 207 335 591 642 84 804 365 103 908 243 741 983 205 358 519 699 119 191 756 412 388 484 525 426 573 838 476 787 21 128 663 940 8 74 769 772 51 247 79 102 488 388 881 599 438 245 617 677 648 517 852 35 157 266 916 425 160 920 870 141 233 679 443 524 669 480 66 565 899 365 82 510 34 687 229 898
428 693 733 320 303 748 921 898 399 111 752 246 300 675 994 265 933 980 66 467 605 396 878 61 112 94 912 321 425 778 407 953 431 66 78 219 570 111 311 771 60 802 703 302 743 573 555 377 61 41 925 404 487 28 836 577 621 797 242 110 465 267 177 573 933 287 264 341 608 846 667 535 491 787 217 64 974 271 488 343 0 562 312 32 532 952
189 925 130 484 609 865 876 169 541 954 250 349 36 930 537 324 379 788 225 160 643 664 497 952 237 258 529 160 174 143 641 892 862 891 222 495 933 108 346 624 707 716 918 223 618 419 799 220 913 734 800 21 287 867 243 557 976 860 353 945 934 388 849 821 511 236 556 493 630 480 109 618 674 413 49 354 821 700 636 688 554 158 151 460 575 585 642
66 695 874 676 946 57 292 37 308 927 640 257 955 340 790 4 522 320 592 78 764 331 43 550 138 844 85 403 797 226 444 71 311 787 453 148 33 158 342 910 565 736 463 46 260 694 960 261 372 922 741 605 400 967 369 565 684 114 353 927 922 147 549 701 643 576 422 254 533 26 382 778 571 53 566 803 701 255 299 407 503 675 986 842 895 914 839 203
186 796 95 993 198 382 63 177 209 411 903 10 522 171 997 637 19 854 954 858 835 983 179 949 312 643 720 605 702 541 599 650 916 844 15 299 421 789 28 862 925 675 4 367 210 957 447 895 613 722 176 604 518 925 365 697 789 897 621 564 546 992 426 812 43 218 828 709 970 576 465 23 547 409 220 46 404 983 828 320 66 823 393 586 864 455 626 791 992
957 374 711 946 533 937 525 286 57 651 784 694 729 955 173 626 192 251 107 283 748 753 834 908 246 896 518 657 813 73 12 728 156 207 785 313 283 686 125 288 770 715 801 748 951 701 68 432 615 671 534 178 343 59 972 748 369 488 210 515 683 575 683 538 48 863 120 380 605 613 287 393 158 750 597 452 586 585 527 517 654 865 335 907 200 974 379 34 381 323
682 399 127 799 716 41 700 328 842 271 474 552 649 678 994 893 342 225 434 185 182 467 312 706 431 333 757 622 489 165 56 821 127 806 877 30 897 138 978 423 832 354 332 107 630 172 930 319 699 665 607 248 831 324 434 692 660 342 44 852 722 549 201 827 345 835 424 819 417 640 893 129 629 587 130 281 931 921 618 845 190 173 72 669 494 561 518 247 964 543 658
842 8 717 686 774 821 334 472 603 137 186 753 547 249 350 588 883 167 312 160 8 716 952 662 471 352 404 867 772 96 266 427 506 307 845 668 608 57 616 708 835 893 401 881 253 570 440 920 40 204 647 612 188 845 3 561 950 294 781 411 55 705 917 341 91 267 119 919 867 192 373 986 427 388 97 958 757 170 139 807 201 247 712 995 552 313 670 662 487 829 728 287
47 267 392 290 647 126 146 891 756 208 113 950 683 841 284 948 219 854 180 590 288 117 588 319 124 691 350 485 323 777 5 989 978 847 465 571 970 341 988 870 173 814 815 147 528 556 32 918 982 697 876 209 98 293 926 483 549 410 605 200 203 401 344 397 973 183 971 255 616 11 552 308 664 595 245 524 458 605 369 329 311 826 381 469 942 719 414 995 483 856 573 870 228
459 731 272 872 286 968 669 851 193 495 777 800 322 8 866 722 276 136 926 684 309 199 706 79 310 943 277 490 695 52 399 374 455 904 514 418 197 400 366 111 157 117 34 556 350 813 513 846 333 937 950 745 81 561 960 565 310 591 95 703 156 11 621 696 156 123 336 319 797 962 964 632 505 761 858 487 577 92 324 746 763 172 989 780 191 723 970 413 136 246 381 289 763 921
557 331 99 291 636 398 104 945 116 458 706 855 776 824 386 826 366 83 52 297 781 630 51 223 781 820 522 710 490 716 861 322 569 646 389 565 832 286 844 79 537 153 269 999 145 672 378 341 360 983 355 727 615 61 959 51 217 592 438 594 457 427 395 272 945 187 222 940 373 31 620 53 317 375 550 922 847 908 532 139 44 223 623 566 421 870 238 160 57 325 57 616 873 140 514
992 658 660 305 996 465 522 933 148 98 576 611 784 373 996 17 637 822 551 867 183 583 156 779 681 590 928 611 249 906 842 376 12 45 129 216 926 383 665 380 357 414 387 526 783 192 31 449 567 141 384 312 197 838 216 299 626 63 855 221 123 718 895 451 173 464 394 985 63 277 866 816 340 430 711 748 552 52 960 847 297 305 466 80 727 302 563 158 993 122 950 477 506 418 277 212
970 685 393 4 660 354 434 769 22 826 641 314 776 13 462 684 254 805 390 538 284 90 423 954 562 413 815 489 961 471 180 942 42 186 848 384 610 11 92 80 539 243 454 727 680 771 5 249 300 223 478 775 432 797 885 873 851 739 547 833 311 288 778 328 31 625 939 669 869 409 53 129 45 386 457 842 902 127 588 210 572 245 308 192 114 591 436 945 163 727 146 983 730 572 293 738 512
6 60 775 106 240 993 92 804 811 561 202 797 745 247 465 336 821 838 559 43 652 815 312 529 515 633 406 895 760 556 113 721 892 289 18 227 142 451 537 652 260 857 705 502 451 136 112 32 756 900 485 89 236 9 609 111 840 663 979 451 901 525 487 167 448 465 466 448 11 559 514 862 912 531 969 137 894 466 202 789 824 432 519 90 468 898 437 927 990 449 871 100 335 151 746 941 846 60
619 890 222 698 7 254 41 382 786 311 291 360 108 542 607 908 716 552 798 172 636 822 478 976 738 898 227 205 471 408 927 509 772 102 131 133 433 281 902 857 645 522 558 632 108 199 960 495 146 124 789 621 920 400 517 625 121 123 895 975 839 847 523 477 850 916 679 149 128 42 805 571 991 0 215 132 9 474 809 685 34 274 106 107 619 682 21 617 176 803 178 569 991 402 271 680 514 506 358
340 558 617 374 917 770 565 734 606 529 592 33 25 728 662 818 562 375 21 681 97 758 855 859 321 617 183 504 401 768 892 694 801 332 968 0 341 46 227 281 153 998 37 314 615 252 509 724 324 654 630 660 792 532 858 306 24 144 585 460 727 621 183 234 791 278 990 705 379 882 434 988 721 566 625 711 844 191 697 711 376 658 125 620 522 494 491 374 826 331 827 631 694 690 790 907 673 989 821 24
