20
995
236 632
211 128 497
406 437 520 538
50 104 441 73 376
603 425 717 488 463 643
796 249 341 919 936 332 670
158 816 128 836 68 808 569 741
1 903 291 254 187 956 64 32 162
753 126 668 512 762 834 552 839 88 949
189 198 275 714 326 500 857 62 638 351 284
182 201 237 885 862 541 101 95 973 662 630 986
477 151 272 70 27 560 502 789 887 275 230 564 853
822 575 145 788 733 194 194 682 731 228 78 826 154 100
556 164 320 734 493 102 934 366 379 83 312 532 67 609 481
266 132 55 690 860 445 903 980 311 754 908 495 732 216 551 246
412 309 441 322 149 7 505 451 758 85 25 800 132 197 792 432 141
694 407 746 984 411 807 703 405 40 626 400 651 665 784 355 270 534 262
881 855 396 890 195 632 374 751 45 396 458 468 344 902 441 209 836 4 468
993 81 833 53 14 283 508 372 835 987 735 468 983 927 919 316 280 835 239 227
