30
847
15 556
196 191 19
986 702 871 661
781 532 43 280 787
98 145 45 864 942 343
898 722 220 993 553 266 88
349 289 554 237 247 486 321 959
936 411 32 349 504 500 299 61 742
898 111 914 505 696 928 711 331 866 398
553 198 200 174 306 139 790 829 242 74 698
66 220 965 82 354 116 395 768 619 241 53 200
555 966 316 889 171 630 121 359 220 793 974 33 253
252 194 725 928 296 613 532 886 175 302 255 429 774 669
108 667 196 713 904 65 851 694 418 342 576 768 814 688 763
250 166 929 136 293 357 216 388 139 246 296 880 144 572 928 322
826 206 971 971 993 965 73 752 741 891 882 662 791 554 970 946 804
330 198 710 594 32 842 816 597 266 278 313 998 322 77 611 584 370 248
965 792 419 723 340 201 669 505 819 764 58 377 282 250 973 272 788 787 228
537 765 284 820 612 653 107 914 515 635 208 212 748 441 330 293 460 765 255 586
947 572 376 338 453 803 712 517 986 556 181 198 931 851 517 933 503 663 679 896 799
30 93 696 366 543 581 480 941 867 515 196 558 928 299 823 621 686 967 169 15 865 259
86 180 589 916 688 182 313 107 33 270 549 41 7 543 944 847 553 602 879 220 187 183 880
807 349 782 387 461 239 284 895 772 581 654 203 877 823 754 161 623 459 575 625 372 29 730 665
300 343 513 958 453 476 760 847 10 906 858 102 305 665 917 94 638 714 508 453 700 686 617 707 343
289 221 231 757 588 12 767 146 651 915 250 92 116 484 481 416 69 179 461 949 953 513 208 713 981 581
286 364 751 94 512 546 518 588 857 358 668 764 864 653 679 567 708 361 897 926 682 815 615 713 368 841 854
352 944 800 151 550 804 686 81 324 704 834 280 207 955 472 882 475 249 543 528 520 683 75 459 954 531 70 770
25 304 879 30 379 995 876 934 514 639 373 169 100 276 503 830 584 916 415 867 55 442 116 582 343 852 789 983 22
15 664 253 523 660 675 443 118 804 396 922 129 621 508 496 180 112 875 645 564 359 548 825 649 490 81 851 843 772 25
