50
440
271 952
625 101 849
147 389 926 412
704 410 461 755 995
472 747 120 78 50 337
806 433 947 432 566 856 690
790 11 844 657 47 774 298 845
421 801 145 899 816 426 186 446 379
768 233 957 693 753 84 70 780 879 352
104 769 43 684 836 929 798 478 909 362 304
332 788 379 764 94 558 673 895 911 189 533 159
135 481 452 843 467 338 216 470 324 905 85 104 960
920 710 567 211 732 545 178 912 387 145 85 320 344 194
669 160 27 127 470 472 839 547 778 703 178 605 743 721 881
621 444 601 986 608 390 571 804 52 726 932 317 231 965 731 394
563 630 36 862 784 882 150 41 688 115 432 234 771 709 976 737 770
295 593 242 681 255 700 907 941 897 647 162 33 854 107 147 631 855 738
320 945 867 206 861 44 314 56 591 314 991 212 405 434 55 519 827 552 526
608 351 590 800 788 443 200 893 450 709 711 73 930 512 730 45 722 137 476 544
479 57 344 878 645 552 40 706 407 765 820 594 379 74 493 820 899 326 559 822 562
406 55 380 921 447 439 558 72 729 973 578 912 420 879 499 134 360 270 413 98 701 743
322 855 602 810 747 405 991 208 289 185 415 227 66 99 230 429 53 137 600 308 574 179 636
511 107 663 689 963 542 696 924 712 235 497 375 680 941 853 743 813 887 0 816 190 114 565 456
445 105 298 900 761 968 674 193 125 978 792 533 977 449 823 360 884 553 215 90 163 254 660 348 653
169 778 303 343 768 420 768 777 489 836 19 64 201 774 294 421 650 279 757 70 71 836 395 515 666 891
79 415 480 503 950 906 3 897 125 925 702 3 207 675 368 934 407 332 611 721 276 139 371 586 806 956 816
83 666 324 194 797 850 270 526 496 468 696 66 137 515 24 930 689 489 917 747 56 775 893 805 195 534 138 391
980 839 348 299 463 263 333 970 965 880 243 774 210 533 970 327 251 56 895 794 120 970 371 395 499 126 711 27 747
315 661 341 350 689 221 98 753 823 117 473 551 752 924 662 414 904 110 603 369 298 108 457 352 467 284 923 32 193 335
260 296 766 72 698 997 579 361 115 424 312 10 755 482 441 109 265 161 917 252 328 845 767 800 795 927 39 789 595 946 364
324 418 489 416 680 720 357 328 226 956 665 151 690 228 785 295 969 775 826 706 730 417 861 406 935 474 938 564 833 603 621 247
268 427 903 571 613 823 334 276 848 134 215 493 475 588 9 65 436 717 381 19 570 321 880 294 146 40 788 141 216 920 607 649 794
414 228 364 684 187 796 972 1 674 718 603 432 874 754 294 146 196 340 422 562 269 168 858 225 182 181 234 132 697 862 283 643 385 325
906 210 562 471 569 365 898 624 408 564 146 335 103 750 722 374 849 558 298 177 749 670 672 883 482 489 424 434 257 709 700 179 233 386 488
661 97 672 973 692 212 523 925 544 419 741 621 915 441 835 158 890 914 605 805 840 445 104 458 415 488 111 673 195 230 150 745 841 536 530 786
468 296 475 959 751 47 71 74 441 230 294 472 337 692 557 669 991 263 365 473 268 414 549 852 546 591 782 45 540 473 910 572 99 766 708 792 11
859 24 826 673 836 500 417 989 12 754 972 696 574 643 723 381 655 682 600 113 511 937 80 349 940 5 617 279 217 55 213 806 781 212 594 785 212 573
652 81 223 423 643 156 54 746 523 808 265 816 408 204 400 621 530 85 702 477 348 500 494 951 991 55 316 628 232 281 829 17 451 83 482 583 896 34 289
426 854 83 498 106 549 509 887 698 414 714 482 228 12 26 804 607 748 782 828 682 120 83 739 75 750 700 178 307 751 200 200 856 3 632 833 599 544 94 105
808 223 757 383 287 647 663 930 902 822 832 20 49 196 813 689 651 62 919 114 295 508 167 369 251 954 910 264 264 253 383 906 344 528 391 661 356 388 178 952 492
647 481 752 776 49 45 472 814 96 917 342 834 123 787 791 252 732 553 434 33 385 885 993 258 895 890 685 858 938 253 528 599 353 61 967 817 421 70 426 492 222 624
406 600 556 328 84 321 958 946 980 598 579 775 755 311 469 92 507 873 680 13 646 208 159 588 532 484 13 854 333 66 40 617 544 993 915 27 729 367 856 483 362 227 555
205 689 907 743 374 802 819 951 95 703 171 820 275 379 644 268 641 239 36 953 674 855 908 736 644 387 207 585 905 101 899 202 311 927 341 339 332 615 69 155 646 732 477 485
729 752 864 245 396 760 285 772 847 939 280 506 565 597 999 504 369 453 493 378 198 87 249 267 343 854 404 809 327 600 984 250 429 163 611 744 750 68 967 694 563 637 430 756 770
75 777 523 654 906 216 380 845 581 0 473 214 480 718 963 192 507 110 609 190 994 782 331 608 757 189 484 708 781 78 365 616 144 21 153 710 985 924 124 322 791 31 228 928 387 376
52 697 523 549 44 162 24 872 887 258 16 193 768 693 969 369 444 700 600 725 786 370 570 807 801 666 212 349 674 848 956 683 597 653 432 382 224 424 519 751 327 868 642 100 244 347 568
898 223 895 966 618 226 199 229 492 285 809 183 372 366 792 708 597 260 57 791 878 334 32 902 156 673 883 293 253 485 989 434 797 238 864 106 380 162 177 141 991 970 675 695 152 442 28 289
865 995 715 851 821 369 28 268 680 467 879 626 601 748 476 609 18 215 919 291 631 531 983 686 501 277 776 862 806 811 472 34 695 348 131 944 207 95 560 732 415 268 325 518 471 575 546 652 46
484 202 696 757 649 947 528 404 438 872 343 463 920 263 423 295 154 424 583 860 581 952 325 197 803 322 185 75 837 430 99 68 821 124 442 30 26 204 688 647 753 922 838 261 316 339 556 131 869 707
