100
596
467 943
419 166 446
792 920 254 118
164 392 588 138 711
807 934 717 360 682 244
50 642 66 937 700 209 568
988 46 509 737 442 822 562 340
925 432 553 973 330 705 35 328 533
552 590 233 310 142 566 630 334 801 357
937 126 796 937 136 492 110 319 869 131 210
433 731 239 966 849 0 949 175 117 406 87 287
462 557 764 403 114 408 276 14 683 774 44 295 662
102 921 22 75 796 144 264 754 270 127 737 664 349 523
323 226 103 183 783 696 818 817 121 452 326 725 151 427 798
52 584 114 36 759 148 721 165 176 141 181 684 402 774 710 382
817 299 825 861 540 439 922 396 74 477 810 926 613 133 530 562 225
28 425 146 964 378 795 781 848 254 20 103 975 943 890 753 157 802 737
630 486 624 974 183 822 741 587 810 900 343 541 943 827 775 859 818 976 63
595 487 508 102 237 476 563 874 976 172 414 444 231 866 580 441 401 358 537 760
723 982 757 121 185 187 747 620 393 913 899 16 507 514 813 399 220 365 880 568 813
768 263 592 419 22 197 153 792 31 827 958 593 194 101 460 548 54 590 409 698 145 725
554 570 613 13 882 713 371 10 133 906 365 479 984 315 110 408 942 656 100 361 483 206 454
271 609 31 71 112 77 428 871 488 167 26 70 196 452 884 862 431 34 213 223 476 408 640 5
451 703 613 139 219 81 539 326 181 148 741 898 422 605 225 178 657 388 574 374 273 191 557 928 868
978 846 527 4 605 106 134 661 164 377 721 859 919 193 909 15 971 257 243 351 523 418 3 173 169 624
557 162 891 944 828 690 422 904 972 945 347 857 589 547 638 356 459 495 678 915 929 27 133 993 252 497 288
657 804 440 902 318 448 884 26 581 27 503 485 154 359 28 328 859 272 888 676 278 4 220 321 597 200 841 67
476 410 318 394 764 139 14 552 577 589 388 654 407 85 941 324 976 130 611 106 465 336 366 617 277 165 754 495 315
541 242 598 440 535 579 76 911 372 857 731 777 329 319 500 929 294 908 870 592 164 146 868 126 376 779 608 610 65 352
876 848 928 451 258 485 685 606 35 932 509 167 722 314 35 27 189 150 605 859 879 20 890 136 567 412 1 341 575 191 350
910 143 465 682 175 947 548 903 857 675 863 481 798 75 490 622 352 236 703 485 770 228 441 556 569 96 625 346 775 488 683 828
807 250 855 112 715 552 721 839 987 68 817 133 368 457 768 706 400 498 210 572 150 161 588 501 203 223 928 506 367 773 646 353 119
659 250 735 499 841 453 472 622 725 695 886 49 840 958 781 596 703 373 766 416 3 492 325 926 586 667 39 39 880 559 294 152 558 648
903 742 971 328 452 212 265 157 755 374 947 623 288 779 220 330 291 932 616 268 721 729 925 568 297 962 116 605 68 769 797 188 341 787 884
931 329 509 979 277 50 831 154 380 188 816 57 156 868 410 653 726 585 341 959 23 623 499 249 523 429 190 581 48 607 56 664 817 575 886 612
377 738 184 174 218 79 691 500 525 422 166 380 51 411 433 592 788 44 76 49 723 887 177 20 34 634 537 384 345 792 498 654 735 882 898 352 118
534 168 65 201 725 691 66 153 271 498 563 385 242 686 139 7 436 305 697 755 163 890 82 735 982 807 559 824 266 542 883 359 788 75 127 382 387 786
513 637 671 826 695 744 438 532 187 328 835 663 272 154 905 3 635 42 100 984 419 392 387 20 511 220 411 579 465 945 197 339 433 794 747 173 901 820 312
535 953 89 677 212 273 468 908 502 675 42 585 539 604 842 409 814 457 354 370 512 681 910 301 385 722 556 420 579 91 92 464 915 488 106 924 932 508 651 951
122 679 610 591 477 606 58 768 41 873 816 643 706 583 482 25 952 109 269 520 635 357 742 541 459 767 53 610 894 438 819 61 227 105 512 316 161 847 217 890 60
625 444 450 616 781 688 806 241 887 128 106 690 308 869 134 318 61 95 330 653 775 307 813 808 712 933 814 227 907 807 50 670 249 121 921 427 691 583 819 825 961 421
198 765 152 952 215 545 927 839 182 195 133 63 917 903 784 393 763 858 201 582 942 305 667 362 227 823 595 707 476 839 413 704 528 703 446 319 198 671 761 602 947 488 485
167 276 677 265 674 312 141 397 34 871 317 336 829 832 766 313 356 226 260 36 371 194 11 195 118 540 507 270 845 438 778 720 455 679 191 283 949 595 313 779 305 793 987 421
954 404 258 949 997 819 747 247 610 43 750 195 818 214 113 579 16 920 158 215 575 547 364 701 662 225 787 345 99 367 340 107 848 894 692 497 943 550 651 30 425 875 828 627 113
9 935 109 850 716 2 697 607 211 57 858 149 754 797 482 995 32 359 34 465 700 602 702 456 77 914 449 473 863 666 899 107 389 383 384 492 221 699 169 663 100 607 154 655 28 6
404 114 876 111 799 587 162 973 819 197 26 970 550 426 69 778 7 813 520 590 949 832 583 514 20 259 811 623 247 823 492 89 27 225 366 6 703 171 731 25 597 635 612 461 802 302 864
921 295 723 668 45 385 471 955 530 131 790 979 320 621 987 976 850 727 860 918 785 611 566 618 170 344 474 96 44 780 516 839 854 225 564 983 554 692 763 225 285 828 32 16 52 560 371 417
335 164 804 115 66 91 902 552 768 280 876 723 733 16 444 548 155 274 559 244 174 742 511 972 110 811 700 583 753 484 577 12 40 525 748 698 808 610 405 271 926 183 707 494 386 886 857 794 103
956 823 591 474 626 800 155 913 67 700 893 215 587 144 311 730 188 761 130 999 856 362 908 378 443 534 956 918 2 793 636 6 220 670 657 782 804 129 194 621 65 567 245 949 984 446 985 198 271 622
195 346 835 85 98 704 451 604 826 134 335 417 652 805 257 415 692 790 287 14 623 443 267 966 72 637 732 591 287 548 48 80 781 662 261 138 809 168 301 341 88 518 264 141 649 397 605 834 441 7 583
503 579 247 463 210 260 132 176 526 48 547 244 759 738 220 251 32 180 870 421 635 427 739 336 340 146 655 453 249 243 362 757 194 60 16 865 23 939 669 794 538 489 258 670 736 227 469 308 531 850 414 292
509 663 741 185 407 349 66 626 247 23 79 484 41 275 334 103 213 504 268 364 836 767 626 871 817 337 930 639 851 474 373 9 66 930 259 532 325 655 566 526 986 674 762 376 860 767 965 505 819 462 410 315 548
954 995 485 769 495 950 527 133 918 7 352 183 642 83 498 440 894 26 707 502 785 643 912 204 787 38 953 797 954 585 515 672 989 725 604 834 103 360 688 48 721 475 488 140 374 237 43 847 804 831 130 772 269 456
56 35 209 40 237 2 825 735 604 123 616 527 550 861 592 275 149 897 486 200 636 367 108 520 609 710 6 359 877 867 763 373 6 452 217 917 767 939 700 701 919 937 496 963 742 815 945 712 154 357 408 301 506 224 992
152 165 233 963 166 943 211 983 574 190 100 465 131 407 61 3 716 869 812 462 816 417 313 395 234 522 870 678 537 526 487 45 631 274 307 219 577 199 464 288 299 331 905 73 462 239 714 862 12 447 283 596 753 717 162 172
732 264 788 853 845 180 31 9 895 661 962 440 439 465 595 151 677 879 730 629 771 69 233 534 344 23 476 611 337 509 363 654 926 703 520 6 646 311 577 798 492 216 811 999 177 229 208 590 117 284 292 175 384 48 79 16 366
79 833 979 186 551 395 357 358 344 387 297 546 984 482 254 974 529 939 948 285 503 939 46 594 554 430 122 92 767 835 692 34 502 403 388 874 594 540 155 550 44 828 455 320 219 783 769 73 158 217 407 376 621 897 29 189 581 999
839 69 607 19 479 446 625 85 845 318 901 80 192 821 768 28 810 116 916 532 70 851 0 989 584 557 489 780 879 480 27 486 525 9 395 627 237 260 542 795 164 654 632 353 584 290 162 308 990 344 714 323 87 92 789 876 742 245 244
85 801 828 792 753 690 870 391 958 944 766 646 937 466 635 406 481 818 110 792 497 843 576 227 382 472 712 692 655 800 748 28 100 27 12 680 76 789 193 811 184 117 233 479 404 414 980 486 387 613 35 185 349 282 58 412 949 652 86 420
961 614 181 589 355 273 41 35 153 537 133 812 550 303 65 46 636 471 634 861 927 24 936 964 149 130 737 138 398 519 278 116 126 59 940 417 369 219 243 111 601 370 32 547 954 718 769 510 73 360 898 531 711 372 385 694 613 526 521 765 24
799 485 202 820 440 848 815 184 50 79 730 341 984 212 463 997 862 754 539 876 867 900 951 483 325 561 2 109 784 248 611 802 815 723 404 63 60 126 23 511 224 259 370 766 501 446 240 451 452 245 516 332 425 811 420 130 216 322 891 77 34 344
740 930 262 751 995 731 224 703 193 544 430 710 571 161 913 603 381 490 418 219 394 789 908 325 685 435 172 90 825 373 87 450 257 919 216 308 498 861 829 558 823 361 558 222 645 355 516 311 417 455 381 778 21 543 584 153 758 370 369 453 937 871 905
545 82 434 611 873 582 733 302 804 586 847 36 131 312 185 346 742 311 610 996 475 526 210 915 19 671 908 777 13 582 318 698 466 876 723 323 748 809 172 602 960 199 12 831 610 410 45 368 50 325 68 354 248 641 735 811 190 479 895 636 948 275 318 234
413 258 733 948 474 908 279 495 96 894 860 62 26 848 9 53 4 426 690 369 371 82 836 147 271 292 191 491 572 781 745 587 149 102 876 602 40 692 65 660 639 677 878 678 230 950 374 805 717 732 321 517 790 440 392 185 739 311 598 497 855 412 188 728 244
890 660 164 237 714 606 265 338 978 693 849 623 772 13 442 849 421 525 628 827 967 702 343 537 996 444 211 485 524 465 59 608 211 213 872 443 490 85 907 432 702 29 517 325 0 839 799 85 134 787 441 421 863 980 15 537 428 827 324 958 872 832 589 267 498 250
196 880 722 178 674 840 105 626 328 994 117 35 672 968 85 451 323 264 296 76 74 894 681 711 302 498 761 8 503 422 675 771 634 958 625 433 480 701 847 903 213 50 279 957 41 272 362 229 996 206 47 162 862 453 441 598 37 340 355 608 651 268 260 273 493 558 369
338 26 927 240 93 866 501 496 923 334 740 910 676 448 899 779 158 140 197 156 188 956 154 114 6 303 357 475 129 246 897 418 688 947 913 880 581 196 486 682 844 108 798 183 796 808 724 373 437 378 716 286 269 109 449 988 849 464 924 589 370 547 792 991 342 740 11 798
999 419 561 338 571 84 470 522 879 414 812 461 191 641 405 275 449 692 26 36 372 490 83 431 27 347 239 843 688 856 307 978 487 441 393 358 32 65 256 424 225 4 61 201 908 719 963 509 312 709 68 399 376 277 378 222 407 21 284 936 310 496 97 600 754 151 408 539 822
105 202 590 685 505 260 494 355 380 124 746 477 9 453 248 529 463 46 593 633 354 471 967 407 567 221 50 721 179 158 415 296 346 709 85 541 589 154 375 643 580 321 605 984 360 993 809 531 465 308 327 449 949 231 434 118 539 377 569 235 519 871 797 684 143 598 689 250 921 911
911 388 959 107 861 874 730 940 882 991 840 152 543 859 840 897 971 826 350 551 629 321 190 292 884 497 396 93 797 527 164 296 365 519 962 661 350 217 103 203 384 533 513 619 884 918 251 894 341 963 355 592 637 295 336 53 73 936 861 737 408 94 493 380 525 25 315 451 206 507 105
593 828 786 481 864 903 358 392 496 829 316 946 640 141 366 693 797 236 499 38 510 202 937 177 290 476 81 55 414 509 880 341 748 203 220 604 638 784 369 880 119 785 0 897 912 577 542 740 84 892 357 663 596 0 761 168 226 262 228 445 623 118 885 74 11 224 771 887 998 785 236 899
889 606 487 797 67 856 171 884 677 133 937 596 629 223 813 7 408 97 948 782 55 646 853 894 96 925 481 124 761 50 133 366 162 26 199 541 892 98 520 76 579 177 960 629 642 395 534 816 524 14 388 856 224 14 136 190 132 319 592 379 944 6 229 862 23 421 728 314 266 465 109 333 875
326 645 750 667 223 965 424 173 740 153 486 416 748 934 983 721 429 578 392 499 320 646 883 461 831 271 511 968 688 825 926 445 746 779 52 227 899 872 260 377 575 640 577 795 72 725 603 932 928 406 522 812 70 374 505 944 894 808 690 633 24 742 492 326 959 633 66 564 333 476 986 756 790 315
177 779 783 439 896 247 270 975 148 580 7 712 103 730 7 707 934 490 658 309 250 823 162 53 841 679 618 4 893 679 317 797 713 178 906 86 3 729 332 478 282 419 120 551 297 992 79 755 957 292 854 270 250 113 193 937 549 484 397 722 864 134 16 103 547 67 2 954 602 84 927 305 965 556 441
215 162 315 953 65 94 648 733 778 266 751 624 381 700 84 871 35 504 13 464 324 491 324 676 36 254 198 487 693 799 954 94 707 720 206 767 444 684 583 99 281 592 422 998 278 764 141 216 201 637 765 597 484 63 209 1 180 5 514 123 626 461 758 351 11 575 325 879 96 871 102 467 852 589 156 469
82 662 916 950 66 334 838 270 424 591 394 373 461 803 964 379 804 185 304 782 321 266 140 189 190 700 342 666 106 123 121 337 483 21 645 475 547 559 382 239 795 769 994 930 702 224 354 86 540 760 426 344 461 248 459 289 71 506 614 627 671 71 17 406 340 622 440 711 978 870 114 447 987 622 351 138 35
315 286 382 784 528 143 834 212 126 983 347 14 656 502 935 772 757 789 733 145 275 43 731 456 775 402 557 156 837 65 690 920 180 318 203 245 551 849 737 46 942 80 265 23 771 714 538 372 141 22 292 74 969 359 23 854 223 343 745 624 703 418 88 734 358 895 118 773 896 831 795 593 72 801 847 425 312 104
351 469 81 528 326 333 878 942 312 511 609 971 481 677 954 712 663 105 25 919 211 454 523 961 747 232 763 881 342 800 592 507 160 740 447 338 979 512 451 959 810 414 75 337 923 544 27 345 152 581 986 964 783 267 906 656 831 935 366 187 932 258 145 941 145 829 128 303 629 480 895 441 930 572 247 935 639 839 372
589 215 724 261 707 197 85 174 637 666 476 806 115 317 320 208 879 836 351 615 606 456 987 729 681 214 729 420 190 221 819 927 93 661 63 238 219 744 309 278 343 422 689 703 596 521 235 189 227 590 890 745 985 314 591 106 687 833 371 820 413 418 570 730 308 419 722 496 443 48 97 419 331 855 473 680 801 544 236 953
275 540 847 588 225 592 968 526 957 44 275 252 551 332 690 392 149 196 539 812 670 324 146 770 434 139 567 827 13 456 780 127 139 211 198 79 326 38 699 225 614 235 94 350 173 953 935 37 232 327 74 799 281 380 862 500 475 939 97 963 339 938 271 671 489 981 443 940 983 67 516 953 276 348 286 269 827 506 353 412 83
937 456 897 461 947 49 525 976 863 82 143 191 875 373 659 762 38 135 888 333 185 938 921 232 831 57 727 388 640 626 655 369 6 732 352 832 612 118 327 901 910 417 837 930 565 838 351 489 486 279 793 181 98 668 469 300 525 359 114 180 302 653 347 744 880 317 272 77 37 664 814 357 672 267 337 300 353 639 912 134 115 798
140 366 639 384 414 648 759 263 230 33 242 233 424 580 746 546 626 648 809 218 95 317 214 722 219 513 70 267 948 426 678 352 435 928 83 226 521 474 286 686 539 311 389 564 978 365 200 968 51 709 438 321 446 679 3 791 134 993 74 734 420 794 546 307 773 863 48 613 882 838 51 556 909 362 597 410 974 800 809 956 890 888 488
769 865 448 848 708 451 809 497 751 252 643 40 347 892 639 603 581 396 437 359 778 252 864 367 80 451 516 756 716 319 252 898 441 899 849 399 98 295 196 406 620 667 493 362 225 149 218 679 302 706 631 331 663 200 825 488 527 642 763 474 831 935 956 901 831 122 123 130 618 977 258 188 984 938 108 212 298 700 877 853 560 99 293 533
377 486 543 799 719 692 504 783 554 283 639 604 219 793 639 348 512 216 0 131 4 593 683 670 650 750 120 402 772 419 864 936 362 82 552 870 857 261 987 270 323 283 562 919 51 451 848 465 969 634 606 258 159 960 630 367 765 271 845 68 355 382 680 296 149 174 819 405 523 781 710 51 176 764 908 724 898 805 557 606 407 747 842 737 679
193 700 413 35 400 161 625 125 779 155 203 752 457 440 466 200 244 836 523 172 35 540 777 409 26 728 461 603 798 106 109 167 541 723 138 3 294 252 219 178 910 399 906 952 260 604 991 404 701 19 274 832 876 224 451 233 355 434 480 370 674 45 792 834 822 493 663 802 127 243 359 606 470 474 38 500 996 817 849 907 972 206 512 32 289 347
989 337 82 220 814 78 130 312 634 885 938 446 820 871 480 433 679 836 675 516 854 844 717 157 985 259 134 997 999 974 36 675 705 893 501 351 625 83 618 154 125 488 859 174 175 169 229 529 821 194 187 753 697 824 723 618 96 329 208 305 800 739 298 319 878 422 907 327 314 150 225 711 133 472 860 643 754 775 433 619 381 909 20 358 462 325 945
551 752 801 956 560 659 411 200 79 904 35 490 996 878 756 77 267 14 768 888 884 84 403 816 145 652 143 631 925 275 904 344 882 777 72 429 139 460 901 590 214 992 433 133 133 478 311 520 604 602 450 334 370 317 875 859 687 954 439 383 751 661 646 549 418 729 989 702 190 148 642 231 710 931 414 667 737 700 302 855 101 337 956 198 633 666 209 246
925 176 802 791 413 840 331 171 451 664 479 438 39 985 654 766 691 709 553 848 122 789 826 183 271 890 682 562 443 630 306 304 612 167 450 770 309 151 870 259 124 420 728 472 553 514 242 89 435 401 916 772 788 20 91 436 902 43 414 778 447 28 166 655 337 558 299 801 226 119 193 117 955 8 830 280 253 771 812 55 770 487 580 125 756 803 549 442 669
631 278 213 142 738 339 17 30 972 636 511 907 655 561 675 988 999 845 219 92 42 77 152 343 490 243 72 39 747 414 702 739 152 431 527 383 746 948 814 65 588 906 929 641 347 221 716 280 59 613 601 668 35 980 736 671 925 2 187 470 128 531 969 472 989 842 25 304 827 65 706 555 627 701 255 884 827 725 27 418 369 227 702 922 931 435 618 566 246 810
168 294 803 110 873 560 748 505 671 777 215 156 438 971 896 964 941 999 267 843 97 111 474 457 314 880 647 165 770 649 712 39 478 502 71 911 131 210 926 185 226 97 293 831 497 388 690 801 569 315 819 924 992 411 134 632 348 982 950 430 834 457 972 190 344 646 457 295 83 595 954 406 88 771 451 674 826 224 791 889 213 850 626 765 170 763 519 278 257 696 894
612 451 755 961 526 17 154 198 329 226 820 404 752 975 18 662 24 678 701 103 37 666 6 134 194 2 301 504 760 896 23 445 193 809 252 947 655 193 90 112 268 340 641 368 304 886 407 889 959 708 741 794 752 678 131 842 332 571 654 548 811 378 559 785 578 207 604 985 644 20 221 543 86 594 469 449 845 815 786 505 419 728 193 773 56 311 476 529 183 160 220 699
530 463 157 130 207 153 266 798 937 636 556 16 793 607 599 93 65 69 727 930 13 133 97 442 628 353 570 980 618 856 553 247 592 197 43 503 267 716 40 774 787 600 59 484 842 315 46 991 672 225 550 264 131 349 191 779 307 595 43 607 603 646 156 472 9 646 566 434 691 846 212 760 274 954 230 445 508 723 402 675 354 125 698 943 493 997 16 676 406 776 507 267 892
451 175 743 221 157 960 918 623 913 3 156 94 15 313 128 231 461 461 607 26 665 546 789 784 63 548 328 462 633 42 809 799 743 777 178 608 567 255 303 775 934 134 933 456 244 818 577 76 424 579 407 792 485 315 142 94 448 593 548 449 730 850 12 158 677 334 42 479 265 999 28 763 677 885 276 495 791 633 651 110 225 453 610 33 961 762 362 549 688 435 576 101 421 448
94 479 595 611 752 709 81 206 124 739 698 486 447 607 791 624 904 215 311 422 654 157 233 31 255 252 472 770 257 379 379 863 254 935 202 872 30 573 997 45 910 122 713 351 810 886 905 701 830 860 555 240 28 993 159 316 746 437 574 870 405 592 300 136 57 812 857 652 529 633 626 554 186 915 192 893 317 815 328 430 668 80 242 274 847 393 241 274 861 956 659 206 864 261 590
697 63 30 771 22 606 946 43 891 950 774 866 667 773 933 544 468 771 547 136 468 155 578 685 965 987 739 703 675 95 37 600 465 715 755 896 737 524 520 598 813 276 944 802 930 877 235 75 858 62 957 802 90 34 784 537 895 437 517 773 923 206 902 981 869 728 261 724 899 833 225 276 653 549 449 602 694 793 996 38 917 721 447 536 364 30 37 664 29 281 893 222 385 273 742 981
817 338 809 987 572 682 921 934 134 557 568 247 443 208 701 530 862 287 700 444 654 198 490 922 976 534 904 467 839 240 585 856 266 545 822 686 446 526 88 435 527 611 67 354 985 260 86 63 810 686 750 337 11 163 34 60 283 433 5 579 777 194 113 819 811 443 915 748 871 626 119 795 47 545 346 537 954 233 71 26 616 532 142 720 371 254 138 996 220 24 81 190 25 60 133 746 241
143 624 583 143 152 446 70 158 171 631 49 835 447 352 771 371 36 810 164 797 79 68 300 778 472 62 202 421 643 287 765 294 255 340 601 581 138 900 123 832 26 979 213 555 297 596 110 84 306 164 517 232 761 92 995 278 257 272 795 892 389 505 655 287 648 334 341 748 518 442 496 354 998 202 275 536 776 389 315 680 90 708 25 589 466 205 487 907 466 143 619 689 364 396 636 255 257 67
664 501 562 454 245 11 310 931 382 413 207 989 837 809 28 756 952 615 602 530 868 831 640 996 771 991 336 151 94 101 59 804 424 908 93 98 657 486 776 277 215 895 924 968 980 164 954 638 70 80 272 19 485 533 366 56 766 796 670 619 119 546 959 599 462 110 643 533 708 564 253 295 415 547 284 654 951 193 3 770 991 995 59 646 441 384 606 112 341 989 288 900 826 105 66 30 561 80 600
347 336 745 574 170 871 131 387 122 174 490 833 919 194 756 388 335 158 135 170 417 876 549 29 912 188 702 529 351 303 938 782 921 344 817 435 981 523 476 604 422 215 378 138 193 930 694 10 711 713 406 456 267 484 817 98 858 908 939 465 478 101 306 283 325 567 985 560 961 278 412 997 244 834 537 833 0 837 52 768 10 800 645 292 471 184 42 652 434 176 786 386 234 830 692 77 225 219 700 816
