100
189
448 25
731 794 231
875 748 860 69
898 155 102 756 747
721 813 706 227 988 570
365 188 39 35 462 798 442
23 53 41 645 756 417 835 903
245 459 707 61 804 189 911 703 737
917 637 883 478 298 768 661 355 517 733
84 652 135 974 194 667 445 283 360 827 44
638 928 704 309 387 478 228 592 530 75 210 593
201 840 282 444 534 447 798 892 112 708 949 342 864
324 408 549 811 281 94 529 448 139 621 437 156 732 662
823 823 801 701 917 960 371 938 937 942 588 635 344 118 805
570 288 577 610 651 15 677 325 415 871 804 67 868 470 239 337
359 999 639 835 906 746 27 327 989 748 610 246 529 106 831 118 664
351 489 971 767 137 71 171 942 920 941 671 465 340 853 542 94 373 549
795 807 438 829 531 253 87 813 347 699 580 755 451 458 471 328 265 687 52
382 674 643 603 653 887 680 111 454 215 481 589 199 615 500 182 209 987 265 704
655 338 409 393 526 848 342 892 533 142 557 121 15 937 552 979 445 442 53 743 688
639 445 383 656 464 666 618 473 913 76 722 185 270 279 451 569 967 165 896 844 492 292
981 918 181 383 471 600 579 3 571 488 182 945 608 876 873 296 166 593 153 98 337 89 52
971 773 375 697 25 121 235 952 551 113 491 510 342 708 328 861 985 582 519 853 811 852 13 651
190 265 431 357 70 731 460 129 953 617 633 526 699 754 971 248 727 143 627 904 791 673 741 236 798
170 33 730 857 601 319 506 482 539 639 140 707 789 533 342 594 838 220 469 543 215 963 464 270 251 602
954 442 639 545 168 141 28 95 889 70 577 674 503 193 447 297 38 926 337 564 341 8 674 339 329 13 761
595 273 997 659 917 789 130 665 801 40 135 66 785 482 39 644 727 970 559 131 466 44 142 745 785 100 179 809
608 246 703 879 784 634 89 14 272 801 438 401 61 475 775 777 315 43 295 976 334 390 51 649 446 853 179 220 517
663 875 891 233 49 661 831 772 375 117 56 270 209 419 239 826 449 864 686 177 906 969 725 175 573 469 781 377 465 253
583 287 40 900 84 114 365 430 840 395 209 656 772 104 260 730 391 999 153 282 672 77 428 671 895 250 113 69 634 199 796
968 105 136 974 491 563 261 50 953 877 424 199 427 913 853 844 330 959 35 859 284 404 305 791 705 750 103 462 495 501 783 914
718 255 805 247 468 805 902 78 1 126 650 206 934 876 341 77 576 746 81 2 374 792 187 277 138 15 543 496 451 909 105 171 769
893 486 248 560 964 467 357 504 866 78 337 907 781 347 924 836 994 67 31 527 103 972 535 598 499 492 309 626 245 225 790 788 550 282
464 468 743 554 179 157 925 468 996 205 471 536 383 568 952 392 866 890 742 354 81 651 359 57 708 174 88 551 913 83 88 316 750 855 421
924 26 903 5 15 871 753 886 81 806 420 524 149 897 985 641 244 905 807 653 519 198 994 836 868 334 896 839 375 136 96 254 477 449 328 225
229 74 565 449 924 472 668 363 915 968 771 430 93 48 148 629 944 513 455 803 369 811 715 454 516 829 291 53 918 430 943 301 481 916 694 717 497
866 362 366 618 765 897 938 258 162 467 75 968 155 233 358 862 436 870 927 129 972 538 304 614 233 384 771 992 458 819 465 758 598 374 943 59 115 173
875 270 104 896 912 540 876 808 710 120 309 869 907 91 41 100 575 216 681 443 822 646 156 356 150 685 816 867 870 134 536 823 401 903 282 630 196 313 687
47 6 688 814 39 942 749 289 208 186 423 758 309 997 55 771 444 128 621 559 675 364 511 801 538 448 225 370 804 931 775 815 606 183 297 645 483 545 884 983
897 708 93 63 898 583 299 471 378 630 744 733 905 940 473 678 402 406 337 975 604 662 431 377 928 285 655 183 419 336 894 388 402 417 968 623 126 645 404 866 174
782 30 672 38 43 781 446 360 814 723 503 98 472 988 327 129 180 449 488 587 556 371 100 906 83 627 25 324 594 153 979 173 783 929 848 729 753 769 942 339 393 340
180 895 153 272 260 991 693 645 668 909 399 956 691 895 520 441 851 317 917 760 276 690 594 332 82 425 350 841 136 62 239 726 388 227 822 202 563 561 505 976 323 347 580
249 545 972 837 743 461 849 668 534 458 934 908 780 886 934 256 144 309 611 877 861 99 435 939 481 933 763 21 809 425 6 832 45 604 416 940 146 925 787 732 952 49 978 385
902 580 551 472 961 11 937 328 141 185 331 561 353 581 592 446 843 722 62 318 900 626 633 747 95 297 146 808 430 44 912 536 382 607 812 339 119 88 980 765 349 654 98 651 885
456 292 773 363 0 636 617 113 22 128 89 368 410 799 828 469 76 171 919 575 542 458 95 458 407 244 566 403 568 692 277 352 30 338 837 65 576 545 574 962 928 801 772 989 765 60
416 293 986 587 858 263 288 618 202 177 361 813 245 992 834 22 488 203 139 151 177 99 597 185 762 287 647 896 485 859 324 816 37 267 998 76 982 22 630 74 425 492 686 581 231 460 249
939 349 944 238 157 993 692 694 528 93 874 255 342 487 114 798 750 238 462 649 45 285 430 535 39 654 919 729 202 834 951 6 148 274 213 142 630 810 234 240 928 112 893 667 157 744 971 577
722 378 414 841 689 680 478 827 312 480 825 998 217 409 767 128 428 648 458 383 796 710 166 170 371 228 829 419 914 840 131 280 576 145 865 234 2 907 963 423 588 53 932 977 993 796 593 653 740
55 9 549 22 94 553 151 122 367 926 311 521 489 910 133 323 957 87 267 916 944 4 314 541 16 102 779 217 731 765 78 679 47 244 288 444 971 667 878 841 90 478 41 928 786 904 572 550 154 55
102 739 533 999 373 44 411 260 419 888 790 491 856 729 809 939 96 655 402 421 135 503 317 601 790 118 788 626 960 881 986 70 741 19 958 630 221 607 340 708 636 781 192 383 382 803 515 945 125 178 490
263 683 57 324 276 759 594 571 266 800 249 681 6 832 822 937 625 488 847 17 426 420 294 227 93 117 800 842 261 473 287 547 897 126 742 890 483 878 261 639 598 315 153 770 121 398 567 200 33 291 607 944
808 76 924 438 969 259 952 33 645 677 537 137 32 923 996 334 25 103 653 520 174 284 13 115 158 209 865 913 665 871 824 469 289 645 786 308 926 938 668 620 485 307 746 597 419 293 877 261 514 125 894 366 964
464 336 1 388 367 787 372 150 255 661 57 436 467 747 867 968 239 447 772 40 571 622 658 247 324 805 213 92 329 975 194 753 811 664 151 302 562 485 364 901 229 950 994 933 453 672 878 88 343 692 249 46 69 697
346 881 897 399 0 337 657 786 650 18 516 399 162 213 173 274 268 219 463 557 858 44 252 574 274 240 420 254 686 910 583 424 742 310 899 963 248 540 891 617 480 180 218 510 351 610 326 285 161 825 20 757 795 689 297
341 995 375 910 448 42 597 192 244 309 14 751 636 600 14 53 690 52 80 921 372 859 642 218 412 608 442 465 404 969 750 490 381 340 915 28 299 324 134 335 93 537 636 475 437 999 360 49 712 959 605 242 671 759 665 38
206 511 152 538 497 4 595 875 404 1 71 205 851 139 783 101 376 604 797 508 811 927 984 715 456 670 977 326 13 576 502 127 703 732 508 523 486 741 304 39 323 802 274 978 310 86 742 427 295 724 162 171 591 906 800 711 644
410 298 330 578 246 661 177 512 368 633 118 833 634 20 720 734 712 175 936 329 326 663 213 459 905 409 708 222 608 606 667 885 989 378 929 373 660 191 201 999 718 329 542 200 793 512 682 321 931 933 566 356 319 543 730 712 338 586
513 261 200 367 490 883 247 461 496 992 596 461 297 500 955 530 363 572 170 894 26 878 884 605 720 750 881 96 789 997 350 642 618 888 649 888 763 268 584 27 468 434 725 501 233 783 149 259 847 852 264 905 637 605 977 282 218 249 513
958 444 176 50 455 903 464 366 432 174 541 971 926 150 759 776 566 593 776 618 223 180 643 699 130 561 465 700 724 426 257 184 234 102 76 975 21 40 767 579 141 529 881 555 770 263 379 183 91 504 193 542 597 709 78 661 602 106 502 621
200 450 172 271 36 935 726 99 353 505 48 830 645 835 370 143 381 505 765 401 44 319 51 928 330 158 155 484 906 923 532 74 924 992 578 833 717 177 821 10 100 959 972 22 412 335 554 373 551 916 98 590 289 30 597 113 518 306 391 135 466
755 387 256 981 732 592 354 825 794 169 288 415 618 746 768 818 874 80 672 276 80 958 129 19 230 388 73 466 166 618 745 549 643 707 917 997 801 674 495 608 159 891 703 579 420 795 713 837 281 988 50 888 780 474 345 377 208 474 776 575 238 657
915 939 104 665 140 952 668 691 786 261 332 415 45 500 905 696 282 521 737 564 529 535 800 837 589 238 559 436 794 141 280 600 370 682 126 813 986 339 490 603 76 944 959 859 142 18 455 826 782 466 317 388 570 303 646 896 60 900 356 482 752 247 920
532 501 625 867 480 40 589 514 369 844 861 709 306 19 23 462 327 956 409 944 132 727 88 511 843 380 474 395 829 738 328 788 927 27 154 16 316 84 627 412 426 330 993 262 894 549 451 326 16 436 375 696 880 538 820 480 986 606 121 364 50 219 667 790
431 18 140 116 345 87 78 893 956 240 827 378 967 10 468 703 802 898 323 965 717 697 474 619 556 743 285 53 270 959 848 663 443 495 492 951 311 992 289 357 193 885 363 275 165 359 678 837 659 600 16 788 551 206 476 234 669 347 407 301 970 110 903 622 396
896 791 60 499 995 451 419 99 371 800 202 699 901 561 2 942 190 407 872 449 888 730 857 489 154 218 682 111 324 350 849 516 555 225 598 474 669 775 796 708 153 234 750 310 45 661 759 792 593 908 566 116 60 803 551 471 727 37 777 285 632 94 862 217 991 915
297 419 717 456 394 922 26 872 269 94 514 548 65 647 617 205 789 159 709 628 970 773 667 403 757 968 784 147 94 751 985 701 744 264 602 133 804 752 194 83 211 466 740 673 482 372 880 986 293 469 308 892 747 743 628 374 593 317 476 774 202 918 262 777 42 578 922
7 375 337 446 440 88 802 648 629 75 768 857 748 974 707 698 226 581 234 801 887 608 946 898 413 623 106 424 83 627 226 975 636 207 848 553 375 696 2 600 192 414 409 414 712 416 72 927 24 263 937 136 798 905 687 921 307 571 2 919 602 240 183 850 303 235 459 919
341 6 22 876 859 127 240 511 809 30 670 369 540 691 851 419 13 968 324 628 362 522 45 247 511 766 915 633 382 142 973 480 860 404 2 338 263 751 689 977 667 498 792 373 943 434 550 283 610 596 944 126 647 353 998 61 756 386 105 353 558 977 448 271 582 318 375 608 850
428 754 514 719 718 886 8 989 791 217 494 799 75 155 519 707 596 712 501 240 181 195 953 57 193 733 761 622 72 195 555 871 740 710 263 288 526 149 82 746 670 676 490 804 512 503 788 710 379 56 433 867 172 801 182 766 185 678 736 414 216 40 876 40 508 132 949 539 737 263
530 965 603 582 911 675 678 429 207 581 964 696 89 544 56 470 705 482 661 558 46 187 851 639 311 129 447 459 944 335 352 709 379 48 579 839 941 217 271 648 312 377 401 973 695 61 985 50 975 261 833 26 517 815 401 333 375 653 615 709 707 149 175 946 714 793 607 846 615 785 595
569 114 640 174 498 102 576 83 617 35 991 114 122 879 467 145 320 984 697 746 526 210 339 277 140 76 439 610 2 641 855 359 563 275 898 372 531 864 256 285 998 509 897 614 912 800 17 681 722 626 731 66 781 949 99 906 583 490 98 244 446 311 351 942 518 241 125 228 270 271 655 795
523 519 70 711 706 905 496 866 299 517 926 466 853 506 52 133 900 243 520 941 5 634 232 120 910 648 121 528 713 876 777 65 542 92 915 468 482 372 386 755 250 897 9 716 908 652 44 259 365 193 509 57 461 450 981 37 666 521 447 34 623 381 23 123 660 347 240 386 783 61 645 977 731
800 157 105 48 347 508 871 397 57 68 989 389 159 636 898 803 976 534 206 405 653 339 188 502 682 578 395 936 821 746 338 575 973 150 895 293 831 461 548 298 229 540 527 388 571 763 948 690 372 447 292 72 340 324 329 750 687 714 400 729 610 516 197 519 698 318 474 353 911 543 457 556 803 991
540 768 874 355 207 940 914 202 453 208 127 865 34 563 442 624 558 11 2 133 806 644 191 416 58 405 498 545 902 646 202 437 351 764 711 731 571 315 547 205 70 424 386 319 837 907 822 267 493 241 315 832 914 621 64 324 866 504 385 451 802 521 401 945 316 327 961 877 330 362 874 869 469 28 109
522 411 370 880 239 417 531 841 302 815 239 813 271 951 586 422 265 416 731 73 282 474 441 299 565 301 717 82 175 914 425 793 712 751 780 462 759 503 211 101 992 347 441 628 244 523 578 581 263 12 63 771 850 672 974 667 702 622 444 188 761 346 647 914 222 354 649 221 83 173 635 278 273 82 636 324
433 502 26 228 404 429 589 695 249 372 607 835 564 653 687 917 240 975 809 823 509 176 441 596 372 100 884 48 305 337 892 591 570 430 629 232 336 619 557 786 72 580 498 753 897 813 600 995 248 254 756 541 512 565 519 677 811 397 415 781 367 899 336 956 274 501 641 958 180 789 350 173 673 533 887 334 667
607 932 483 123 867 356 910 471 40 514 706 190 903 206 715 218 384 389 533 588 30 177 143 998 845 730 940 856 523 922 911 846 240 293 0 760 108 869 690 154 541 464 14 147 715 694 742 403 203 112 345 110 751 5 110 4 157 592 513 499 558 990 928 301 689 305 709 273 240 495 488 235 279 505 15 355 490 75
889 288 714 359 124 49 981 531 904 867 202 34 791 316 536 129 740 759 263 535 921 220 478 412 869 482 687 10 631 76 711 777 356 1 13 13 268 612 732 598 429 486 770 484 895 530 26 680 587 410 659 745 287 977 592 912 542 621 740 390 683 969 77 581 231 688 24 581 183 451 24 211 289 782 377 676 93 600 938
909 804 684 187 755 738 596 341 225 973 740 234 591 337 666 606 887 82 18 519 205 991 222 104 132 134 927 301 469 362 816 90 332 676 30 368 736 601 398 749 942 176 363 141 422 373 600 997 980 102 255 970 169 672 507 410 576 245 488 552 100 99 308 879 27 440 6 566 23 358 672 600 540 348 667 229 3 199 33 830
531 688 172 460 666 663 401 383 919 25 29 337 692 571 562 404 838 540 200 627 320 694 66 333 957 389 202 586 751 535 233 790 42 492 607 135 949 143 871 191 411 87 109 299 0 905 161 875 511 266 800 762 187 251 251 375 237 824 327 485 486 257 34 186 247 686 201 549 625 36 93 528 481 306 986 472 991 988 577 797 336
865 497 327 359 732 566 231 869 32 274 973 745 277 312 103 274 477 120 584 659 775 424 492 808 496 996 773 950 421 393 819 738 595 988 212 357 39 35 103 714 52 114 703 745 700 970 551 723 902 376 292 305 26 918 437 752 200 562 764 941 557 272 685 450 862 635 301 851 175 38 988 100 256 837 199 999 730 272 418 25 758 604
264 861 379 917 465 638 638 644 612 74 152 254 236 836 871 9 49 619 142 667 538 991 771 952 743 310 830 861 404 439 577 553 798 599 822 140 577 814 191 797 722 386 587 655 733 811 357 63 307 104 361 895 557 622 263 964 645 715 235 853 947 35 880 901 635 890 768 452 387 372 455 171 563 636 920 606 950 888 299 380 238 91 259
180 753 496 196 415 884 99 170 914 926 772 511 767 755 854 213 922 380 54 12 449 807 223 840 212 879 34 405 345 48 349 386 484 910 390 193 202 29 284 779 351 873 412 93 614 488 441 230 557 828 274 830 271 175 857 670 542 252 665 644 311 608 378 57 170 307 678 339 347 766 988 603 551 410 459 246 650 682 260 573 329 956 370 182
233 220 197 712 355 536 872 777 559 455 128 726 574 580 167 46 843 737 321 364 765 837 847 806 788 933 722 242 835 454 164 941 77 557 885 312 830 152 218 845 512 332 852 235 751 752 62 910 705 124 491 453 900 783 421 562 246 564 66 806 11 933 407 965 593 878 318 563 803 921 935 780 752 30 866 915 367 839 561 876 935 269 470 807 758
271 109 257 241 158 629 392 318 437 583 459 184 667 962 897 59 41 814 486 577 312 255 34 911 920 896 581 288 191 13 461 581 542 882 27 916 734 372 611 650 37 374 924 113 602 983 814 461 743 446 967 628 268 276 438 478 127 95 505 708 518 420 25 531 361 787 922 711 266 676 247 358 643 998 648 53 957 441 369 712 14 624 7 334 724 657
259 724 281 239 658 737 123 776 419 862 618 624 604 993 689 477 244 136 696 961 423 476 753 159 571 215 909 447 420 396 24 260 141 276 360 618 765 201 934 728 32 368 303 228 467 710 313 156 195 518 349 869 595 671 668 379 783 633 29 901 165 910 15 347 424 772 889 991 926 900 666 76 677 577 657 336 890 31 608 830 296 388 184 486 714 358 414
302 189 29 603 780 256 103 561 900 173 461 771 160 251 763 195 789 938 230 20 215 413 588 710 675 582 27 390 349 377 129 361 683 843 708 985 421 406 353 296 390 805 328 353 131 783 142 142 41 399 140 638 442 62 229 598 578 938 217 24 813 831 22 764 95 239 80 34 688 613 29 337 874 720 357 511 769 973 882 633 958 165 205 896 26 316 705 198
518 737 181 825 125 513 810 103 836 486 154 345 515 184 95 161 238 423 374 714 801 983 6 431 578 331 480 636 532 93 159 484 38 897 489 688 824 68 952 2 124 504 489 618 126 283 394 470 281 452 418 980 137 958 233 823 822 416 658 187 990 563 282 670 578 411 376 309 528 979 95 744 515 459 497 822 165 45 879 31 460 41 836 29 388 16 584 309 801
419 992 438 861 666 788 788 491 922 389 619 905 78 421 763 206 566 176 832 774 231 335 902 317 803 172 660 405 832 327 94 928 885 713 931 789 393 194 888 624 364 781 458 311 695 616 174 916 305 654 876 950 994 537 691 407 181 472 522 669 50 711 63 849 543 212 178 141 495 688 774 979 831 137 172 30 511 413 486 940 451 428 503 328 684 728 819 700 212 34
736 176 975 512 238 260 175 90 349 106 95 405 666 195 727 423 788 246 313 182 992 678 721 80 303 886 811 884 466 301 571 297 775 108 773 452 223 101 4 35 658 453 508 485 564 387 629 776 970 98 90 43 769 663 750 606 435 393 453 620 111 7 126 262 151 981 14 82 374 512 671 457 615 382 1 740 141 276 398 875 29 503 218 866 427 231 92 591 661 259 559
2 987 747 673 300 776 144 1 975 374 559 360 708 307 929 604 179 998 787 733 746 757 660 159 740 132 55 900 10 18 37 788 18 939 144 174 851 246 924 372 910 33 780 769 178 366 238 582 925 169 878 217 732 619 974 972 868 796 688 952 859 561 699 781 341 369 468 893 999 391 558 376 116 595 235 656 519 591 408 928 808 702 177 795 106 125 726 347 30 262 496 926
447 713 813 944 114 434 171 307 741 14 933 687 412 655 321 414 571 131 74 12 176 708 760 685 200 806 931 465 706 281 908 672 155 889 354 883 350 387 745 74 856 936 830 29 279 166 381 640 880 670 831 274 128 611 307 871 666 151 195 773 215 30 307 59 581 379 804 577 841 484 188 596 714 747 557 3 427 253 408 266 598 683 460 357 978 845 770 392 11 388 819 603 451
908 345 935 247 280 262 901 639 751 165 404 133 942 45 814 520 845 621 663 7 220 308 989 662 547 866 269 122 237 877 56 796 509 573 163 674 186 909 900 87 987 258 343 926 69 138 978 760 506 372 143 653 597 237 449 893 447 713 232 151 110 349 183 190 618 0 923 628 496 931 570 631 391 387 127 880 771 252 621 338 44 991 290 140 880 170 200 248 695 919 851 705 302 823
824 128 965 637 940 675 388 492 614 954 955 739 922 74 86 340 831 851 92 664 497 368 448 877 511 393 331 625 324 384 584 711 558 762 515 382 853 149 123 781 742 952 417 403 72 872 631 37 244 178 79 871 692 768 835 116 484 778 520 878 190 348 556 831 242 229 605 399 306 960 933 454 725 135 756 417 282 29 558 964 450 835 712 855 420 883 723 584 639 663 750 154 202 824 12
386 99 431 233 869 30 163 714 290 567 864 222 760 473 491 751 908 174 141 876 955 24 173 525 47 769 410 282 525 441 981 522 67 957 756 801 959 258 332 752 582 330 519 454 256 313 982 989 807 630 667 405 702 463 491 483 360 690 980 867 944 833 856 853 874 215 324 418 166 789 777 284 392 977 804 741 285 99 285 609 524 99 968 918 138 271 162 569 28 830 698 495 923 951 690 275
526 243 807 921 798 691 884 653 541 868 285 678 51 733 320 211 280 970 577 392 633 843 2 325 686 587 209 618 123 570 841 591 716 409 35 897 672 24 79 573 349 236 269 111 426 382 524 532 450 56 22 68 481 103 622 622 370 792 210 102 23 421 579 331 300 336 30 736 64 858 12 867 434 159 737 12 963 90 824 497 660 511 920 602 619 235 170 418 812 794 34 426 572 751 408 723 667
326 538 447 325 720 115 431 819 926 830 384 274 865 80 520 19 833 355 663 326 611 930 351 415 77 682 861 608 550 146 689 556 320 573 14 754 334 47 379 948 614 939 983 143 865 922 312 544 36 866 922 454 622 691 591 40 175 620 618 840 410 658 177 890 538 949 664 334 667 980 51 925 840 743 997 555 981 715 255 256 437 453 263 618 711 921 705 778 656 468 747 737 27 462 878 897 632 651
955 487 646 73 292 616 901 380 616 370 457 409 472 403 876 578 251 340 441 120 229 738 771 306 355 613 730 440 149 637 737 953 130 878 963 567 593 377 867 184 343 862 617 934 563 416 62 388 798 828 447 81 799 139 730 611 492 381 145 371 754 208 425 958 23 592 881 257 249 915 851 208 947 613 40 207 512 245 130 159 45 983 335 612 253 1 309 258 569 291 157 71 73 28 276 177 323 144 934
551 272 835 675 833 256 954 453 134 264 459 979 29 757 912 468 300 953 629 42 474 638 421 836 865 322 616 387 912 592 459 196 503 780 349 331 637 894 868 938 227 34 856 114 990 759 546 664 495 255 857 571 129 49 717 290 525 574 360 876 346 774 460 338 662 588 900 421 21 585 872 214 905 861 190 715 889 72 641 508 610 391 830 904 28 296 745 920 0 232 364 395 868 314 510 931 985 366 290 563
