100 4950 99
37 80 218119
57 60 727034
33 63 227728
55 63 859944
3 88 630225
52 65 362004
3 64 425765
93 95 595918
28 30 816596
58 64 714856
21 40 691320
55 99 446290
24 55 235271
34 83 227420
44 86 209935
6 37 346808
15 83 679643
33 97 793162
24 53 916209
43 97 369958
26 35 839505
14 55 189525
29 78 598046
41 65 322392
52 88 929864
5 53 181199
54 88 714467
16 83 226688
12 19 923547
5 54 672957
42 94 974412
63 92 703151
18 60 742659
45 69 734259
66 98 753080
23 44 966910
6 39 987823
14 33 44907
63 93 181226
18 58 424506
23 68 871724
5 6 626364
64 83 860325
23 48 521948
10 69 580293
38 43 598194
28 39 237602
64 81 915176
30 86 862347
9 55 990367
17 37 311758
49 53 885198
70 82 919957
12 55 165518
44 92 342903
21 49 73869
91 94 870372
3 20 80083
32 78 491183
36 69 157927
62 79 509282
69 87 399797
18 92 702231
36 86 402674
53 54 639358
35 98 660910
18 72 709046
31 86 749279
24 65 87819
53 62 680238
4 71 137439
13 40 558606
71 80 325005
35 64 889256
35 91 929228
13 95 463230
13 87 850203
21 37 722209
44 70 743805
5 49 354040
22 73 301463
42 61 287727
27 88 993934
13 28 771313
5 88 664842
33 71 38726
18 71 120942
5 46 965759
25 70 894107
58 72 870314
43 68 455410
0 30 42896
53 99 548768
1 59 458633
30 63 278332
51 76 128889
36 52 140976
18 78 60154
26 70 108746
40 67 923359
32 45 197555
16 84 519580
94 99 289993
27 31 797204
43 77 481706
27 63 809080
20 61 532853
27 56 586513
36 91 130112
13 88 193195
9 78 447648
89 98 42868
35 84 832237
9 38 838334
4 56 15596
18 98 97210
12 30 410040
30 46 565825
89 95 856469
82 93 989294
49 86 694032
48 98 100108
61 65 299640
11 34 181520
60 98 538079
3 84 593576
24 26 245077
63 95 783599
70 72 718146
55 64 423844
38 59 82274
56 80 47532
64 78 700485
17 61 993340
4 18 974599
18 55 672103
27 68 251253
33 94 649759
49 62 566816
2 86 80414
47 68 527862
62 84 458136
2 26 252448
24 47 321021
59 85 619372
14 38 763475
24 82 204251
28 95 543780
85 92 400451
23 41 446643
63 87 531337
91 93 201814
72 93 774261
43 59 688257
49 81 291188
76 94 701209
35 80 752936
77 95 913270
2 51 665590
34 84 296809
28 91 63571
43 87 794690
50 55 937915
4 57 227815
9 50 15304
75 93 283714
40 71 960551
19 40 375363
18 36 141150
2 47 241484
58 62 890386
89 92 675307
31 87 61873
48 84 756878
9 52 228382
54 79 795087
19 53 31014
46 69 167411
60 80 869126
73 78 134887
6 85 185999
58 70 513994
77 99 468428
39 90 398943
35 97 391166
64 67 10440
12 76 772784
18 81 546629
61 69 428274
41 63 829099
27 32 414710
22 46 256128
13 86 220777
37 54 824890
57 70 825065
19 65 494959
3 93 624117
54 74 906781
45 98 241494
42 81 713456
3 77 193667
22 66 906003
38 89 428416
0 95 549021
14 19 478838
26 29 522617
2 74 297524
10 16 732059
3 49 229639
17 35 275455
23 90 268323
29 43 216552
5 90 73895
24 99 315879
15 97 170319
31 66 522399
4 44 514373
7 64 333252
12 65 310770
0 15 841756
33 78 76413
34 91 954739
56 82 746063
51 89 671482
65 72 378926
39 69 788930
18 32 569652
14 49 556608
44 81 556804
17 57 946328
12 87 191611
72 73 868622
32 42 299696
67 98 693041
86 95 165249
39 68 802322
55 97 52619
15 42 69520
49 96 776570
53 92 125491
36 57 308102
9 68 275938
23 87 307613
51 80 835364
32 51 869980
90 97 229969
67 95 582442
29 64 104049
3 7 1894
54 99 197400
9 91 101720
10 15 225180
40 42 696677
63 75 157767
23 71 874168
35 52 407703
49 73 464736
10 30 686361
1 38 150924
10 23 416852
67 74 208953
28 55 367643
8 42 815215
36 99 762908
44 95 203234
59 71 631659
27 40 759304
78 95 35148
41 47 705052
7 9 629337
27 84 859481
49 75 518778
60 92 297071
4 41 800173
31 85 573504
0 72 551440
70 84 6336
3 47 834623
10 38 224616
46 78 598201
38 42 886157
27 42 525859
40 75 37129
45 74 816222
5 45 235508
66 74 604019
39 79 671632
34 94 984751
21 80 749435
46 75 225581
53 61 266705
30 92 92472
10 64 60876
53 85 440220
53 79 249638
81 95 677576
68 71 206033
20 83 679708
7 15 922096
40 73 431362
89 94 826467
36 97 600645
0 69 569632
21 23 733503
5 19 558450
26 37 182555
12 90 769697
10 60 795913
44 48 525238
8 92 855064
7 91 33884
29 74 779239
8 35 350309
17 44 915262
86 99 235859
28 99 531579
59 62 848055
87 99 287276
43 81 563716
10 65 615947
36 59 650165
65 68 74485
26 55 369549
17 97 740872
21 97 543872
17 64 584858
21 64 671760
52 89 208378
32 99 647283
56 62 193254
4 32 694345
36 67 748211
1 86 570551
29 81 545884
40 90 750363
36 54 784897
18 43 542225
69 99 427596
34 43 121710
31 53 451901
35 55 430857
80 99 30550
8 71 797692
21 50 30299
46 57 151630
0 39 974245
34 52 707883
28 78 589206
68 86 133121
51 98 281962
19 79 312433
44 62 255037
42 56 930427
12 38 665512
3 18 932480
41 80 479104
17 68 253127
70 92 584538
7 63 667113
85 88 573861
29 46 574775
65 70 237155
1 98 854183
3 68 264841
11 82 145727
45 59 672643
30 64 563970
28 73 416368
5 83 506564
29 84 243897
18 76 749481
20 57 956735
64 72 720787
72 87 263140
21 69 681181
51 94 694682
8 95 185645
95 99 218583
39 54 37704
40 56 816002
83 87 5708
23 62 172970
35 76 653675
38 69 634822
4 86 460984
1 70 321487
5 93 17884
25 67 312340
13 33 483858
60 65 483021
22 51 124463
5 13 312677
72 74 493798
88 94 735558
10 17 877545
39 41 817636
36 56 216360
13 63 863858
2 73 574861
8 80 57631
12 40 550786
49 52 486111
56 70 73969
26 64 999760
35 63 227556
38 95 291508
50 82 716599
73 97 692322
9 19 599652
4 17 711727
14 29 896072
38 85 116544
47 67 809037
16 63 973683
35 65 76744
25 99 940776
33 49 458275
69 84 296325
31 36 877373
18 79 149905
46 82 787071
25 69 971595
8 24 533810
78 87 908798
62 89 713862
57 68 824705
2 18 142462
56 89 176726
50 64 847215
41 95 281221
10 13 416018
2 83 538561
41 62 246255
69 94 547974
50 87 619708
75 89 86127
18 59 96917
41 71 976733
46 49 719584
30 81 446920
32 65 136268
63 65 374968
29 48 929480
57 74 718937
46 56 561114
9 24 495222
2 98 645643
41 75 175142
47 54 732305
12 66 106121
18 35 10146
35 87 998654
15 80 381433
13 68 231596
11 78 104449
94 95 823455
6 71 527624
32 40 104375
14 23 914595
27 36 892822
24 35 241989
13 42 332421
9 88 95283
81 82 521416
48 94 985697
6 67 804632
3 87 40990
31 91 545876
24 67 183784
67 71 568353
82 96 654115
14 72 317483
39 72 641893
29 32 123027
20 43 108839
8 94 514871
29 85 320481
62 69 250205
35 45 282233
55 82 224506
33 74 164804
71 85 423024
6 88 545082
5 58 957724
8 11 587782
12 14 971115
31 89 678514
55 94 356687
21 38 633439
51 97 268860
7 82 188208
10 54 862529
58 89 199287
40 81 165665
33 96 835121
42 88 361163
1 18 52955
36 84 783806
2 88 418177
33 72 191218
30 73 218339
36 46 981990
7 53 311446
18 63 435731
25 87 536709
1 11 251734
82 91 882073
11 42 422174
42 90 123576
58 90 235463
69 95 600419
8 39 918516
1 51 335715
55 90 16173
18 44 111334
13 37 670960
49 93 297094
57 65 180139
32 60 97259
21 78 679941
24 30 789921
67 96 413367
66 69 451175
72 79 620892
76 92 17129
18 77 482676
7 25 609607
4 29 233309
51 71 176557
23 36 243493
3 82 465554
5 12 48617
0 99 549286
29 89 976231
43 96 313705
51 68 341527
9 61 312673
25 38 954231
1 69 788466
6 97 773451
56 69 615717
47 82 785300
32 57 647243
31 65 341003
23 43 265552
18 38 83447
67 76 307136
16 49 857562
33 80 414578
11 21 675360
23 51 270215
34 89 391757
16 97 101983
54 61 646532
1 84 759320
19 25 591852
33 86 539332
16 58 682284
8 18 92512
52 77 332473
39 85 122967
55 92 424608
43 73 293536
0 50 112624
26 72 550435
28 70 694704
81 91 377000
41 46 235070
85 97 740142
57 64 434098
47 83 589907
60 74 43981
22 41 139651
34 77 127407
37 86 323871
39 92 24418
25 95 76096
64 74 332817
13 75 277438
25 32 489829
9 25 35539
32 44 758844
24 37 684029
15 39 470858
54 92 403413
14 26 262126
11 95 708675
18 37 999919
40 79 691519
44 54 834932
13 64 439780
29 45 976193
48 68 697227
10 29 966177
36 83 963000
22 34 865938
5 67 335927
25 51 387737
8 67 285911
11 24 5575
54 93 708824
35 74 381770
52 92 929966
48 54 164661
29 94 473571
73 91 595969
9 72 314079
61 99 339812
7 70 322641
12 82 275546
29 71 485798
25 74 426366
8 27 355015
9 83 465901
46 52 616551
78 94 671776
51 59 697609
4 6 746067
13 47 845065
13 80 487302
9 99 645464
41 99 552556
12 34 293769
3 27 470394
46 84 766074
80 95 36358
64 98 674830
69 90 567248
41 70 675919
26 86 570271
46 77 949269
0 61 861747
50 62 626917
42 72 54137
4 39 225881
32 56 385538
44 68 42545
11 35 502684
67 78 59054
7 16 195316
30 95 936666
5 86 450735
63 86 78321
24 87 961369
78 82 799641
79 89 429083
29 65 397733
54 87 763634
30 54 186922
35 58 430884
64 93 996168
7 75 206603
59 60 631894
24 97 657032
41 79 310753
75 87 359364
6 49 634134
61 98 537492
38 79 372839
69 82 395376
47 55 387398
60 99 587011
2 92 36998
52 72 76708
68 95 491962
7 47 461650
27 65 656515
32 38 228400
90 96 464431
39 86 207476
4 98 219647
23 79 124126
11 90 81099
66 81 743413
6 87 115639
66 99 962994
44 76 73074
25 66 936224
16 38 252484
63 97 630201
58 77 279721
20 91 949340
5 24 308088
47 85 456152
39 91 646562
18 19 839525
39 62 623360
35 93 109287
11 98 362802
14 77 65443
41 54 656098
7 43 305576
21 90 641212
10 76 31197
75 90 970644
52 58 632755
20 40 858826
51 70 230745
7 11 568581
0 38 794589
6 10 925484
14 83 93618
48 69 505324
21 70 480658
60 78 847262
46 51 794916
5 98 64568
24 49 534257
18 83 24793
28 71 307838
21 62 641519
79 90 192541
6 55 384479
30 75 136092
14 79 28731
3 24 843343
16 29 282128
21 45 389696
19 67 249290
3 46 451523
71 91 112205
18 45 138598
34 40 352004
17 48 459743
4 37 696159
29 31 371536
14 37 309777
19 49 516708
42 79 105395
24 61 590845
45 60 454610
64 88 382543
19 88 848135
75 92 391737
3 11 531726
14 45 606025
11 99 497899
23 46 238546
56 78 747135
48 97 339192
6 99 955319
51 55 239258
18 22 485833
20 72 969568
58 91 610848
45 97 990764
2 89 514697
25 98 482222
26 57 501134
70 94 147562
37 58 479334
72 99 352928
22 82 605389
50 61 136663
27 69 916146
9 85 314049
4 99 105959
40 58 795228
1 52 294680
68 81 973073
17 79 103137
49 69 86646
59 78 862068
24 73 759883
35 71 578252
7 88 914753
8 51 400649
11 53 263967
47 49 547696
7 26 622484
47 96 17981
24 62 562519
5 43 211028
48 72 843759
9 90 583360
4 59 601785
45 83 315106
46 92 133741
20 69 197188
11 51 514329
7 99 225349
30 67 446254
68 77 276411
40 82 472434
10 22 639734
26 88 180795
14 54 184596
23 49 917453
75 86 865879
52 76 193062
62 82 306569
22 39 340739
62 73 785898
26 92 902123
82 89 931745
33 77 570708
9 11 649133
48 87 342092
46 83 167450
8 70 452148
4 95 753192
1 54 328313
84 95 816292
45 79 262925
80 86 929250
95 96 572311
1 62 896153
20 54 424732
15 24 414701
2 28 167662
0 28 536397
29 73 783793
18 34 934221
36 75 100949
29 42 803689
11 13 877962
48 60 715131
32 39 472343
33 43 512857
21 56 735516
43 60 743575
50 97 23443
11 54 266579
22 47 277583
25 80 995365
7 39 606993
12 48 675775
3 79 237284
7 68 775519
45 47 669225
80 93 532390
93 94 23165
67 89 400867
52 70 273208
65 96 768337
37 59 742850
27 53 616949
57 61 347760
63 88 435609
54 86 701462
1 79 248541
26 68 119204
37 74 26776
36 51 977020
28 48 18298
27 62 54105
52 68 15091
15 43 953911
67 77 123203
2 69 88467
7 34 6185
58 73 709850
8 68 970121
27 98 41674
20 99 275420
37 53 771208
1 37 952133
19 96 720627
20 45 870192
14 97 311501
19 38 141198
22 79 334597
23 73 820680
37 81 248440
36 94 570861
21 36 557103
55 78 440837
18 20 831229
92 99 800341
7 44 636053
46 96 189443
57 72 49369
29 88 346719
18 28 595723
85 89 939783
24 79 865708
68 89 315796
61 72 918184
34 92 755768
21 87 706457
43 92 284067
9 74 451954
44 94 712809
63 99 207437
4 73 890490
23 35 554157
53 84 517725
11 71 747673
25 49 209123
10 19 123250
11 52 913785
64 95 360020
17 41 259813
4 72 481
22 29 39464
64 87 957842
30 91 586009
42 58 818244
78 85 5070
44 73 786893
44 99 820869
14 86 811401
55 68 535292
78 80 12704
62 90 413345
42 71 939041
30 96 809477
68 88 569849
39 40 464032
47 69 464174
35 36 313729
54 85 318408
10 46 354979
95 97 205103
26 31 337521
89 97 546747
63 72 984521
31 39 324316
22 35 247988
10 26 429575
29 93 44992
32 74 271713
69 98 664908
14 20 88921
8 65 679268
0 33 114054
32 79 923177
21 91 536041
2 45 925914
36 37 31526
63 77 578049
51 74 591563
2 27 746639
8 41 822555
19 32 678165
18 57 822553
43 91 71680
48 88 610303
60 90 429758
48 51 244799
61 90 90917
27 99 467191
5 35 820144
12 47 451509
7 89 662843
17 19 212203
19 24 229897
15 96 263213
48 50 138014
9 63 63294
6 12 815770
77 96 294597
30 59 897084
18 40 376467
31 77 469404
37 92 495619
61 88 577061
71 97 878005
64 65 570521
48 66 788494
10 12 526239
18 64 585810
13 92 351281
19 59 15869
60 64 33252
26 30 458999
83 85 965186
21 63 482715
88 91 241618
8 93 932266
57 89 213805
50 99 337215
86 87 564929
6 44 808207
34 64 599393
50 58 150297
35 81 156988
9 81 835914
25 45 91278
58 92 537168
58 76 211710
52 75 181562
61 74 719493
65 69 440759
26 93 950500
31 43 620953
49 72 421631
46 86 70434
16 47 451599
9 33 895128
26 56 565557
23 97 710860
42 66 345444
96 97 96962
29 44 788249
85 94 201273
1 22 381439
33 57 224113
43 45 171510
11 57 218164
10 31 281734
9 30 152722
17 95 891329
7 31 463577
43 80 211506
51 87 105794
78 83 471514
36 81 112323
0 91 801414
48 59 854501
0 22 209076
38 98 530034
3 22 566358
34 56 118327
6 38 1233
38 62 412591
16 33 179265
7 20 658323
0 29 702168
8 34 9767
20 79 274372
44 66 322366
27 35 41170
49 83 291708
0 48 371727
27 49 246616
26 97 361120
9 27 291667
13 98 17965
35 50 727953
4 47 712689
36 71 546113
69 86 574466
15 17 802542
8 91 943986
53 65 832562
4 75 521047
15 91 943093
48 92 202716
13 78 134523
43 54 607664
39 53 43071
7 45 179367
62 74 750082
31 58 74624
24 36 585761
7 54 627094
0 74 752290
36 96 875277
8 76 554604
24 58 695407
59 70 354546
44 85 81291
1 64 376073
22 88 676494
6 51 995297
4 80 109339
1 66 34088
20 55 15502
6 84 933236
13 99 249764
58 96 233313
81 92 941863
3 56 825700
10 45 408235
4 84 202879
92 93 879029
51 96 734560
3 75 304285
49 54 724428
2 44 765561
25 82 536944
47 84 223690
10 79 267561
90 91 11881
8 69 91631
32 61 5507
11 91 189960
28 57 897098
37 75 397711
41 57 246720
1 93 967901
1 50 153301
27 90 400678
7 41 468697
53 67 182025
2 43 289116
45 94 866938
31 59 349017
64 86 697249
74 79 207359
61 86 728085
28 69 5238
3 44 569330
61 77 950243
14 81 155601
45 89 644700
41 88 330226
35 47 2662
5 47 417533
6 72 348547
21 48 202896
62 66 191311
61 73 670660
30 51 633521
19 63 191867
79 88 116929
71 94 6710
55 87 782782
20 30 614075
52 55 826713
77 91 265002
22 62 264092
11 43 649496
49 58 777982
81 85 562775
0 93 828162
15 95 768625
60 69 49917
5 39 716331
25 90 768041
4 21 424261
32 55 666649
8 78 781994
85 95 848645
27 66 366918
14 56 331904
34 48 786731
13 14 957928
17 92 331033
68 87 788028
92 98 916296
66 88 781869
2 14 157366
4 67 243635
73 93 295848
3 50 448783
76 87 282184
21 29 793992
12 88 659247
49 63 245726
73 96 122430
0 9 285093
35 69 907779
21 82 983758
70 90 651697
62 63 309367
82 92 521921
29 62 343004
40 57 232934
9 43 434998
22 40 469115
52 93 514273
50 51 646397
36 62 86519
45 49 495118
5 34 847192
69 88 439112
15 20 136821
66 92 578404
42 98 841846
9 86 914180
78 91 341444
19 45 231414
56 68 845073
32 36 267627
42 59 563305
66 89 123206
19 80 722233
32 95 988058
67 82 698045
67 81 165796
16 62 422099
55 74 371555
21 43 580317
33 41 831812
24 42 941860
17 46 1926
3 98 505097
77 90 431902
10 97 193604
19 95 674561
36 65 68036
85 96 549280
4 78 106720
0 1 565226
8 73 882711
2 20 496302
68 73 938732
67 91 87002
37 47 808457
1 74 30622
42 96 53397
5 70 164506
61 82 887227
21 65 709559
25 61 126681
11 29 959184
3 10 498873
72 96 722992
25 85 606553
87 96 931143
16 81 797763
15 72 892715
70 86 89083
75 77 28677
48 82 769022
69 75 792403
63 67 477801
33 59 293907
26 42 47874
16 71 107663
21 25 849240
19 55 858467
17 76 145801
31 32 175557
22 89 452421
2 17 803634
66 70 72954
0 45 809344
34 51 87038
47 64 400276
75 94 295327
42 77 118134
8 88 812818
43 55 261300
45 87 343786
11 40 992617
72 90 945610
36 45 737304
10 42 431321
27 64 990483
67 75 330853
33 99 339872
6 95 221928
24 83 987490
16 94 560063
73 99 570789
45 75 366911
41 72 233131
93 98 188110
17 66 138554
61 79 475031
29 76 440967
3 76 680451
6 68 329147
83 86 109955
16 88 535914
39 56 798374
73 98 476690
6 22 411077
14 95 191357
2 8 897320
16 61 630032
78 96 13202
14 74 905096
23 66 207452
23 37 939615
8 23 895786
72 97 340042
46 59 568864
39 73 639651
10 71 51158
16 98 248491
22 68 470872
39 95 638756
87 98 861537
11 75 922934
45 72 696678
28 59 364645
0 97 654981
21 88 4391
80 98 931503
2 11 588682
29 37 813481
87 93 255155
84 87 170879
42 68 620076
17 78 340255
97 99 992297
39 65 449493
52 81 31129
28 46 131008
12 21 785751
52 99 523690
55 69 418701
40 46 357868
96 98 754128
13 54 221519
82 87 842061
24 81 110195
42 86 781480
17 90 177672
49 82 751768
7 35 658944
26 78 536357
76 78 34405
50 96 347787
17 63 624910
29 40 278675
25 31 794933
54 81 402092
49 88 167397
83 93 32904
45 53 715196
10 55 147817
35 46 147353
7 19 675291
16 55 552974
42 52 176565
90 92 328646
8 40 587004
54 55 467995
5 55 390773
73 86 231503
59 75 55461
45 55 456767
18 31 472022
66 77 456557
53 56 29877
48 77 415447
45 81 327240
1 14 409761
17 73 105223
74 90 668010
39 47 737175
48 95 375863
16 74 830855
32 33 956977
52 61 904645
14 22 672153
5 22 950032
65 87 39200
20 68 217420
4 7 643349
11 33 316650
4 90 34545
22 53 473892
1 73 877330
22 98 652820
5 61 315720
5 81 317380
71 88 909898
68 99 798813
79 95 777760
10 36 440937
62 98 953835
53 83 356347
10 91 535538
8 17 766358
14 62 727440
19 34 177945
74 99 664094
38 90 7420
0 27 511191
23 59 147119
7 72 88833
14 36 588962
10 59 256129
15 73 822980
21 41 90451
0 85 533558
39 52 345929
25 36 56237
27 46 350479
71 73 408863
55 81 455841
51 79 827847
12 95 203405
2 36 349891
85 98 747244
95 98 959212
2 34 366265
58 65 296832
49 94 118571
34 36 81984
38 64 439285
24 70 509587
12 35 221634
3 38 402261
52 84 641511
37 68 222068
13 57 912101
52 69 930658
9 48 432979
20 39 869224
70 76 933721
1 41 659704
64 82 649538
3 33 542557
34 95 184564
8 54 964057
22 87 424629
26 80 249845
15 27 899939
23 38 857756
25 79 707631
87 89 420695
17 80 34218
27 76 664795
14 91 58433
15 71 972379
66 86 20848
3 29 179377
18 94 707299
43 44 941775
31 96 477161
37 63 69978
25 29 293497
30 84 444037
71 89 4433
51 66 269293
2 5 711267
28 77 478804
30 57 652900
70 71 440149
75 83 841195
15 88 31467
9 84 744894
94 97 953321
37 62 694082
55 86 333704
12 92 430956
60 97 387206
58 82 995893
8 82 301372
18 49 141466
32 71 480423
24 68 914413
6 82 552781
6 36 66451
7 57 490282
69 83 657471
35 72 476322
2 64 917241
9 62 823627
17 72 692135
49 78 907153
15 29 50579
19 62 58464
5 32 465801
61 81 856373
5 51 247766
19 73 138828
32 69 117978
26 66 255929
7 61 978759
1 7 606655
13 94 748801
13 39 138114
37 40 192055
27 91 298603
59 67 200701
78 89 466129
2 21 274614
22 44 965820
28 75 951541
9 51 677371
16 50 825771
59 92 983641
4 64 882487
10 27 851312
8 81 791212
39 51 436024
48 49 875152
27 50 114587
12 93 795148
24 96 919089
26 59 271606
4 68 439492
0 8 577944
10 52 89411
29 50 839664
28 86 921026
71 83 509539
4 26 630146
68 85 410826
0 18 403573
46 74 690035
19 44 184675
24 92 303983
36 85 748685
62 81 269309
54 76 922826
0 96 586946
54 89 494528
15 32 708734
34 45 156645
26 67 667835
59 69 556067
32 98 78962
0 6 464599
15 78 312890
64 94 315249
44 56 979611
64 97 142202
83 97 674956
73 88 330830
76 86 617064
40 54 768815
64 89 55562
10 18 636868
9 69 612646
24 91 744555
7 13 368189
19 52 822894
52 63 942144
34 80 315192
26 34 27305
60 96 330094
70 87 23339
38 71 280098
70 95 138885
35 39 293925
59 68 291800
77 98 224505
7 40 335563
63 96 49075
79 97 184178
6 79 485261
46 47 495433
44 90 658691
18 82 340154
8 37 705817
62 71 521644
12 36 160457
77 83 544960
1 23 31069
23 93 776041
92 96 68826
2 48 346015
10 11 200292
8 63 221084
50 89 122563
19 23 453787
1 97 1486
16 51 283666
46 97 204508
1 32 841332
2 54 448701
46 70 890672
43 74 147960
5 66 661464
3 65 188300
7 55 216497
92 95 308218
74 83 781910
73 87 744247
4 31 392531
84 91 326318
6 48 460784
55 83 861899
17 30 963040
20 80 892998
86 89 834488
15 90 966451
49 77 209584
9 12 913600
5 38 973866
77 97 761675
2 78 668588
78 93 354080
13 38 556051
8 98 618596
49 64 299712
7 71 70121
11 56 987025
21 92 935254
50 73 357075
74 81 316733
57 84 792095
19 75 340138
5 78 955156
17 60 724725
11 45 178412
6 30 707137
55 71 490555
22 86 494439
38 56 26448
9 44 504330
47 78 554436
49 80 461224
35 38 1325
17 56 156378
58 81 51929
48 76 635008
7 27 251989
26 38 887876
10 96 445231
66 94 323976
51 86 199952
85 93 194421
26 69 940044
12 61 811734
5 71 891482
15 66 753388
51 60 646536
13 83 620808
5 10 471876
32 82 658948
70 98 91926
11 44 877526
3 71 783913
13 93 194947
26 73 105929
40 94 241807
64 68 226366
67 79 702586
0 86 294558
2 79 816919
6 81 56752
10 63 750784
8 64 542955
25 92 329151
17 39 179175
3 43 589341
6 24 218588
62 76 317809
26 60 557900
68 90 986507
60 81 344954
54 67 859385
11 59 237713
19 99 1502
47 81 845123
49 90 774283
37 87 282932
83 92 588791
43 98 442619
11 46 137435
19 43 153338
16 96 520484
30 61 867383
10 92 779286
72 85 161582
17 93 782375
33 90 924425
58 78 246839
20 53 460419
86 93 791726
34 78 226616
20 24 808177
28 37 506371
8 10 246851
2 84 700729
30 87 875475
9 47 623510
5 92 798996
46 54 515824
15 59 477408
4 12 158488
56 87 874386
27 41 469834
1 36 139873
13 82 991079
4 35 308394
8 57 944364
42 85 849946
59 64 919687
50 54 470519
83 91 135118
55 59 954300
23 96 4712
63 64 985748
8 66 270402
5 56 676046
16 20 240096
17 47 238913
3 51 230850
4 53 905620
18 67 135929
1 57 102139
13 50 135184
10 80 192161
1 81 298197
12 46 96329
88 97 246607
13 49 114700
11 64 345467
20 58 514814
34 74 409710
2 66 92420
79 99 477018
7 46 662207
28 35 482284
53 58 623202
40 87 336138
32 67 434323
47 65 552030
56 81 533444
33 79 550742
57 85 584954
2 63 768337
32 68 305606
71 72 392433
16 66 585666
14 63 715887
9 26 380547
92 97 394143
39 42 821279
40 99 212374
6 13 38229
11 94 797736
34 81 94766
0 23 478100
8 32 823969
52 80 588610
68 69 840868
59 86 955378
69 96 175749
28 92 64684
25 75 108506
58 88 831707
52 59 585136
31 79 729648
21 74 942359
59 95 491323
43 65 946104
57 90 81254
20 28 112355
11 63 179878
39 48 626557
72 98 612138
2 68 985267
61 93 391722
37 38 450469
19 35 830303
25 57 150730
26 95 809534
2 59 357323
33 61 55130
75 76 346541
17 81 715042
18 85 942673
47 90 895481
19 27 183325
21 35 985852
11 62 816592
50 86 292395
53 63 407695
63 78 353886
43 89 199332
32 92 345039
21 51 780171
32 76 82799
52 53 915551
57 58 771317
38 46 226300
11 79 504463
3 95 627525
4 15 73230
78 98 392817
50 79 218026
27 97 589351
0 65 83268
30 78 737412
29 68 391603
22 59 502709
45 80 480618
97 98 581290
8 53 502441
51 88 568793
25 53 841727
51 93 770650
19 41 997372
73 74 668873
29 30 661590
39 59 280919
12 75 109721
71 82 810305
13 35 347316
6 75 219695
21 39 753169
2 52 495965
42 60 959926
4 50 773197
54 69 41515
34 90 530918
50 85 106849
72 84 23236
13 96 545606
36 49 948393
41 87 783959
17 27 253949
14 99 555323
44 74 90747
1 48 87053
63 79 576487
54 90 692835
54 78 383538
42 91 294534
3 28 342118
59 87 34289
20 33 618161
47 97 561928
65 91 731411
2 32 995087
54 70 99433
72 80 664016
62 67 245338
47 73 710526
63 71 864308
69 97 443653
9 16 614014
6 46 553103
12 89 208021
73 89 856177
0 73 171287
30 68 74172
0 10 156913
14 51 985281
63 73 406053
31 69 672495
84 94 242541
15 53 455668
48 91 700395
45 51 394992
44 58 188387
28 42 801295
12 31 9367
4 55 519108
43 75 220426
58 75 56160
23 40 836573
19 48 292331
8 85 451970
13 18 996714
91 98 210295
33 48 791629
9 98 166068
9 29 248432
22 61 990784
11 66 798193
23 55 748394
55 85 230513
1 25 643064
50 63 508337
57 63 689484
45 70 808263
3 32 115182
3 30 281649
40 65 214244
6 98 839759
47 79 601349
33 52 975396
65 84 890731
47 91 6775
4 85 70044
91 95 578875
28 85 203578
62 87 653348
22 84 964914
31 81 977038
29 58 757002
43 61 607404
10 34 989283
56 66 947981
22 49 741185
0 52 457937
41 64 64081
42 74 547476
12 45 697827
13 23 396381
30 39 73766
23 85 923403
35 68 894009
25 93 640076
12 51 784701
63 69 816460
43 94 955919
31 90 997707
67 72 544785
5 76 23931
37 39 539405
4 34 197807
52 87 529725
68 92 498707
87 88 578659
30 36 128685
11 68 366028
44 84 463339
23 57 861276
37 67 169094
41 94 954439
72 92 968223
0 2 888471
14 28 465354
17 83 340477
10 83 481887
2 56 564299
5 44 34706
16 31 834670
27 78 389840
43 70 230869
34 75 748523
4 16 254930
32 97 566362
36 77 312396
24 54 472858
56 97 691031
2 3 814209
37 84 539200
60 77 815629
62 92 874454
65 76 669274
53 60 599243
62 93 812867
16 46 402787
68 74 14622
49 92 95440
28 38 963781
4 61 505093
63 94 232858
12 69 218067
69 71 410964
37 83 1724
57 71 494741
81 88 145112
19 98 845839
25 72 731912
53 74 561922
1 96 115385
42 49 492158
42 70 337382
26 83 509552
32 83 44167
81 96 223478
7 12 625033
13 53 389636
17 62 212705
26 28 895972
16 82 511949
0 60 767582
2 81 912388
88 98 534798
33 53 13569
28 53 909302
29 51 525393
38 58 377090
55 65 716396
24 71 665357
53 57 515541
43 79 978173
21 55 548682
23 24 550287
16 17 942572
15 69 898878
70 78 988794
31 37 812494
24 46 796892
36 47 807966
32 87 515997
32 86 384681
14 32 593661
18 26 623012
64 99 745509
1 10 918041
28 97 724333
26 76 521930
4 43 77558
38 47 400109
70 77 495385
39 46 739665
40 61 860897
80 97 732757
9 34 228895
75 96 153082
5 87 839761
81 93 326989
32 77 203804
53 96 63832
30 48 462803
73 84 829262
69 72 101777
25 73 46372
2 71 352938
20 22 525777
6 83 64903
68 76 45021
93 96 573014
14 24 378630
54 82 70818
62 72 349840
11 41 811864
4 66 92355
42 93 63160
6 52 267620
11 60 140330
30 60 57693
5 68 388218
53 88 991282
58 71 230096
19 47 316789
70 80 571827
40 55 177803
7 14 429240
58 68 946005
74 76 355679
36 78 833451
60 89 638976
46 71 562669
12 71 48602
16 93 947158
19 68 829909
11 30 970529
44 88 513176
24 27 102306
75 80 683579
20 74 64450
64 76 366009
7 18 976420
39 74 336895
69 91 209884
86 96 503473
12 56 483067
65 78 301528
80 84 977060
0 55 264259
26 40 134774
18 50 635411
80 91 999430
39 50 284106
48 75 982260
80 88 76479
31 34 593220
7 56 760058
32 41 458047
50 69 4016
19 90 562144
60 93 15224
2 9 779877
42 53 791723
11 80 754704
61 64 495410
36 74 615839
8 26 435180
41 82 864061
80 90 119862
15 23 640800
58 85 221666
21 30 688521
43 88 257257
52 91 444742
76 83 161751
70 93 408982
38 39 995478
22 77 355498
32 80 39480
29 57 83327
40 96 4525
32 75 371429
3 6 120876
37 89 239821
21 68 124787
32 52 618265
9 46 672844
40 80 28567
59 65 784950
57 86 143965
19 29 922532
2 39 355753
62 97 214211
10 14 416157
7 65 746233
15 74 441454
65 94 962027
11 69 369249
10 74 511336
25 55 293721
22 23 10294
0 54 200910
19 36 758323
48 62 480606
60 63 702094
52 85 806132
71 78 866087
82 97 27988
18 96 773234
4 30 911682
1 95 550639
4 94 19801
26 36 782206
6 74 874654
57 80 149536
4 97 787843
29 36 764454
35 82 893105
6 65 855762
20 47 542829
78 79 848697
17 28 620954
32 59 612524
26 50 842561
37 85 34970
76 98 362092
26 33 435721
20 96 810279
3 54 777387
10 75 640151
7 30 362931
11 84 332005
20 49 915073
39 61 848527
13 27 268056
12 37 6627
38 60 169871
15 55 901355
1 27 674851
55 58 160970
11 47 130162
33 68 185960
50 98 462070
6 28 759283
18 74 284342
22 64 800870
29 67 486262
3 34 708614
20 34 689173
25 64 824486
57 92 642307
15 89 259745
69 76 338919
8 96 342689
70 91 953911
52 71 774580
25 47 198799
2 33 821665
39 87 263054
15 49 14233
24 90 997783
33 34 85337
24 44 246980
20 66 221079
44 98 713935
56 67 103556
53 68 239949
4 70 471183
2 37 143707
11 32 243323
45 78 347905
84 92 761913
10 90 309277
51 83 845213
4 19 269269
20 82 823529
40 86 622504
28 67 747994
88 95 605
29 69 986413
35 53 635361
27 60 883105
6 7 922566
45 58 909322
5 16 564306
6 78 859012
27 83 919380
23 26 43741
18 25 611216
33 60 503509
60 79 83156
60 61 437153
0 87 348550
21 26 468920
48 67 48093
2 50 838546
3 26 230266
11 72 47845
56 74 717207
42 50 527386
55 98 808452
75 81 944276
27 73 858556
45 90 963438
75 78 491064
30 93 926796
4 22 737648
62 77 76151
45 46 362404
30 83 625280
62 75 518946
5 33 619818
8 9 728695
25 86 298508
63 90 124763
16 77 756605
19 60 990321
26 62 672755
26 89 76582
4 33 346882
7 96 47680
16 42 143045
6 60 938829
51 95 339912
5 79 652850
52 90 773044
53 95 422527
24 34 201840
17 96 551139
10 70 285568
50 92 854827
12 86 831047
71 92 299930
34 79 81101
54 60 214875
30 70 500994
8 52 497513
36 79 388777
24 78 315456
28 87 945863
27 93 368463
76 79 724694
8 56 70444
43 67 402751
44 75 811284
63 89 974142
34 88 340378
43 58 457265
39 82 499347
81 89 522782
22 38 895140
24 88 526146
18 46 709927
22 63 657898
58 86 330356
2 80 907707
12 20 363537
3 78 559245
59 84 849860
65 92 53283
2 67 630886
27 95 877693
12 17 42293
61 95 257832
5 59 680384
58 94 801304
28 72 517945
13 56 442139
17 71 869370
60 82 101719
56 77 576921
1 83 472352
24 56 391263
85 91 675499
15 44 891387
0 70 647472
45 52 858772
12 60 554204
3 97 686291
7 67 758432
72 83 290703
12 59 707759
29 56 921249
22 57 882077
36 66 934298
20 87 511261
64 71 217884
3 53 113484
52 98 417417
50 52 700672
7 52 801945
21 32 921521
16 99 575765
4 69 558111
23 58 948728
59 72 434813
16 39 751568
42 73 913533
55 89 809648
40 64 118249
6 14 995353
16 73 115585
37 55 155991
34 53 420854
9 56 565546
65 99 812908
74 88 314072
39 99 225169
7 60 76490
28 74 306413
61 78 766874
0 36 398863
8 89 357474
17 22 308888
84 90 936174
24 84 857833
31 78 258301
65 93 961661
72 86 899723
19 71 879771
34 44 15205
5 72 158257
6 26 250599
21 66 706646
21 61 870211
13 26 368993
70 96 457694
39 57 638574
43 53 106998
16 27 576082
12 44 113785
82 95 622985
38 63 16461
59 82 698034
50 77 888586
11 74 463071
71 84 464448
27 82 956307
5 18 179691
16 95 894854
44 52 671505
33 36 861293
18 48 606478
9 14 385397
6 59 714115
38 88 312341
38 65 232182
48 78 134607
74 98 784524
54 72 493612
46 64 568902
16 56 154668
5 75 658563
32 88 563048
39 77 991768
42 67 992047
57 77 195161
37 42 350345
48 90 360723
62 65 160374
12 41 740757
8 79 546506
0 90 648963
1 4 937278
19 66 918078
15 40 375697
16 85 127275
6 50 537509
66 75 313580
20 27 210036
43 57 176023
38 70 476475
47 58 401219
49 74 434172
14 41 699954
55 73 531229
46 81 334487
53 78 418937
30 56 943105
14 46 728480
25 33 20822
31 56 98233
60 91 224282
38 67 827642
1 67 850074
54 71 28968
24 69 929113
0 75 156377
61 87 522981
47 52 391276
68 83 324854
67 90 351916
48 85 284520
37 52 238033
5 74 386840
91 97 895063
27 79 446034
34 57 739414
24 40 58222
38 91 524811
3 37 896372
27 85 169358
82 85 709921
18 42 86462
10 78 226934
24 28 505566
33 70 287546
4 20 706789
41 45 948885
8 83 850382
14 60 235578
6 21 605694
20 26 603069
65 89 311503
42 51 447844
23 91 699032
71 95 434346
21 31 569492
28 54 184954
15 98 140000
73 85 475858
68 78 286555
46 89 347786
46 48 159120
14 30 519299
19 31 445444
44 46 74491
17 58 173350
25 83 909245
45 82 172946
21 81 333435
3 69 34548
0 26 964440
23 27 743802
28 66 74320
78 90 744834
24 43 172836
12 64 851928
12 79 919863
19 56 913836
34 68 3284
1 39 452519
11 85 235640
2 61 2617
28 82 2268
9 82 780966
3 9 595030
15 61 159946
31 80 858526
85 87 816845
34 71 804034
0 16 603403
3 12 948856
59 80 364893
17 29 699337
16 89 655908
40 43 797307
30 53 934524
8 20 180780
22 36 904968
54 58 440536
12 22 71091
20 94 943758
16 26 906733
1 56 642576
6 62 485042
57 81 932609
73 81 387639
52 97 214313
5 63 480371
35 96 330553
89 99 972230
56 63 675208
87 92 566503
67 83 452577
18 27 563702
10 32 45563
6 23 432404
50 70 190120
49 87 590573
70 83 811454
43 66 639901
53 76 593329
56 94 489952
30 79 55822
4 92 461682
43 78 946256
45 50 462037
15 48 455261
83 89 383122
16 90 320267
2 31 26165
28 33 328998
3 67 523348
23 42 428711
75 97 743478
49 57 412137
12 26 692203
30 47 960431
37 46 720215
55 84 94692
17 99 208240
20 65 957775
7 80 610358
20 42 210088
7 29 414315
16 86 523185
18 93 707229
0 19 667419
29 52 495037
26 77 834821
11 26 633384
41 84 399296
0 76 375916
40 98 720339
89 93 600183
29 49 675179
34 73 985218
1 19 919397
32 81 991489
36 41 506086
54 64 38086
3 8 253386
30 42 703720
31 88 155359
0 49 675999
54 94 668720
0 58 466440
53 59 57330
34 47 520138
48 71 767711
66 84 29813
40 51 535935
46 68 219405
25 77 32658
17 34 611430
27 96 788137
37 91 968156
50 93 592310
61 91 282064
20 25 813865
19 85 763169
41 74 778791
42 65 851727
68 82 998129
66 67 37315
66 68 442638
36 88 977502
15 79 396084
25 94 484620
28 64 371786
41 83 88408
27 38 104281
16 67 375297
21 98 567751
4 77 262611
5 20 311960
38 45 993054
41 81 411772
42 47 800466
0 17 539882
74 95 494342
58 61 695885
14 84 439407
36 40 752041
60 72 702287
40 95 291491
50 95 425986
12 58 922942
46 85 369157
7 49 184219
52 83 444421
9 53 986152
12 99 823116
82 86 714147
64 66 356462
14 94 82829
44 82 552004
39 45 111186
22 54 120954
14 76 404711
8 61 726032
2 76 510139
36 95 189050
9 36 514492
5 89 494404
27 81 861589
21 58 822216
20 93 620694
30 34 932045
37 88 428776
0 78 182339
11 39 358697
10 25 852928
64 77 128981
53 94 387433
37 60 582223
5 91 586214
1 15 718210
77 87 904253
4 91 466218
69 85 968548
31 42 429545
30 45 660340
26 71 849889
32 50 622632
12 27 175440
18 89 193222
43 52 545703
4 54 986513
44 78 904582
27 43 365066
15 54 743692
34 63 271905
19 33 383274
41 86 131417
12 81 819227
6 86 559404
4 52 899109
14 87 93548
8 99 636222
1 77 116990
15 85 12720
18 62 214923
39 96 749395
16 25 16118
27 87 786355
56 83 668935
80 81 352528
7 48 427415
51 53 646478
30 89 732230
13 66 883083
17 26 41463
65 98 686984
32 94 467507
53 97 295161
24 51 725734
33 46 90352
56 91 582518
17 89 816737
6 69 343761
39 49 262191
31 72 280415
58 59 373492
32 89 420941
68 84 308539
16 48 31794
5 96 165894
5 11 430076
11 19 450153
2 82 838202
5 31 175902
31 38 663544
40 44 147246
24 25 822619
34 69 875541
64 85 671143
74 86 31284
33 50 998874
5 26 538322
23 30 382662
29 75 90035
44 87 78505
13 79 257422
31 64 731115
54 96 143950
41 68 657782
48 74 207153
56 71 783699
34 65 356029
41 85 339045
1 60 659882
0 64 63290
15 34 291709
36 93 370239
11 17 396658
44 80 124320
62 88 116681
84 93 36025
7 24 757541
80 85 851990
11 97 16309
35 42 863729
76 80 435869
6 32 314913
37 97 149118
33 62 544048
13 61 240512
3 58 143392
49 61 190833
17 74 905818
38 68 490397
4 45 710646
46 93 358190
22 91 199035
37 77 689833
0 44 531935
35 61 554012
3 35 457880
9 60 343189
2 30 74951
74 94 898863
21 34 613114
13 65 492342
15 93 866692
63 80 944055
62 64 101403
18 30 294254
57 94 363246
33 47 848173
16 57 163217
21 67 939296
16 59 222659
20 78 143418
17 82 91022
44 50 149534
30 97 428994
26 61 171858
41 53 102451
50 84 629238
7 33 95578
1 16 2934
86 98 536618
20 92 467331
11 88 922000
22 65 960225
20 37 128161
98 99 317014
26 94 759342
4 24 260223
47 99 954153
17 91 655882
56 95 596839
71 74 478485
8 25 522556
0 25 632917
12 57 710529
16 34 806174
31 47 215117
44 47 280787
53 86 141850
19 76 488534
36 92 486641
23 32 225700
36 53 243128
39 83 650837
45 88 655225
32 47 140807
54 56 668067
16 24 527473
61 75 446227
79 91 886172
1 8 425191
22 24 712662
0 62 507476
16 37 235544
48 93 783635
6 66 179054
6 31 563020
84 97 980393
53 90 399293
17 18 541169
24 80 806905
4 13 622275
28 65 482159
14 40 972418
54 66 897615
34 61 349898
75 88 828350
24 39 98709
7 10 238421
8 75 183017
11 49 819543
13 29 172155
7 84 967952
6 53 243560
21 28 511967
65 79 86566
17 31 183629
31 45 43245
30 99 828276
3 41 219281
0 5 58810
0 4 315235
50 57 668524
63 98 920778
23 65 985266
11 18 966654
39 94 765231
15 41 1552
22 70 780499
3 23 777055
14 75 482059
26 96 17287
68 98 168775
47 89 49291
4 89 79724
47 92 998239
35 59 738730
77 94 692643
50 80 718720
46 67 975002
1 53 563890
5 62 911737
21 99 863979
17 20 387456
49 67 168598
7 21 665806
3 86 920009
15 63 935804
24 95 30372
23 29 221022
36 90 177363
31 93 781394
61 96 11154
53 77 833143
33 93 333000
0 53 126304
76 97 508693
11 22 970777
10 61 760143
4 23 592655
10 99 849332
45 73 507871
57 75 166764
63 85 909208
47 77 375231
20 46 251371
58 63 79136
42 87 467758
24 31 51442
51 54 523462
19 72 524499
35 78 848158
2 57 574304
84 89 50989
70 97 864862
69 79 307641
9 65 869779
54 83 738719
14 61 331707
1 12 592629
82 83 132157
21 47 408458
54 59 804859
39 80 185694
67 70 84134
10 44 130609
1 43 65865
64 75 756506
67 80 242342
13 15 423230
79 82 623364
10 24 390744
21 85 951059
3 61 131345
38 82 960767
18 65 800522
2 93 651623
6 43 773421
46 80 20371
17 32 429904
14 80 586493
27 45 868303
3 14 790855
1 49 997864
82 98 465783
14 92 161408
16 91 27879
7 90 272258
57 99 793605
12 32 44225
29 92 780427
4 8 143416
21 96 534696
32 54 198313
11 77 509104
33 89 169789
7 74 485846
9 73 967783
5 7 650403
40 53 110016
13 81 150494
0 37 592841
27 37 944613
13 34 469676
19 86 539866
15 56 754115
9 23 34578
3 4 175720
2 16 402703
8 97 747322
24 32 703918
91 96 637710
50 76 971408
16 40 487753
74 84 168320
66 87 635748
50 94 701497
16 76 93158
80 87 74905
38 76 531383
28 34 276676
54 62 893005
4 93 748263
5 69 936717
46 88 578894
61 83 406183
37 57 93447
0 68 154694
60 70 938339
55 60 394428
20 52 247062
3 99 773937
31 76 564576
59 77 722391
27 34 689799
35 73 147515
87 90 929328
40 68 875820
8 77 397724
4 5 88340
37 61 395703
74 87 308192
29 83 155068
0 81 357940
46 63 156696
0 41 135075
10 94 8317
42 57 335358
17 59 377073
26 82 177877
14 35 413021
51 65 264137
33 82 315552
59 94 765217
1 80 651152
46 95 480292
51 56 381464
15 52 456128
49 66 239988
33 73 146723
29 59 799172
4 9 839001
21 94 375105
1 17 435886
34 72 923537
55 72 664124
10 20 413934
55 93 224967
76 91 14060
29 55 781106
74 89 510795
18 95 96183
22 85 147813
43 83 80987
23 78 422907
31 54 150470
57 91 107907
31 92 236350
16 21 146311
13 21 949819
21 27 714930
11 16 136510
8 12 785513
7 87 789516
10 35 989271
60 62 955453
41 50 277512
6 33 107015
44 49 556014
47 61 754204
1 87 300288
56 92 149997
2 23 560786
66 85 795512
2 42 278139
78 88 35036
6 89 70233
66 82 167792
33 39 535901
47 62 933865
2 24 191328
14 73 242306
12 68 994043
44 65 334672
61 70 81003
18 68 169949
57 98 895076
22 33 28778
18 56 883935
10 82 750005
40 77 735254
12 94 740674
3 92 608249
15 26 320894
77 79 207390
38 41 814857
45 84 942980
37 45 784536
59 61 375254
24 64 853503
51 85 813793
19 51 766408
6 63 433572
50 91 617219
39 58 861946
34 66 210123
0 35 3105
32 85 537550
31 63 541675
14 89 791516
22 58 369671
13 59 446370
30 69 23982
2 90 166147
1 94 644667
11 31 670856
50 66 810012
49 65 869293
11 25 289845
43 62 153617
8 87 425931
8 86 573545
68 94 155598
9 31 85756
38 78 866644
81 99 8390
28 76 276825
88 90 983450
35 89 37332
24 77 789375
9 49 645160
37 71 821045
56 76 107005
16 43 384433
45 96 715884
16 44 12763
17 98 1090
68 79 924217
43 50 771394
52 66 157362
38 53 162014
67 94 49210
32 46 589301
72 77 651381
20 89 278695
55 66 789408
20 73 288503
52 96 843957
25 97 35280
0 24 586146
64 73 156432
6 57 994146
9 87 142828
45 61 285642
45 63 25049
45 68 168953
5 42 717875
47 48 48569
4 27 387008
43 86 246125
38 97 906380
5 84 209585
53 93 960888
6 92 249995
47 72 8756
21 75 268128
16 30 795089
21 54 862729
53 82 717039
55 67 62240
6 40 293632
35 75 144980
35 79 749415
6 58 159507
68 72 451417
28 36 575081
26 44 299171
54 91 774076
50 81 852883
26 45 917577
44 45 663273
19 92 637783
57 76 979882
23 72 254576
10 68 777716
70 81 347404
26 98 703513
30 71 277973
63 82 107739
15 31 318099
13 55 49970
2 35 644204
23 88 703902
20 67 196009
1 33 622161
70 73 147378
42 54 166114
18 84 360494
20 44 286574
9 92 220563
11 58 417266
73 82 755055
60 66 269036
31 41 353118
15 38 106054
64 92 712595
10 93 341071
1 6 123513
46 90 713477
36 64 776192
44 51 505535
44 96 678348
33 85 64080
10 47 962659
36 50 470467
6 91 853988
26 91 103548
81 86 967887
73 77 802363
57 93 786224
25 41 521630
86 88 563474
59 74 823292
60 84 17442
58 79 523277
15 82 79252
63 81 202953
3 42 524924
34 97 549078
5 82 882610
38 87 829436
44 55 222828
11 38 631288
40 72 329183
26 39 937325
32 43 546845
29 97 996866
14 15 603678
11 73 501051
30 85 155401
47 87 551240
33 55 586306
15 92 322379
9 40 488364
43 90 885818
10 48 746137
33 37 613562
68 80 662779
69 78 458856
34 54 948637
81 98 578375
4 42 384117
30 66 630575
62 86 317964
30 94 607489
45 64 307545
3 90 506126
12 84 737702
11 70 109010
1 91 768182
17 53 829504
13 67 844751
57 73 842903
40 97 223869
52 54 423322
28 89 134760
1 45 836422
53 69 119146
38 74 155203
10 86 703952
5 52 127290
17 52 162769
23 70 236757
44 72 709894
29 72 497104
46 76 866368
16 22 908135
14 21 390136
59 79 838266
19 21 810272
22 93 367857
4 88 808049
93 97 332802
14 66 281162
52 82 885300
65 83 863389
4 14 795204
47 51 434749
63 76 484353
20 59 963711
49 89 104294
8 21 775767
23 92 590102
14 53 687587
46 73 364331
24 85 571602
86 90 418415
71 81 595828
1 28 702632
31 44 442421
48 73 612269
36 68 765570
0 88 166369
3 21 147189
32 90 486217
38 55 698589
11 50 745668
22 27 865608
27 74 447477
37 66 644302
75 99 312337
71 76 144961
7 94 466626
3 66 210048
58 74 913940
34 67 529945
5 73 979291
33 91 570171
37 76 767039
23 25 834289
17 24 100703
65 80 659530
20 41 724910
19 50 369602
64 90 762367
15 51 157810
37 70 384624
24 41 548156
0 57 213827
61 67 749047
23 83 449088
36 38 210549
8 38 247079
13 71 818377
45 99 294827
78 99 171774
0 63 929926
18 97 643103
23 53 855007
9 58 52982
60 71 139563
26 47 90275
26 74 414910
56 61 552895
28 44 646728
0 13 946764
5 28 491095
21 59 753479
46 50 893828
39 63 767985
30 90 27239
47 56 59897
42 78 986094
45 71 8602
17 21 805201
11 67 705876
14 93 509206
53 81 217159
6 56 951856
12 28 91918
41 90 366457
41 49 802685
38 93 619855
75 85 683956
7 78 319901
16 75 926481
80 94 63597
7 76 168693
46 94 586509
43 64 398915
43 69 73240
1 99 233725
16 80 542899
3 89 449052
39 55 842452
29 47 414253
39 81 987720
28 40 816223
7 8 121862
35 94 533662
34 39 481631
38 49 242001
47 53 690961
30 44 125250
58 83 391911
4 60 250614
48 55 667389
17 77 96633
28 41 584032
55 56 75822
90 98 234412
12 54 12073
58 87 462603
53 75 530614
46 98 520695
25 44 400755
24 52 734645
7 98 258239
2 7 623789
25 35 424133
56 75 215130
73 94 223602
69 70 980204
22 67 429419
3 74 324551
43 82 209070
10 43 17153
49 98 916633
29 33 343410
29 53 515160
10 67 835566
7 81 2750
32 91 501698
84 88 864902
2 70 21655
76 89 333847
30 33 571416
9 64 785604
89 96 505460
6 11 399912
24 63 67177
33 81 771546
1 3 223068
14 52 272154
27 29 444527
56 85 9009
38 80 361908
56 64 992407
58 98 880430
34 87 166005
77 88 753213
16 69 259695
49 71 296879
47 70 891619
35 86 756375
4 40 15847
10 49 276761
19 37 839679
28 68 171518
14 78 885911
53 55 966746
26 41 937234
35 95 493493
9 17 249999
19 39 768329
33 92 449172
50 71 842494
14 68 986055
64 80 682826
8 22 872369
51 52 888153
7 28 237304
41 61 884286
10 51 495208
23 84 583089
9 59 990818
18 88 540217
23 82 227946
33 87 129739
14 42 313552
12 67 788471
11 76 535586
15 30 827716
7 23 448856
45 91 426022
53 87 275745
29 95 206572
4 58 682269
81 94 121617
36 39 741270
6 77 415937
6 17 833551
8 74 368617
28 88 653721
22 26 50245
8 72 279956
4 28 900983
36 55 684734
13 16 295114
15 57 419001
76 90 840916
31 70 929280
23 63 167613
14 70 772714
11 87 450369
12 13 668330
25 40 743787
21 79 288676
29 38 377003
24 50 31367
42 63 895184
89 91 982826
0 51 354432
72 81 750333
62 70 875044
41 66 864838
54 98 753031
9 66 336522
74 96 96212
14 16 905856
22 28 985402
10 50 444020
67 88 115269
92 94 398804
90 95 340168
17 67 378851
39 84 560969
19 93 207084
32 53 252977
8 14 499871
20 35 543690
19 58 208607
72 95 271053
9 21 778421
30 55 630051
5 57 231287
10 66 82739
39 97 693539
13 43 307379
15 25 169121
41 92 109127
22 95 906574
32 34 931243
19 26 388082
15 86 122616
35 90 498718
16 41 737452
38 73 53564
48 80 476806
44 67 851421
37 43 146712
20 48 467203
67 87 863837
8 13 313164
17 43 27394
68 75 692914
30 65 45423
83 98 313764
14 65 809099
8 90 740389
12 15 488501
81 84 315110
14 44 818745
14 59 39693
76 96 849211
20 64 241736
19 61 251558
62 85 269351
22 31 557005
28 63 313526
64 91 619013
33 58 847492
50 78 49191
47 88 310217
51 73 628556
17 84 950744
81 90 346886
27 61 474600
1 85 662902
65 71 525010
18 51 764391
26 63 752406
55 70 740389
76 99 282405
28 29 425762
42 84 288384
1 44 906583
57 83 21904
28 52 985834
0 21 325480
34 49 802011
18 75 570585
3 62 329966
61 68 247343
39 89 297535
38 77 338320
25 28 83632
20 76 45225
12 63 257186
27 58 575495
19 94 282367
33 40 714889
54 95 180457
59 89 431614
77 84 97660
9 32 784326
50 68 777592
42 76 453649
25 50 685547
61 92 121708
31 68 248864
6 16 549803
29 90 412742
50 88 527906
19 22 191112
40 63 370749
14 31 89003
1 9 534494
31 99 669101
12 96 435865
25 27 981036
46 66 185949
17 54 737395
69 89 852457
55 76 223768
39 70 700828
26 79 860379
48 81 914600
13 48 285229
26 84 853844
6 25 679285
13 73 253414
6 34 298243
50 59 422034
77 81 573805
35 57 143665
49 76 494146
10 37 980127
33 84 787900
21 73 188129
36 73 3959
40 48 485077
88 99 184985
60 85 377858
11 81 733723
41 93 559922
7 93 207477
27 39 892215
67 93 545612
29 82 578539
12 33 574820
28 93 313539
23 52 721978
31 48 960387
9 41 254146
7 17 822422
13 91 558592
4 63 217315
41 52 944404
7 77 372121
57 69 944898
39 60 207415
79 80 811800
12 98 218879
45 77 823423
31 97 331761
33 42 876493
19 30 917618
25 63 947548
51 82 545532
3 40 702781
37 79 317266
3 31 752588
25 58 435180
49 85 612656
10 28 58070
57 59 92565
32 48 427384
4 82 548750
5 48 348962
19 87 551557
3 85 750119
29 61 760316
11 61 925953
9 37 797074
28 81 491249
37 93 786840
25 52 813129
20 38 365430
8 36 238427
68 93 812598
5 30 265620
29 96 124631
18 23 916822
87 91 19039
22 81 728364
21 24 400116
17 94 156783
30 82 11804
27 51 731540
42 99 754957
20 50 873193
24 60 422263
49 99 257675
51 58 182715
55 88 177096
46 55 682226
4 10 464400
1 29 192207
11 83 561343
30 58 34030
55 57 742343
10 62 298334
21 22 209458
18 86 16153
19 78 697417
52 64 110403
68 96 966282
36 60 630894
28 90 748237
35 77 630993
33 95 432219
20 31 996370
65 88 727028
2 19 766643
23 98 115581
46 87 205103
34 38 840175
59 63 992331
42 92 739026
58 84 786366
2 55 399335
19 84 73921
39 43 320299
29 70 829422
84 96 74108
18 52 30391
2 87 452900
30 52 59759
4 65 24682
37 95 531094
15 76 650609
23 45 138302
7 50 564759
76 95 223164
5 77 810142
33 76 955777
2 72 285990
64 79 319318
6 35 396373
60 86 184891
49 97 427357
15 28 17591
31 40 185238
0 47 890164
25 91 591888
51 99 200205
35 41 241034
75 84 876700
25 60 555939
39 98 509191
15 50 14647
7 79 891165
53 91 516012
41 58 529407
11 92 384689
8 62 957223
65 86 19780
29 41 193549
18 87 800168
35 48 518191
80 92 98614
6 93 957219
13 20 826810
2 49 315375
8 15 292854
21 93 610497
37 64 67913
82 90 897116
17 23 926307
65 82 7040
32 72 451224
9 28 364126
10 95 732859
16 78 789043
25 65 302720
66 83 155054
15 58 382927
30 98 991582
17 70 345799
56 98 975640
43 46 269106
25 62 16586
80 89 544974
35 44 211621
26 32 735865
0 31 77606
83 90 280531
14 67 520426
34 37 430041
83 96 666786
59 98 540203
8 48 127858
10 40 473468
63 84 594423
34 58 962000
41 89 201427
28 51 506482
72 75 848656
81 97 820839
35 43 613009
8 28 153152
18 47 811382
7 62 430280
39 67 412398
49 84 649655
19 74 963809
7 85 474314
66 95 97298
6 47 999625
26 48 909265
7 66 405924
9 70 876471
1 75 192848
2 38 200659
3 96 923669
12 62 237325
70 85 406316
37 48 385317
57 95 680572
18 80 942494
52 73 994427
90 93 805838
13 31 556246
75 79 673585
35 99 396290
52 62 131213
17 33 799523
42 89 775661
19 89 666043
34 86 657954
85 99 385358
27 55 344968
90 94 493842
2 29 369150
13 44 253
38 83 465516
4 51 717591
11 96 224020
12 49 788323
10 84 258290
60 67 501237
25 37 831579
15 33 544586
39 44 869399
43 47 686484
31 83 808059
34 96 996514
67 86 137797
31 55 12285
27 52 283849
14 82 374421
57 82 148633
12 85 431118
1 61 98877
37 90 886706
16 72 584258
62 95 698230
91 92 321903
66 90 587328
20 60 362504
14 64 391861
0 56 319875
69 77 394084
41 48 130202
37 41 48911
30 72 934426
60 94 495482
66 91 273168
19 20 444465
5 25 832023
9 96 899703
30 35 215080
31 71 490737
29 66 710220
5 80 660020
5 95 428617
13 89 385823
2 96 253035
27 44 378795
32 70 254217
36 82 16451
19 70 682579
28 45 77793
14 90 785606
25 76 511166
12 23 177709
63 91 916374
41 96 691651
28 32 290221
79 96 679048
38 50 720086
40 74 887960
3 19 63036
50 90 219500
35 49 968330
48 86 875063
12 78 185899
58 99 974356
82 88 703978
29 39 354834
62 80 409461
38 96 169439
15 64 60999
25 43 726574
3 39 681220
66 97 966938
66 80 918575
0 46 163646
25 56 84623
27 77 59243
22 83 157681
21 42 67601
46 91 721268
12 70 656606
54 57 385505
22 55 891210
3 60 510716
40 88 459992
0 20 151545
74 82 593977
27 80 151146
34 85 145586
3 91 107323
34 50 346603
47 93 648075
8 50 296134
44 77 463548
56 57 724773
19 46 284171
1 88 781578
18 70 707392
24 89 376660
38 51 701134
23 60 926707
14 69 58482
0 59 243307
0 66 612741
47 86 589670
33 69 341172
12 43 7845
1 55 264704
20 36 707396
5 14 217901
39 88 537709
4 62 861246
64 70 745210
8 31 934153
37 65 845188
16 65 855763
44 59 744252
56 60 348586
61 66 764135
3 48 700207
31 33 989019
65 81 209087
40 59 484075
36 63 230264
14 17 41505
77 86 649009
52 79 923018
41 51 315929
35 83 54074
56 84 377554
7 97 616064
25 68 20496
69 73 601146
49 91 305643
9 80 660302
10 77 209678
18 21 505925
18 73 289494
65 95 924822
43 85 919544
74 91 209497
26 75 184473
18 99 212743
30 49 503570
64 69 785875
53 72 644950
2 41 261301
48 58 331236
20 85 519566
15 18 782608
27 57 316480
44 79 739100
1 92 8781
21 84 870848
74 78 381208
30 74 544070
6 96 763038
17 40 703404
0 34 922123
51 62 940767
56 58 547355
13 84 854609
83 84 119431
32 84 109917
20 23 754379
23 56 150273
47 50 43185
30 31 731435
40 93 508855
3 94 115461
53 71 913949
19 57 841693
65 67 145897
10 21 756159
16 52 609742
74 93 225459
3 70 867551
9 20 356404
9 97 336744
58 60 433946
7 22 695491
20 97 451457
54 97 727791
24 48 662389
41 59 441270
11 89 700234
17 45 174775
10 73 41921
42 83 894101
55 62 116983
29 63 312477
1 24 973968
12 91 835050
51 92 723262
4 49 238492
17 38 821622
32 62 15214
3 5 824595
17 65 85260
71 86 239237
59 99 540996
54 73 373387
67 69 240755
42 69 823863
6 42 130600
0 83 16740
14 39 915651
40 78 881451
6 54 968000
42 62 699892
46 79 170230
29 91 787172
12 74 628093
15 84 87893
59 91 452150
44 61 923811
0 67 956487
44 53 956252
32 37 217283
43 49 62399
15 21 976538
2 94 521673
21 46 687603
55 95 387638
51 63 738820
57 66 28818
78 86 530413
10 39 318743
0 77 924747
13 45 314188
50 67 392889
32 73 670237
29 86 889825
16 18 75971
32 58 150864
25 30 226985
55 91 929976
71 75 239898
13 52 544153
5 50 730441
6 61 343725
76 82 260738
66 72 695979
20 32 930247
5 36 718167
73 83 444836
41 76 708342
71 93 894475
9 54 93739
74 85 548020
73 80 118578
20 75 441739
71 87 415512
56 93 320317
46 65 496107
50 53 617743
38 61 302786
79 98 890046
18 54 104927
54 84 583197
34 46 9773
63 74 865218
34 62 650159
1 21 3190
12 24 532493
62 68 803173
76 93 101025
38 84 921093
14 18 708624
26 90 422886
0 98 567311
6 90 26919
73 90 437349
0 84 337261
29 99 188169
1 34 631986
46 53 725785
6 45 527368
17 88 770830
16 32 679000
96 99 485830
35 67 47448
11 93 857847
20 70 930330
47 59 278032
27 71 586877
9 13 760681
22 45 438966
4 38 461448
23 95 824880
41 78 676730
16 70 733333
30 32 391111
14 34 291264
50 75 730387
17 50 408256
1 63 89622
48 57 984108
70 99 461718
18 41 761067
11 55 273120
53 89 115270
38 66 80579
37 99 344610
47 57 754339
41 43 55691
16 36 960695
31 98 455253
38 81 664875
22 96 240333
12 97 527650
62 94 215052
50 72 826469
76 85 662508
17 36 476809
49 59 608243
48 70 728303
49 55 411173
16 87 478608
37 51 622535
59 96 335155
56 65 472629
10 88 986569
28 43 495693
51 77 939701
63 83 327045
57 79 327608
29 87 563620
1 35 591392
15 99 840810
49 95 17698
44 89 572451
24 66 528126
82 84 344299
51 90 173746
79 94 991973
5 37 649140
39 93 892234
86 94 302613
7 58 969209
19 82 340052
55 61 986433
86 92 766690
27 48 416740
15 45 709598
55 75 485344
14 48 858316
12 25 776328
41 56 726772
40 89 216993
3 72 27151
48 96 664017
22 97 29526
58 95 198660
67 68 543903
21 57 441864
1 58 311063
31 84 165254
42 55 207067
8 60 913742
44 93 167996
2 85 992443
45 54 23225
10 33 543876
5 40 365771
81 87 782242
46 58 2777
40 85 851688
34 99 249619
88 92 869793
70 74 540481
22 75 110191
27 59 706969
13 24 321330
69 81 185588
47 66 36070
2 25 260208
62 78 592355
13 85 509037
2 22 730391
61 62 613033
25 84 575274
41 67 426843
27 70 731823
65 85 956759
39 75 119730
32 35 118291
35 56 835248
40 69 346030
6 18 872612
37 73 339659
31 49 532228
8 49 883251
9 89 602159
7 95 614414
6 27 361527
57 96 807367
55 80 237683
7 59 817496
79 92 253987
81 83 36405
35 60 928793
4 96 820043
27 86 235766
7 73 48594
53 98 459451
4 36 687980
31 75 894378
1 65 491292
38 92 211511
16 23 811851
48 83 130379
26 52 151434
27 94 403029
40 76 405384
45 56 895781
3 13 418295
48 65 839190
34 98 632237
51 81 887000
10 56 898525
45 93 831947
13 22 632098
65 75 395452
72 82 695413
28 58 241245
28 56 153104
20 98 299659
20 81 532670
8 43 506156
61 94 276525
17 75 955734
35 37 653478
11 14 563915
22 69 692186
49 56 202718
15 47 364820
44 83 690491
18 66 883411
52 95 195531
22 48 446811
1 68 754335
20 62 60678
76 88 133136
21 95 768022
21 89 141877
38 75 576223
66 93 815741
25 34 913637
24 94 414398
1 13 795864
68 97 851049
53 70 922332
75 91 405449
25 78 920860
9 75 443855
20 86 220422
38 52 45893
10 81 886814
27 67 447265
29 79 313522
26 85 293819
7 92 79259
24 57 92973
52 56 304016
15 75 742059
20 51 373358
40 49 228998
47 76 574432
56 59 685146
46 61 355509
12 80 265634
22 43 513499
41 98 307944
37 49 38950
55 79 745144
4 25 67187
52 94 495288
29 34 815553
54 68 756288
70 88 352344
48 53 603077
7 86 53866
43 84 103390
33 38 160194
27 89 108168
2 40 20077
74 80 402637
12 77 262319
44 91 883147
44 97 316649
2 60 59006
34 55 937798
26 58 969619
16 64 745966
6 19 96427
93 99 575606
30 62 210715
19 91 661857
6 9 959661
38 99 576341
42 46 182129
9 95 960953
13 25 508878
0 94 743072
33 83 504487
13 19 141818
61 97 448794
33 45 51972
58 80 193694
39 64 176499
23 33 531536
34 82 443401
15 87 94533
13 46 678838
35 88 347883
61 71 811938
21 44 661989
24 74 172758
9 76 350832
1 2 418137
37 82 85929
35 66 251476
1 90 391086
8 16 27679
9 45 368137
23 31 640413
76 84 562601
23 74 747282
79 84 697109
40 45 83201
21 53 170925
43 99 297106
57 88 656913
1 82 637497
84 98 387130
62 96 219172
2 6 694614
49 60 960817
8 44 579843
14 57 53733
40 47 247173
86 97 72124
56 99 655729
75 82 281681
37 44 262336
28 62 423345
25 42 564567
1 31 907848
43 71 131715
23 54 339879
42 95 834103
7 38 879752
54 63 710663
13 69 928251
4 87 231633
78 92 955108
26 27 345157
2 15 896720
16 19 509943
33 88 731465
43 63 405941
36 58 328009
9 15 588008
28 84 304765
34 35 846499
33 44 609652
7 69 389708
38 54 725172
51 67 243597
86 91 520112
51 75 65797
9 94 131750
39 76 896121
22 72 433671
42 97 592952
26 87 834738
16 45 268584
1 40 437480
31 62 586639
79 81 636180
31 74 450307
38 86 888555
22 71 793979
1 47 23019
15 62 591518
72 78 153169
19 28 924717
38 40 168478
34 76 93709
64 96 974585
13 30 257921
18 24 295248
36 61 869919
67 97 675722
10 57 271862
47 75 228599
48 56 607654
8 84 135338
12 72 6137
0 79 931812
0 82 449484
42 80 551710
31 52 165096
67 99 46954
23 86 617553
0 89 453035
39 78 372520
43 51 385119
4 48 298422
13 60 112240
20 29 882494
22 52 31211
0 14 898552
16 92 493363
18 91 253301
56 90 792897
35 85 13291
77 89 278305
23 67 340092
85 86 351794
5 17 493646
17 25 135841
20 71 594550
69 92 586943
19 77 967860
94 98 309490
65 73 145714
7 51 906208
14 47 431750
13 36 865965
27 54 513963
5 85 48688
11 12 989146
37 98 239632
63 66 4532
56 96 206302
25 39 326312
66 73 562589
37 56 836789
27 30 361114
51 91 347913
51 72 158309
28 47 274238
26 65 510801
20 77 382544
49 68 150614
87 97 518439
41 97 664416
0 43 346559
3 16 715894
23 99 555164
28 60 983782
49 51 421626
8 30 555348
10 87 925290
42 48 366541
31 67 445908
15 16 499329
16 54 855798
3 59 531481
27 75 924495
79 87 499428
15 81 348102
9 93 582317
52 57 164871
72 76 406769
10 41 732762
24 38 160221
72 91 377230
30 76 481491
0 7 636003
35 40 741589
17 87 252620
21 60 533542
40 66 782617
23 61 606311
13 72 487952
27 33 432476
42 44 513263
88 96 657968
2 53 625351
77 82 20463
65 77 622049
31 61 735312
40 50 889823
41 73 29378
24 76 943198
2 10 50933
33 65 718857
10 89 657259
9 71 469931
22 37 350879
62 83 5227
6 41 25822
31 60 33295
17 86 704703
24 75 377116
10 85 4884
6 15 273897
67 84 793413
2 75 117653
40 60 63842
70 75 952571
3 15 784214
9 18 594513
32 93 633495
5 99 307955
49 79 953318
41 44 426054
61 76 333693
36 43 945642
17 69 217667
22 80 285955
19 69 569103
50 60 288158
37 50 247853
39 71 589043
30 40 903863
32 96 376760
72 88 136628
57 78 370208
9 42 314351
50 74 584536
60 83 242422
83 88 568297
1 72 452246
27 47 886617
70 89 629135
24 72 791635
45 85 278747
26 46 746871
17 42 683272
32 64 804678
54 77 990073
2 91 964032
12 50 300276
19 42 197443
41 42 965214
76 81 123655
40 62 206490
47 80 653040
12 53 175106
30 37 175636
15 65 146516
31 95 252611
46 60 896929
48 89 677205
3 73 656794
66 71 374057
28 50 957272
5 21 701995
2 46 278020
23 50 936638
51 84 80222
14 96 71422
56 88 841231
88 93 229142
36 44 942475
44 60 184548
52 78 800231
17 85 975880
59 73 85492
38 94 232078
75 98 408227
8 58 296728
31 94 247486
35 62 78740
23 64 757467
19 83 233915
58 93 846026
45 92 280441
33 75 634852
31 46 253060
59 97 699459
22 78 137893
28 94 297702
75 95 188027
22 50 708808
76 77 34713
21 76 915950
13 51 516545
14 88 484760
18 53 179340
1 78 10507
13 41 319555
66 78 103277
28 80 460068
22 56 774530
36 80 293395
71 79 210323
80 96 455439
22 32 19934
5 60 269886
40 92 721635
22 76 919746
24 93 138945
40 52 973061
11 48 235092
25 89 556607
49 70 425808
45 62 258257
48 63 18343
26 99 342797
74 75 275436
51 64 228327
77 93 614838
5 9 376711
71 96 446905
40 83 954958
47 95 761011
49 50 613129
9 39 119171
13 90 150507
59 90 97933
73 76 386679
27 72 664294
71 90 120757
84 86 884851
30 41 842707
8 55 68256
26 43 859643
20 90 110600
11 65 374657
11 28 544111
15 46 663170
25 81 707286
47 71 567395
3 25 232618
4 11 316147
90 99 319619
3 17 144219
59 66 927379
45 57 318013
74 92 870844
22 94 164484
2 97 459446
20 56 434528
77 85 841840
45 76 712180
22 25 723655
69 80 166473
44 69 606032
58 97 100762
35 92 987587
12 18 763779
47 60 62661
21 83 87788
43 72 620996
6 80 194129
16 79 605633
22 92 742572
57 62 372813
31 57 856960
15 35 267664
24 59 560546
12 42 747429
0 3 291202
28 96 700216
15 37 278696
24 33 833503
84 99 157570
1 71 981344
42 45 171807
58 67 469676
28 49 112981
73 92 794094
17 51 495104
37 69 48822
12 16 960492
48 79 221797
14 25 75112
37 96 788897
42 82 119187
8 19 40434
31 50 267326
83 94 764799
54 80 440486
74 77 498807
42 75 9932
21 86 366189
80 83 595717
30 88 937994
87 95 750448
77 92 65500
33 35 808384
24 98 440452
47 74 490282
68 70 520539
57 97 749944
82 94 695578
8 45 782674
12 29 707452
61 84 919476
23 69 940037
3 83 428845
4 46 342402
35 70 897878
22 60 216552
3 52 284224
0 11 142
8 47 537669
43 48 639408
14 58 969037
61 89 864062
7 42 564573
63 70 260595
45 67 52413
11 15 615121
2 99 977553
23 28 903367
9 67 135067
34 41 849710
13 32 407906
60 76 271642
12 83 40816
15 36 606450
69 93 927110
5 8 557265
16 35 874304
33 51 284522
58 69 708174
23 89 431183
59 93 894627
9 57 484025
40 84 897602
25 88 960497
5 29 256620
22 99 910887
27 92 793143
44 71 372914
11 27 324458
47 63 699409
19 54 620126
40 41 76876
24 86 832888
15 70 666738
36 76 884174
22 42 724723
73 95 45501
8 46 186045
50 56 908962
41 55 334250
48 64 696685
13 74 350490
53 66 819617
16 53 735247
2 58 782626
32 66 184109
51 69 221447
4 74 135943
60 73 909283
42 64 563253
12 73 726260
5 27 612000
20 88 606844
2 4 164697
46 99 220945
52 67 721956
78 97 867897
56 86 524720
11 86 563056
41 69 604376
36 87 34686
33 64 435614
56 79 821388
21 77 553073
29 60 292972
40 91 554420
70 79 125604
6 76 605805
30 38 406890
25 59 40639
23 34 857091
36 89 662824
37 94 883781
1 89 129818
67 73 898595
18 29 182791
41 60 544784
10 53 231706
26 53 160708
6 94 480844
38 44 442514
0 12 909259
18 90 33149
9 10 656296
23 39 883379
43 56 369253
2 77 374033
29 35 433354
1 76 201246
65 74 640398
41 91 952855
83 95 359021
29 98 631829
45 65 850731
36 70 854363
39 66 410019
59 88 843585
3 81 736901
44 63 847348
88 89 822595
55 96 348567
54 65 100553
8 29 565280
24 45 854460
55 77 794832
67 92 120999
58 66 839733
41 77 637032
45 86 220618
1 42 516539
13 70 169732
79 85 736423
5 65 731565
48 52 26572
67 85 823250
34 60 362289
57 67 512916
23 94 538143
71 99 53883
30 77 947148
6 70 759236
52 74 187403
15 60 320560
52 60 252900
82 99 942562
14 50 916526
51 61 472300
14 71 651135
15 77 440733
66 79 389436
30 80 940811
56 73 87365
51 57 216866
11 36 928455
60 75 94950
5 15 198501
13 97 861945
28 83 524869
53 73 246978
21 71 386320
21 33 668839
36 72 810713
2 12 960687
62 99 805479
35 54 584508
35 51 409524
31 73 241694
6 73 704574
25 48 587734
14 85 890273
48 99 735846
11 20 100370
13 76 422315
6 64 965125
40 70 697182
45 48 240927
94 96 133187
22 74 401612
5 94 493585
34 93 675571
43 76 291576
3 63 672757
4 81 203777
15 22 722012
21 52 614612
20 21 251902
0 32 966365
24 29 374759
14 27 308554
48 61 330912
18 61 80651
10 98 363465
9 35 871944
69 74 236536
8 59 452790
18 39 246915
10 72 133472
77 78 510626
26 54 527405
37 78 578824
2 13 786953
13 62 878240
25 26 871889
13 17 751580
11 23 730317
2 95 704572
7 37 643507
15 67 546363
79 93 130289
89 90 711260
30 50 959411
21 72 509149
3 55 808601
1 5 743382
15 94 305987
20 63 269881
5 23 641255
25 54 253886
1 30 334736
30 43 270929
34 70 781151
13 58 106125
73 75 269630
28 61 987738
83 99 867556
9 77 215133
44 57 562449
0 80 466806
84 85 236212
42 43 290062
66 76 407209
5 64 260454
36 42 510047
10 58 765962
29 77 813308
8 33 537282
19 64 126502
6 29 295570
87 94 972413
53 64 896554
64 84 587338
60 68 184604
0 40 287393
11 37 113585
36 98 755573
65 97 831873
23 81 352936
9 22 268365
32 63 296054
23 75 908445
38 72 382996
3 45 165426
0 92 262760
12 52 336111
45 95 362590
23 76 316833
32 49 650986
57 87 515016
9 79 268582
28 31 215801
34 42 392822
13 77 938676
46 62 745542
15 19 326806
72 94 904562
71 98 827942
79 86 267483
17 49 433529
33 54 16768
71 77 455602
36 48 125144
33 56 142506
31 51 548916
59 81 809341
91 99 794597
50 83 892308
16 28 192587
23 47 831702
43 95 847751
44 64 127738
33 66 650359
18 69 788952
3 57 835690
16 60 677889
29 80 882339
18 33 622254
46 72 536
0 42 805200
20 95 561742
4 76 158139
66 96 704920
59 76 355671
45 66 104139
6 8 543773
37 72 202009
22 90 908486
77 80 204217
62 91 301337
74 97 19561
43 93 257297
33 67 220295
63 68 140253
5 97 564261
73 79 700764
23 80 867779
3 80 6238
26 49 726092
16 68 208421
5 41 498584
38 57 19466
28 98 760581
0 71 589831
60 88 227635
2 62 439450
27 28 900789
78 84 8998
7 83 459664
26 81 821265
14 43 177923
28 79 637609
4 79 800503
60 87 783645
31 82 33229
1 26 151107
4 83 145879
79 83 985100
68 91 458832
47 98 591143
38 48 360484
6 20 39162
20 84 473234
29 54 409364
22 30 568313
34 59 96479
61 80 68176
80 82 180310
19 97 679316
53 80 541885
1 46 292655
72 89 221464
7 36 362392
15 68 35181
51 78 951426
25 96 869820
61 63 457067
65 66 667341
19 81 628362
52 86 833813
12 39 392524
3 36 852357
31 35 151303
60 95 901127
59 83 643967
50 65 133721
2 65 341237
14 98 834724
47 94 373113
26 51 8706
7 32 154880
33 98 387304
1 20 990248
61 85 364295
56 72 781483
23 77 156871
54 75 964403
17 55 15551
25 71 437142
25 46 776061
65 90 192270
78 81 955081
85 90 618966
93
71
29
22
13
62
61
99
24
25
3
72
44
90
97
46
79
83
77
63
17
67
43
54
98
51
65
16
64
50
81
88
15
84
52
7
30
92
19
55
48
49
87
38
8
11
23
10
56
75
68
20
85
26
32
66
31
9
73
60
82
53
76
40
95
28
47
33
91
21
59
89
86
18
78
45
96
34
36
6
5
58
69
70
74
27
14
80
2
35
1
94
57
37
4
12
42
41
39
