50 182
28 47
7 37
12 17
4 19
10 48
8 10
25 26
16 42
44 47
21 28
4 22
15 38
23 37
5 38
2 27
31 47
4 24
12 24
6 20
8 15
13 40
31 41
20 21
23 38
10 11
30 40
28 37
4 28
4 18
0 20
7 45
10 41
2 22
20 40
19 48
7 24
13 21
40 41
0 32
26 35
25 33
11 29
18 25
26 36
45 48
12 47
3 28
8 12
14 32
4 13
22 37
3 14
9 33
33 38
6 30
19 36
30 33
3 43
3 47
17 33
16 20
16 31
12 18
27 34
12 27
23 45
4 21
5 15
2 19
2 36
5 40
29 31
7 11
5 44
11 19
32 33
24 42
40 46
36 45
6 21
14 23
30 43
9 10
16 47
16 17
14 17
19 42
16 23
34 46
1 3
20 44
36 39
17 49
1 23
15 32
11 28
4 29
30 46
9 25
18 31
13 34
31 40
39 43
17 18
4 35
1 47
12 31
10 46
31 35
15 20
15 36
15 35
25 29
14 33
1 24
5 37
24 26
19 26
8 11
13 18
21 43
29 44
2 9
1 15
17 28
14 34
15 46
3 4
15 41
30 47
26 27
20 36
34 43
28 34
3 13
20 43
18 40
41 46
12 32
6 18
37 47
32 47
19 22
3 31
11 33
23 25
21 29
27 45
2 40
1 12
23 28
23 43
6 34
34 39
16 28
10 24
28 40
2 43
15 44
36 37
8 31
5 32
5 17
47 48
8 20
8 18
10 31
1 13
7 26
22 38
15 37
19 49
5 35
5 25
18 35
35 40
31 42
39 45
1 48
32 41
9 21
22 47
