20 189
3 14
16 17
8 9
0 4
8 19
4 19
3 10
10 11
9 19
8 15
2 9
6 17
4 17
13 18
11 17
4 18
5 14
15 19
13 17
4 11
7 8
5 10
2 13
8 16
6 8
1 2
11 16
5 19
0 11
1 6
9 17
3 19
7 9
2 17
11 12
9 14
4 6
11 15
6 7
5 17
3 17
3 6
14 16
1 17
0 19
7 17
12 17
5 6
0 15
12 13
3 5
0 7
6 11
3 11
8 17
10 18
14 19
4 7
15 18
14 18
2 10
6 19
6 13
1 8
2 7
0 5
9 16
4 5
11 19
6 12
13 15
4 15
0 8
0 9
12 19
12 15
11 13
5 18
0 13
1 19
10 13
6 10
16 18
11 18
7 16
7 13
1 3
5 8
5 12
9 15
7 15
0 17
1 15
7 10
4 9
2 12
9 13
7 18
13 16
8 12
0 18
9 11
10 15
0 12
6 16
2 15
3 8
1 13
8 14
3 13
14 17
10 16
4 8
3 4
2 16
4 12
2 4
8 13
10 19
5 13
2 11
5 11
3 18
7 19
8 11
5 15
3 7
2 6
7 12
17 18
15 16
5 9
6 14
8 18
1 10
4 14
1 7
0 1
9 18
4 16
3 9
15 17
0 16
13 19
3 15
0 6
6 15
18 19
16 19
1 16
10 12
10 17
11 14
4 10
6 18
0 14
2 5
0 2
12 18
9 10
7 14
9 12
17 19
12 14
4 13
2 18
1 9
5 16
0 10
0 3
5 7
1 12
13 14
2 19
6 9
14 15
7 11
1 18
1 4
1 5
3 12
8 10
3 16
2 3
12 16
1 14
2 8
1 11
10 14
