30 151
0 5
7 16
14 17
10 11
2 6
7 17
9 29
19 22
11 18
0 17
7 28
9 13
6 13
3 19
1 29
4 18
18 25
10 28
10 25
0 7
6 21
2 3
9 20
10 22
1 16
5 10
4 13
14 27
10 18
11 28
4 14
5 16
0 14
14 15
5 27
17 18
5 19
3 23
27 28
11 27
7 15
14 22
8 15
2 7
14 24
11 22
10 14
13 15
2 26
25 27
11 13
12 14
14 21
18 26
12 18
9 21
9 17
19 25
12 13
15 26
13 28
11 12
7 10
13 24
10 13
7 14
14 25
1 4
13 16
15 19
15 23
8 19
2 16
25 29
14 29
5 8
17 28
0 9
25 28
4 21
3 26
18 20
23 27
14 23
8 20
20 22
2 22
20 23
15 22
1 10
0 2
9 12
5 12
0 10
5 15
10 20
2 18
16 26
23 28
0 24
20 24
14 28
9 27
13 20
7 22
1 21
12 23
6 14
6 27
1 20
10 24
16 17
2 12
17 22
1 13
10 17
9 10
2 28
6 10
19 20
9 26
6 26
7 26
8 12
3 28
10 16
11 15
21 24
7 24
4 12
1 25
21 23
3 13
13 23
11 23
18 29
19 26
16 28
4 9
22 24
3 24
11 14
0 26
7 18
18 28
21 29
20 28
18 22
1 8
7 23
11 16
