35 278
13 29
22 31
5 30
12 31
16 22
21 23
8 17
7 19
7 11
17 18
0 24
25 31
12 34
2 28
13 14
15 34
18 20
7 20
6 27
18 33
7 8
24 26
0 25
4 28
16 34
9 13
5 6
17 34
13 33
8 21
14 29
9 11
14 25
14 20
21 28
13 15
16 26
21 22
0 22
4 27
7 23
14 21
9 29
18 19
12 30
3 10
25 26
11 26
0 14
6 8
26 28
5 16
0 23
15 19
11 27
1 9
10 19
20 28
5 33
4 33
6 18
6 30
11 20
4 18
0 15
11 19
7 17
22 33
2 18
3 26
28 34
20 31
16 18
4 32
10 30
2 8
5 26
5 31
12 21
20 33
32 34
26 31
12 24
8 14
7 25
17 27
6 14
4 13
3 34
15 18
4 17
9 25
1 11
1 8
0 7
19 29
10 23
18 31
3 30
5 21
22 24
30 33
5 8
8 29
1 31
5 27
14 30
0 4
13 34
15 28
2 9
2 5
10 14
5 28
4 10
12 28
10 16
6 29
7 33
23 31
5 25
12 29
11 12
4 34
6 11
1 13
3 24
9 27
2 17
3 23
5 7
3 25
5 9
18 29
10 21
21 26
24 34
7 27
0 9
6 26
21 24
0 18
0 32
13 24
22 32
20 30
2 13
11 28
6 12
2 16
0 5
12 22
13 20
17 26
6 33
1 19
0 31
1 4
25 32
16 17
15 21
10 20
8 16
2 30
14 19
13 18
11 17
14 31
18 30
8 18
1 7
18 23
11 14
25 28
2 14
16 29
17 31
15 24
6 31
1 3
10 33
15 25
28 29
2 29
5 18
8 25
16 32
0 10
11 25
24 30
2 7
12 23
26 33
13 28
23 30
7 32
9 10
18 26
6 15
22 25
14 28
12 26
8 23
2 21
0 20
11 29
28 32
2 27
1 17
14 26
4 22
12 27
5 15
23 25
2 33
2 24
8 20
11 13
8 15
6 25
5 10
15 31
7 24
3 33
25 29
9 12
5 19
3 4
7 21
18 32
8 19
3 15
11 31
19 25
9 16
25 27
10 29
27 32
17 25
27 34
1 2
3 9
1 18
32 33
24 25
12 15
6 34
22 29
19 23
2 19
6 19
18 34
0 28
22 23
4 11
19 24
8 12
1 24
9 24
22 30
20 34
27 33
9 17
8 9
20 29
7 15
2 3
8 27
1 28
9 21
0 8
7 26
22 28
1 23
9 26
2 4
3 7
0 3
