50 509
13 43
12 18
40 44
4 39
10 14
38 45
12 26
37 42
5 37
2 20
0 11
21 37
8 24
31 40
14 15
16 35
2 16
9 44
25 29
4 22
5 13
10 22
11 45
5 43
27 28
8 14
1 41
37 43
7 37
12 47
7 32
19 25
12 27
44 49
16 20
12 34
22 41
34 42
24 45
7 26
5 22
0 2
14 42
39 42
14 24
21 25
27 41
8 40
19 37
5 10
5 47
22 43
12 46
9 11
9 15
1 36
36 45
31 36
9 40
16 47
8 31
6 29
14 23
6 32
27 40
8 18
11 27
5 39
32 36
25 37
15 19
2 21
30 47
5 38
6 7
7 39
30 41
9 31
5 6
25 47
12 43
25 30
14 16
1 3
35 37
12 31
4 49
10 47
29 32
2 7
20 49
3 15
28 30
33 46
9 48
23 27
0 25
17 40
43 48
2 48
29 43
14 27
36 41
3 35
2 25
25 41
13 38
11 17
4 32
45 47
23 24
22 47
12 23
16 42
22 34
13 32
24 26
33 47
19 21
6 31
1 23
36 42
46 48
36 40
16 41
20 24
18 28
34 49
32 39
25 28
25 46
6 49
41 44
16 25
1 26
7 47
13 24
1 33
31 35
0 42
33 40
33 36
1 24
11 46
4 25
17 37
4 33
26 47
18 45
1 19
37 44
27 35
24 29
24 38
32 45
29 41
10 37
16 19
16 34
8 21
2 30
41 48
25 40
6 41
15 32
12 19
31 37
33 35
25 42
29 48
6 13
13 29
15 36
3 25
18 23
26 42
7 45
2 4
10 34
5 44
32 41
39 40
10 23
13 34
3 5
11 22
11 37
8 46
0 17
29 31
22 31
6 16
13 35
0 44
10 40
11 41
7 13
25 35
41 43
33 49
15 29
6 30
6 8
9 26
7 20
19 35
18 37
14 39
28 31
18 25
12 33
1 6
18 42
31 33
1 17
31 44
23 46
18 41
15 45
5 16
29 45
12 40
18 38
36 38
18 39
10 12
34 44
24 42
6 48
7 19
10 43
38 39
42 47
0 13
2 9
28 33
12 30
5 15
32 43
19 38
24 48
31 45
26 32
0 30
22 26
8 16
20 37
31 42
42 48
23 47
29 37
20 45
1 40
18 34
13 15
35 43
14 17
14 38
45 49
3 11
5 9
20 42
34 39
15 49
6 20
41 49
11 36
4 36
5 30
7 8
17 32
22 45
32 37
2 29
26 27
33 42
20 25
25 48
18 46
10 15
1 47
24 39
20 48
3 24
43 49
3 36
5 25
18 35
2 15
13 16
5 12
16 27
8 30
32 47
45 48
0 31
4 30
9 29
5 33
4 27
0 20
13 39
16 38
2 12
2 47
4 24
17 21
2 10
12 42
35 44
9 37
34 36
19 24
10 21
13 47
4 28
0 47
23 49
8 26
17 42
28 38
9 46
15 46
4 43
6 36
16 46
17 25
37 38
4 20
7 43
26 49
35 40
19 39
7 31
6 9
3 23
5 29
8 15
11 26
14 49
19 26
40 48
20 27
38 43
12 39
12 16
14 22
22 36
45 46
24 44
0 45
12 17
11 21
0 10
23 31
19 42
34 35
19 33
19 23
7 33
17 20
2 31
22 30
2 22
24 41
1 14
19 29
19 45
27 46
30 44
14 25
0 37
11 43
20 23
5 24
15 20
20 31
12 14
5 19
0 12
0 18
15 27
35 49
21 48
17 18
17 46
33 38
6 37
18 31
15 17
14 34
31 34
1 44
27 49
10 20
16 31
12 15
17 31
26 38
31 41
22 33
26 36
7 16
7 27
2 36
23 37
0 6
39 49
16 49
29 36
21 44
12 22
1 43
16 37
18 44
11 32
6 45
4 7
4 38
9 25
5 18
46 47
44 48
3 29
17 28
9 49
9 45
21 36
30 49
12 45
11 23
0 26
12 24
13 21
4 41
5 31
2 11
28 45
7 41
6 28
14 19
25 36
6 24
25 44
4 29
27 34
28 43
36 37
19 36
2 34
17 19
33 37
0 33
37 40
27 42
5 48
10 16
10 49
26 39
10 24
44 47
10 17
21 30
25 26
1 45
19 43
26 28
9 35
20 33
13 23
32 34
0 16
3 44
21 27
26 34
0 21
25 33
7 48
15 22
32 40
8 13
17 26
35 39
2 42
23 48
26 35
4 15
19 47
12 21
0 5
18 32
6 42
2 24
18 19
9 39
8 48
6 38
21 24
36 48
28 46
23 28
10 19
36 44
37 41
6 46
11 42
24 36
1 31
0 9
