50
19 49 36 43 28 46 2 6 26 3 14 33 1 44 30 16 32 24 21 23
2 21 30
1 46
1 35
1 30
19 20 34 46 1 41 28 29 45 10 15 36 2 25 48 14 27 47 43 21
1 11
23 49 6 41 3 36 31 1 21 28 32 35 43 34 48 9 42 29 33 11 30 14 19 22
15 33 29 9 24 0 11 21 15 47 32 1 26 7 45 18
10 43 44 41 23 24 39 35 11 6 26
23 30 39 29 2 9 7 26 19 24 37 22 23 16 1 32 11 35 4 0 6 31 27 41
1 30
12 2 26 0 24 44 41 30 48 49 14 9 37
9 34 49 24 48 46 12 18 1 16
9 35 46 28 32 41 3 30 44 1
15 41 34 22 27 46 11 16 33 24 44 1 26 32 39 30
1 35
0 
14 37 1 42 16 44 23 24 2 6 26 39 11 19 46
12 24 28 26 9 44 6 41 14 16 42 46 1
20 3 9 46 16 39 26 32 18 31 34 44 23 43 0 2 30 11 19 41 4
5 23 28 11 32 41
6 16 39 2 1 44 30
0 
3 28 6 23
21 32 35 17 45 15 34 19 4 29 9 33 13 18 7 40 49 21 48 12 31 43
10 28 35 6 4 32 43 30 46 39 14
17 35 49 46 18 32 39 23 41 22 14 21 30 19 11 44 37 4
2 11 32
6 6 22 44 18 43 46
0 
22 41 4 29 33 16 34 9 24 21 3 0 36 6 32 26 44 46 39 22 27 30 28
2 11 4
16 14 43 11 46 32 39 16 18 35 37 27 44 41 24 29 22
5 11 18 19 3 35
5 11 32 4 1 41
9 9 41 39 1 16 11 21 44 4
4 35 3 24 6
28 47 26 22 17 3 34 30 48 42 28 12 39 9 11 18 19 43 10 0 40 16 35 2 32 7 6 4 14
6 28 23 4 1 16 21
17 34 20 29 33 28 2 44 26 23 35 14 7 22 4 21 12 24
2 11 30
9 43 4 32 21 11 23 3 46 9
3 32 4 41
5 6 1 28 30 23
16 37 6 33 23 27 48 0 44 30 36 22 16 18 3 41 9
6 24 23 30 41 21 4
22 39 27 3 44 41 6 26 7 34 14 45 42 48 11 49 20 36 37 33 23 12 4
17 41 43 37 21 16 2 24 33 9 1 11 30 14 44 29 32 46
7 42 43 44 23 4 41 11
