60
16 38 43 23 8 1 33 52 11 42 59 56 37 31 10 24 5
11 10 19 33 34 58 49 21 11 12 51 20
20 25 36 33 17 31 51 53 12 56 18 9 7 43 48 26 52 1 39 28 21
8 47 11 10 52 58 20 56 31
15 1 50 31 18 5 54 42 53 21 13 43 25 58 29 7
12 29 31 52 35 15 28 33 57 59 37 46 1
3 35 54 16
4 11 56 33 47
9 21 56 51 19 33 27 11 22 7
8 12 17 48 51 11 38 15 46
10 31 51 43 33 57 11 27 21 29 38
1 20
8 20 56 52 31 49 57 27 11
10 20 7 28 59 48 23 11 29 1 33
24 17 49 29 34 23 46 10 58 13 38 28 40 43 15 32 36 25 5 26 8 44 7 45 24
20 7 46 28 20 13 57 23 37 29 22 21 1 59 3 33 31 52 47 11 49
18 29 31 8 7 46 57 49 10 23 34 11 1 3 43 59 52 48 13
35 47 52 31 29 13 57 25 3 1 42 19 58 15 20 51 24 53 35 10 16 32 39 27 49 6 4 21 59 46 38 12 43 0 11 23
21 5 0 7 21 31 57 29 13 22 51 39 20 46 42 11 8 12 35 6 47 27
9 20 31 11 51 43 27 22 34 49
0 
4 56 58 31 57
7 34 52 58 11 56 49 20
15 10 34 7 38 52 11 56 21 3 22 12 27 43 47 19
23 48 13 56 54 37 38 22 29 52 47 51 23 15 10 1 59 50 20 49 27 8 3 7
22 33 51 50 54 38 22 59 52 37 21 12 15 48 29 11 56 31 43 3 24 13 16
15 55 28 0 6 37 47 25 23 11 33 31 34 16 50 12
2 20 52
13 51 34 43 23 20 19 3 46 21 1 27 11 10
8 20 22 43 56 11 27 47 57
30 28 31 51 23 59 21 10 0 5 6 58 11 34 48 39 16 15 53 45 29 35 46 52 37 42 49 56 12 1 8
1 57
0 
4 34 57 27 11
5 20 58 49 31 52
24 34 58 33 31 19 12 43 16 50 24 37 27 8 15 49 47 20 28 48 52 1 11 29 13
23 45 24 10 15 27 28 4 42 11 53 22 49 46 52 43 31 35 33 30 59 20 21 39
3 56 43 47
6 31 49 21 52 56 43
13 15 10 5 48 22 20 27 43 34 42 56 7 29
31 36 21 54 23 31 49 16 1 20 42 18 38 41 37 3 43 8 34 17 5 30 58 22 13 9 27 7 28 32 26 33
22 22 54 29 3 20 23 56 28 24 39 50 7 37 26 25 49 13 27 33 53 30 38
26 33 59 24 6 47 35 52 38 7 10 12 50 49 54 3 57 43 5 23 16 20 29 21 11 19 58
3 52 27 22
30 32 30 55 4 17 28 9 12 22 19 29 26 0 25 39 41 6 34 50 54 40 49 8 47 15 37 42 18 27 35
6 6 21 15 16 12 11
2 7 38
8 12 11 22 56 34 58 33 20
9 31 3 27 49 22 58 19 10 7
2 58 57
19 34 16 54 37 46 3 28 43 31 57 59 8 56 12 49 21 13 51 1
1 58
3 49 20 56
25 43 47 50 31 46 51 18 33 58 27 0 1 37 21 10 19 59 57 5 16 28 45 11 39 20
9 13 59 11 43 58 34 29 10 28
26 51 50 5 27 49 0 45 29 16 58 42 57 34 20 19 47 37 12 13 54 56 28 21 11 23 18
1 11
0 
2 31 11
1 22
