90
3 80 55 14
25 50 28 0 75 76 44 84 5 36 54 86 85 78 21 72 34 89 46 64 79 65 4 14 26 57
13 25 50 12 84 46 64 70 81 29 67 63 62 40
11 68 20 70 84 65 80 16 62 26 14 76
16 0 55 56 52 29 48 25 42 67 59 44 43 63 58 81 30
16 59 0 78 68 43 30 62 20 84 14 70 63 31 65 8 55
3 56 26 67
3 84 26 63
4 62 26 65 68
19 67 76 54 83 43 36 37 16 84 73 26 30 7 33 31 59 80 14 17
39 2 25 80 30 52 4 43 47 8 28 58 57 29 67 46 6 60 75 61 26 68 33 62 39 38 79 63 17 21 44 0 73 40 41 77 64 16 83 71
48 38 57 30 48 78 67 82 70 80 84 16 71 4 59 73 33 39 85 20 63 12 77 51 37 14 28 55 19 60 2 62 29 13 9 66 42 83 43 81 34 6 49 75 24 64 10 18 3
19 3 40 58 25 54 56 42 64 7 46 21 0 77 36 65 70 76 67 43
28 42 48 60 64 41 24 47 75 43 56 54 19 65 81 30 73 4 28 49 77 80 31 5 46 70 26 45 78
0 
14 70 37 89 7 68 36 42 26 21 41 86 23 32 73
7 14 59 68 20 65 76 0
20 77 63 59 68 20 73 31 76 65 62 14 5 30 67 48 80 42 25 41 37
22 78 17 13 73 54 55 52 63 68 4 75 45 38 44 76 19 32 89 67 20 0 28
13 82 67 59 16 64 9 62 37 58 55 56 5 70
4 65 62 68 14
32 68 14 81 7 16 43 58 36 65 77 9 76 0 53 54 41 55 30 62 3 73 25 80 64 42 56 24 83 37 59 17 31
2 56 6
38 60 38 53 8 75 18 46 30 17 65 89 33 71 9 82 74 34 21 20 43 86 55 37 36 66 58 63 81 54 14 12 32 3 25 45 31 7 56
18 54 84 77 3 26 67 83 63 80 48 14 59 30 68 36 56 73 65
7 14 62 26 20 68 80 8
0 
38 6 61 68 48 85 86 26 54 12 47 5 7 42 15 78 21 13 64 49 51 30 41 39 89 70 23 34 81 45 74 67 75 66 87 31 2 80 77
31 73 49 56 37 41 20 63 3 31 25 29 7 75 21 19 84 17 0 67 46 8 76 33 12 89 55 26 65 16 4 34
15 6 44 21 42 46 19 33 3 83 25 7 36 58 17 77
4 65 8 26 80
1 8
6 54 39 76 71 17 9
4 80 7 63 30
29 83 64 86 40 60 19 63 6 9 44 43 70 31 24 50 78 12 47 59 25 14 33 82 58 65 68 21 77 46
41 52 39 47 86 62 80 30 17 24 71 70 65 11 9 20 14 72 45 60 89 82 61 29 73 32 25 74 53 19 67 41 50 13 54 42 63 43 40 26 59 84
7 63 65 30 76 59 80 70
10 65 36 59 30 26 63 41 54 84 42
9 7 49 28 65 47 53 83 86 48
6 65 33 59 60 71 67
9 17 26 9 48 63 70 33 73 76
15 62 80 16 55 59 25 54 63 26 65 84 46 8 70 31
18 59 26 78 68 73 76 70 30 65 16 43 62 25 84 20 55 41 31
3 30 70 25
8 78 37 5 67 8 31 56 55
25 12 67 21 3 46 2 84 50 79 61 28 41 25 59 40 83 36 68 86 48 5 37 39 6 57
11 70 62 5 30 0 25 16 65 55 43 76
28 3 43 58 67 65 46 26 60 9 25 6 33 42 8 75 17 71 53 48 24 20 7 14 73 81 82 64 78
17 84 37 46 70 30 20 68 80 55 42 77 3 31 54 14 67 41
2 42 37
13 14 6 9 68 5 63 17 78 41 80 44 46 3
36 12 30 72 71 64 74 59 40 57 39 9 4 61 32 33 79 53 25 52 70 2 16 86 47 10 44 60 84 75 65 8 0 68 37 20 19
5 58 63 24 60 73
28 78 6 42 48 81 30 44 16 26 59 73 54 17 80 25 40 43 41 83 7 82 14 63 9 77 62 55 3
4 0 20 62 30
0 
18 46 3 83 5 80 0 55 7 54 33 68 26 20 36 59 16 31 62
22 24 9 77 89 60 81 8 21 29 67 71 59 68 78 47 4 42 63 82 56 33 44
29 62 65 40 25 56 55 64 20 36 70 59 41 31 83 26 68 9 8 37 48 33 24 84 0 6 14 73 42 54
3 70 68 76
21 58 56 63 33 24 37 8 78 83 80 16 25 41 9 0 76 77 43 30 67 48
35 59 25 50 47 49 41 31 73 17 78 76 9 65 33 82 46 14 63 20 16 62 60 0 54 83 84 70 3 42 37 26 7 21 68 8
1 68
4 0 80 26 20
25 43 44 78 3 8 55 33 37 62 40 65 30 17 26 9 41 42 77 83 14 70 31 67 5 84
1 62
33 36 0 72 12 32 6 38 65 19 63 39 74 31 64 61 17 13 78 77 7 80 56 73 30 58 60 28 76 3 14 68 41 45
19 0 76 26 20 8 73 56 33 78 80 55 30 41 43 46 77 70 63 25
1 55
37 80 33 3 10 48 37 57 34 85 70 72 2 61 7 83 18 38 30 62 56 47 5 65 32 9 46 54 12 58 4 63 89 0 73 43 42 17
4 8 55 65 30
7 0 25 54 56 58 30 20
10 38 24 7 55 26 34 12 45 68 79
9 16 80 41 0 5 30 43 70 36
0 
14 55 7 17 43 41 9 26 73 40 46 58 56 62 78
5 62 30 70 55 68
8 54 37 41 26 33 42 56 7
10 70 0 31 65 55 25 62 16 63 30
20 24 37 19 32 53 57 54 83 77 4 7 56 46 43 21 47 6 84 5 33
0 
25 83 43 84 14 68 41 55 16 48 17 7 80 77 82 71 33 31 70 60 67 9 8 62 3 30
10 31 6 3 20 56 77 0 55 40 25
14 20 84 8 31 70 59 54 14 26 5 68 46 30 36
8 20 8 30 36 76 78 14 31
38 25 61 10 57 45 4 86 47 63 78 84 24 76 68 16 49 44 48 7 46 33 14 54 9 81 3 65 19 43 20 17 56 38 67 74 53 2 8
34 24 68 83 5 61 30 16 46 37 80 78 62 49 58 6 26 14 73 59 53 67 60 9 21 50 20 7 64 65 71 56 47 43 82
40 21 23 81 74 64 43 89 25 85 12 30 7 50 5 36 70 63 61 59 72 35 47 55 3 82 79 0 11 33 28 66 8 83 49 26 56 14 68 15 9
42 33 47 77 9 68 6 89 85 1 26 64 24 82 46 73 32 65 48 54 86 55 45 41 2 38 14 3 39 34 28 37 78 7 10 76 42 75 66 57 36 29 30
36 78 50 80 43 33 54 77 82 62 65 60 49 76 8 61 3 7 55 29 83 16 56 36 67 24 9 53 12 6 21 48 63 81 70 17 5
