300
63 9 165 151 163 1 90 195 268 222 264 168 262 20 283 252 289 266 294 135 74 72 139 127 129 18 147 153 218 158 209 240 141 35 2 280 217 95 197 112 69 17 73 78 36 251 171 226 30 281 235 261 68 76 202 271 286 178 232 5 143 253 37 85
22 294 85 69 33 246 47 117 64 244 154 194 159 88 253 66 242 206 247 20 239 237 152
15 217 243 68 253 246 165 294 262 69 110 152 176 20 255 78
85 165 222 61 29 30 142 79 68 197 270 53 266 196 241 8 67 44 20 202 154 238 117 126 253 101 274 159 54 58 55 98 230 273 198 88 132 131 97 255 51 245 138 163 184 81 103 244 183 139 232 258 151 112 280 15 292 69 199 39 225 150 175 291 263 125 200 46 26 289 239 28 288 137 226 247 14 77 93 47 143 35 174 122 180 32
59 17 259 99 200 287 252 182 140 9 13 267 235 121 261 61 271 264 251 222 107 255 56 101 148 291 218 66 233 141 197 118 191 192 241 122 164 78 242 249 283 18 70 76 209 289 265 108 165 293 145 90 72 239 152 105 157 65 262 103
75 223 153 241 2 147 244 128 113 122 288 44 10 164 159 239 203 260 191 28 101 95 77 115 141 281 167 150 234 247 197 255 154 20 251 166 30 242 273 140 168 61 139 293 270 280 278 64 74 1 294 143 283 145 29 261 148 176 65 286 222 27 266 135 103 105 253 70 226 178 287 142 69 210 18 202
114 69 269 9 35 117 139 264 189 233 126 242 11 121 202 142 156 216 85 192 209 154 132 168 77 145 72 206 263 147 112 283 162 29 280 103 141 33 272 247 105 226 222 288 196 113 10 107 294 39 172 175 90 203 241 0 67 5 234 99 134 182 94 188 218 257 111 271 169 125 53 298 79 181 239 135 275 250 95 71 2 244 128 211 127 157 261 138 293 1 13 170 224 27 16 240 262 36 210 289 255 232 104 227 151 129 137 292 195 265 281 194 20 148 143
174 52 1 249 177 187 260 102 247 24 213 143 22 202 184 35 71 200 147 262 121 98 206 164 168 9 283 78 139 127 117 299 292 225 253 244 133 193 80 230 97 212 195 271 150 43 112 169 171 16 5 129 44 55 179 211 91 114 237 294 95 118 138 29 265 0 110 203 109 26 4 81 250 215 157 40 135 103 142 275 126 173 273 231 79 39 245 92 6 248 238 104 108 152 17 115 239 207 94 255 76 111 20 11 197 220 82 293 288 134 113 223 30 234 175 272 241 84 172 226 70 199 210 192 162 221 141 119 36 64 196 125 291 132 67 107 298 136 243 191 120 145 278 38 232 235 50 46 286 75 209 266 42 254 86 101 96 131 99 219 74 93 163 37 154 281 261 73 188 258 289 56 295 270 268
103 30 35 165 279 93 247 152 231 156 264 210 248 153 87 137 75 207 255 116 253 103 113 178 269 142 223 189 172 252 268 104 135 64 46 128 211 270 68 261 180 95 286 195 158 241 148 88 206 225 226 191 15 230 267 265 1 58 101 134 105 122 26 233 245 298 4 34 281 151 198 77 47 57 82 74 170 168 285 78 76 33 240 145 16 85 73 140 174 21 159 291 294 72 117 212 164 94 102 138 290 209 29 6
38 85 110 145 148 53 13 61 251 47 217 147 165 247 152 202 68 262 125 101 127 206 194 95 27 197 255 166 294 234 36 263 181 66 261 243 159 176 122
33 247 209 202 159 85 194 261 255 217 78 117 152 127 154 265 166 125 36 235 251 13 281 271 280 76 218 129 182 142 105 66 147 293
7 242 10 122 79 181 75 202
30 103 137 9 176 144 188 65 245 167 260 210 247 171 252 71 92 148 59 166 29 97 79 204 249 106 13 78 220 120 98
33 110 235 234 117 166 244 27 2 152 36 192 154 88 262 1 239 253 33 263 194 159 278 181 176 255 267 206 69 85 61 78 247 68
148 250 175 201 284 205 112 235 278 206 104 216 152 153 183 237 257 16 273 70 245 47 95 29 230 268 107 203 44 51 286 288 246 31 241 72 129 77 71 265 233 150 248 69 118 54 147 10 28 293 289 269 73 15 89 36 172 134 113 56 170 84 280 178 137 68 267 259 65 253 35 263 75 50 247 37 85 158 223 292 97 143 281 106 90 294 167 200 255 195 145 53 57 13 249 34 79 102 232 227 197 275 184 279 161 1 5 74 191 132 33 62 66 188 251 110 8 127 64 180 27 108 17 9 30 272 138 139 287 87 151 226 168 99 78 238 239 20 0 190 202 11 252 88 231 290 260 32 225
55 287 172 262 118 197 195 115 44 75 244 176 252 158 36 206 33 53 202 246 235 247 18 79 2 139 85 275 68 210 263 76 70 234 200 129 30 13 265 175 242 271 104 259 253 270 164 166 47 20 169 113 251 101 117 154
52 192 143 128 34 53 17 167 269 255 104 283 223 239 142 108 164 20 291 69 253 237 113 103 260 246 224 199 47 139 132 232 135 95 90 266 48 99 211 270 172 1 110 175 4 70 27 280 57 264 44 241 157
43 242 286 117 78 103 64 31 127 105 294 72 262 273 202 152 140 118 69 237 253 281 203 239 88 206 145 110 47 199 121 125 260 79 252 153 271 77 293 159 197 194 74 244
38 182 121 127 273 37 13 117 72 2 101 20 36 265 154 152 251 79 64 255 145 267 278 148 242 165 78 159 247 68 244 122 147 209 218 176 30 53 263
114 97 196 68 6 33 243 46 208 144 267 191 118 105 58 268 274 173 53 107 215 73 90 210 170 23 42 129 161 231 238 18 111 257 239 192 150 255 271 269 114 128 165 202 72 249 17 241 284 237 14 244 43 172 35 65 206 70 115 168 88 20 209 89 64 47 113 139 151 180 245 207 242 50 96 259 230 262 109 188 36 153 289 30 252 99 278 279 184 116 95 159 227 27 112 187 51 246 135 217 106 121 265 157 24 254 142 38 167 174 164 31 171 67 223
12 165 166 78 202 66 217 69 247 110 176 294 262
37 15 169 238 232 11 30 191 46 187 112 27 73 226 203 34 54 47 178 172 44 245 132 42 16 88 294 97 110 194 200 108 291 270 48 94 195 152
80 26 35 108 217 57 43 203 239 282 273 298 84 113 0 201 118 226 233 246 125 182 46 9 156 265 297 287 33 103 31 68 72 3 157 93 137 51 131 29 27 176 94 218 258 163 225 116 172 152 75 98 28 209 141 174 260 270 279 184 61 216 211 135 34 102 299 8 168 180 14 242 293 37 257 295 128 148 274 105 254
59 78 217 256 64 69 53 167 56 196 211 87 30 108 264 20 161 272 140 2 288 132 295 104 168 163 152 169 182 271 194 227 84 135 121 111 263 3 245 290 241 237 21 116 88 283 138 200 178 294 205 231 110 233 222 212 68 11 156 250
44 247 1 78 203 292 190 232 13 183 69 112 111 51 36 134 125 135 11 76 278 150 202 32 157 223 48 299 77 39 161 288 163 283 118 263 110 71 156 67 269 270 244 18 226
103 22 254 297 157 232 97 274 212 183 191 107 202 252 200 204 276 46 170 64 284 48 39 133 82 237 206 221 128 238 65 62 298 199 263 115 210 4 86 159 67 68 295 132 278 127 31 74 28 291 21 176 2 81 169 272 18 289 44 247 203 266 26 273 207 148 89 53 205 173 225 83 110 217 143 5 231 56 150 234 151 268 10 178 23 78 246 235 251 109 293 71 158 147 108 213 184 114 123 139 198 168 294 270
91 197 294 113 156 95 218 71 68 235 230 122 31 125 54 195 101 34 127 202 232 140 285 89 237 247 194 107 32 239 161 217 293 226 9 206 153 37 128 167 28 166 143 76 73 240 196 69 168 180 126 47 187 174 115 81 11 30 42 44 268 58 267 134 234 43 94 141 253 242 16 257 203 36 251 1 259 210 275 154 137 109 142 243 261 287 104 35 270 151 165 75
20 278 1 267 294 235 181 165 244 118 194 253 192 265 262 242 20 113 154 247 78
61 271 166 222 70 142 110 270 283 273 244 79 37 145 117 164 118 278 237 94 200 17 154 121 280 147 61 261 267 53 241 47 31 11 255 2 34 129 151 197 18 195 99 122 44 182 140 192 199 172 73 175 246 169 74 75 66 251 13 294 30 29
55 278 145 273 164 70 267 125 169 280 20 261 166 85 181 172 118 72 158 247 152 199 147 88 47 9 251 153 239 99 271 281 73 1 103 33 37 222 68 294 255 76 18 234 189 263 113 44 200 260 253 194 139 262 95 105
41 194 95 118 192 148 159 79 237 263 166 1 142 2 206 44 271 239 53 197 88 209 253 218 244 64 246 61 262 47 122 101 33 20 202 68 113 165 267 139 85 265
45 64 267 18 251 76 145 9 152 105 104 78 118 261 142 222 209 85 129 165 278 192 135 281 75 239 36 293 79 88 159 37 101 117 33 95 69 255 202 154 147 237 265 244 139 253
78 240 286 227 113 170 211 112 4 157 191 217 18 261 145 246 235 104 10 126 285 122 153 58 9 27 200 259 11 262 48 224 171 219 154 165 65 73 33 118 46 293 88 15 129 168 1 257 152 250 74 151 232 174 210 218 105 289 280 76 53 239 223 85 108 90 140 29 175 61 111 266 267 99 31 283 101 253 176
13 2 176 165 217 129 69 255 197 47 152 78 95 246
10 197 159 164 77 125 280 259 70 105 31
12 135 197 61 176 158 154 268 226 288 104 44 156
0 
19 127 202 206 20 129 194 61 66 244 154 118 165 47 235 64 85 270 122 72
144 71 211 48 272 281 26 133 292 156 274 185 231 132 295 2 210 17 5 282 287 89 172 72 258 267 74 104 173 141 270 202 135 253 47 239 168 24 105 113 200 93 259 205 254 20 84 66 286 73 106 222 78 242 289 102 34 87 207 99 269 42 69 233 145 75 79 95 68 244 138 251 288 108 0 97 33 203 171 88 103 107 121 140 55 165 260 190 54 238 250 176 44 298 122 143 28 57 261 206 31 137 188 163 264 1 110 198 283 215 94 159 166 191 8 271 150 154 152 61 232 37 148 224 164 53 243 183 70 125 127 14 90 255 56 62 294 109 201 115 266 280 128 98 18
29 182 126 268 4 118 142 105 139 192 56 260 189 117 152 101 287 81 85 35 233 107 158 111 47 88 203 145 143 15
130 283 247 173 69 48 9 129 27 113 289 147 72 68 213 13 216 255 93 8 56 28 211 288 262 121 128 54 284 16 151 86 273 238 270 290 108 294 225 31 167 15 215 263 61 180 1 187 26 198 292 133 103 150 3 2 119 39 272 64 58 250 18 20 33 234 29 139 115 278 112 110 249 97 172 217 99 237 269 176 224 207 142 235 42 230 105 226 164 0 257 14 106 90 137 210 218 158 102 141 47 178 46 200 231 245 17 170 134 279 242 282 206 98 192 209 197 259 201 299 43 274 171 24 153 101 125 55 132 227 175
161 49 99 57 144 249 78 293 183 138 261 46 98 140 0 70 182 193 178 229 91 150 215 169 210 246 156 17 298 120 227 26 242 166 187 172 264 47 93 177 199 231 198 21 212 282 112 174 194 5 51 297 267 142 278 253 243 121 235 115 71 38 73 165 35 61 139 248 50 185 66 67 181 279 170 24 88 284 266 202 148 286 16 244 90 141 8 53 295 94 58 180 254 23 6 168 196 22 247 268 87 265 113 159 14 200 1 222 18 79 294 52 64 44 54 234 152 31 15 32 103 30 92 292 110 56 3 283 62 251 9 206 85 190 11 96 74 164 25 245 299 175 173 275 290 145 171 201 126 43 205 19 116 158 20 258 192 128 269 289 4 237
11 280 30 47 2 252 239 129 99 202 31 209
36 145 66 199 101 61 262 197 269 205 70 235 154 65 290 206 267 253 271 210 188 31 78 192 47 51 88 117 97 69 18 158 153 109 240 196 157
33 13 251 154 192 66 182 9 270 265 209 88 194 189 165 121 129 101 263 239 202 152 206 95 262 234 261 1 64 113 2 75 217 278
21 204 131 222 68 121 192 240 171 16 179 118 162 33 132 27 109 224 141 267 143 82
77 164 265 246 105 108 11 222 127 64 85 113 148 53 36 135 47 2 224 243 175 66 210 75 169 72 31 271 192 153 142 217 73 150 259 294 200 94 244 30 79 44 251 99 159 68 247 278 13 195 206 154 260 194 255 69 293 199 176 281 110 37 291 252 203 1 140 76 33 237 202 122 20 172 242 18 15 147
1 36
33 56 217 291 202 270 280 182 278 9 235 226 79 20 30 27 189 34 262 122 147 150 192 105 265 33 61 28 141 103 77 218 65 216
159 36 170 55 148 62 120 54 278 284 18 175 84 94 210 164 265 22 78 139 290 90 244 294 287 251 263 67 206 195 188 75 240 38 254 286 102 168 185 8 119 230 291 215 138 26 255 129 145 256 79 219 13 121 46 137 66 131 166 151 87 135 98 19 40 77 203 222 68 134 237 150 293 231 97 69 132 65 31 213 223 264 70 158 108 184 142 235 2 32 29 239 33 202 107 72 172 205 246 180 193 208 252 242 181 140 247 56 243 209 275 183 200 0 24 5 117 227 274 15 260 4 207 224 113 122 104 163 197 86 289 106 268 173 136 171 234 85 127 267 159 192 111 266 191 144 51 3 226 174 269 118 288 50 95 282 11 299 154 76
113 76 68 289 181 163 148 234 99 188 151 270 291 57 127 261 257 226 117 238 235 42 75 36 107 104 251 118 128 65 216 199 165 190 132 10 44 20 237 243 138 267 77 101 72 140 74 171 156 18 280 66 121 233 298 85 53 64 232 263 54 223 125 242 175 108 281 28 265 157 275 294 6 35 200 240 34 282 90 39 154 139 178 29 205 164 255 147 111 135 69 13 203 268 192 286 172 88 105 134 202 158 30 142 273 78 184 122 241 169 194 37 253 224
126 260 94 107 103 118 298 81 67 249 287 140 184 169 202 18 44 167 194 110 281 48 56 10 189 242 138 274 54 151 211 129 39 238 117 42 27 241 170 9 161 50 192 85 275 106 293 267 279 175 172 77 162 210 268 182 61 5 251 143 126 90 121 240 46 66 98 32 152 65 35 282 166 230 294 109 79 288 222 78 237 135 262 206 176 197 29 227 145 95 271 20 209 57 137 196 263 261 47 76 156 134 243 108 68 266 11 278 69 150 13 4 128 147 252 70 283 112 199 223 291 122 171 253 226 113 174
140 162 224 187 269 235 4 291 271 58 159 65 191 205 111 189 122 247 150 259 38 9 135 290 263 188 241 170 202 232 51 252 266 97 34 85 209 201 238 8 215 176 142 134 42 299 37 284 265 137 257 157 119 190 33 237 40 245 279 199 293 280 48 69 95 218 213 174 292 255 243 73 172 107 118 126 248 294 242 104 253 99 71 297 227 178 262 22 158 128 184 166 53 273 175 182 180 141 288 222 78 54 109 90 24 143 98 278 208 164 167 250 154 46 210 103 133 10 240 67 153 21 89 144 1 268 192 131 28 163 203 151 156 106 56 132 206 93 77 295 15
25 246 36 95 247 244 152 2 243 110 78 197 253 154 176 113 206 165 234 68 202 242 294 263 88 66
85 167 267 153 244 172 47 135 223 147 199 81 104 200 197 88 253 129 222 278 29 246 176 90 72 77 143 64 117 226 293 151 233 250 158 292 28 281 275 37 156 132 189 289 257 211 150 237 287 259 242 113 70 251 105 142 182 159 271 210 68 110 11 145 165 194 232 79 30 99 283 170 69 20 18 255 175 10 101 202 218 263 247 74 34 13
57 289 148 174 196 82 293 65 164 242 32 166 104 278 212 101 150 227 81 170 208 250 34 168 147 143 218 77 162 182 134 239 232 5 33 165 153 107 89 1 109 39 156 115 251 78 261 192 10 125 9 260 205 36 284 163 151 110
73 31 148 27 127 145 147 29 94 203 9 15 259 139 172 273 70 218 287 66 37 164 108 165 199 267 265 11 64 237 239 283 79 20 135 140 142 110 118 2 129 182 34 209 104 76 217 224 75 176 278 47 72 206 121 280 243 77 158 169 234 88 244 263 30 260 153 275 262 68 69 235 210 181
93 159 73 122 262 147 151 271 273 275 65 255 203 253 244 181 158 113 163 90 152 164 167 18 233 281 127 235 216 218 99 141 197 226 15 78 175 75 206 17 265 94 142 199 156 239 287 42 178 37 192 44 154 176 2 85 112 237 172 9 202 103 169 166 260 217 168 95 195 121 209 267 68 268 61 194 247 293 143 145 246 148 29 234 266 264 27 108 129 283 280 153 139 110
77 163 164 11 112 90 217 67 253 85 272 291 265 282 222 153 150 200 34 35 151 103 169 128 211 0 223 283 196 147 197 176 64 242 167 244 189 53 2 182 121 170 27 18 28 74 260 48 94 246 166 129 113 287 75 195 68 294 37 137 239 165 66 125 171 233 285 141 224 65 268 9 107 267 237 57 191 70
29 26 43 4 195 130 223 127 51 240 242 165 156 7 36 69 63 138 180 192 203 72 198 1 96 197 227 172 31 241
106 243 211 124 131 240 290 272 50 292 58 260 166 191 204 35 85 107 152 95 41 289 104 126 36 228 224 19 298 115 160 276 8 127 144 123 7 143 83 14 249 274 208 188 250 76 65 57 4 236 174 258 69 11 90 13 233 15 121 80 280 255 157 287 98 71 170 56 66 222 100 220 262 0 162 219 251 183 177 197 239 189 261 201 194 153 282 74 217 75 229 291 72 212 137 101 6 135 117 22 267 232 182 38 42 46 118
14 243 235 206 278 194 255 294 202 152 246 262 148 66 78
82 71 158 5 239 35 197 176 210 110 99 58 249 168 156 292 74 48 251 262 13 181 237 241 54 31 47 70 108 16 192 226 11 138 240 141 298 81 132 67 291 61 171 268 29 39 238 112 165 163 103 255 113 260 122 196 169 252 232 105 94 287 263 152 205 167 30 266 150 15 72 211 217 222 164 253 145 148 151 121 78 56 206
68 11 40 2 288 137 25 74 243 27 105 147 84 271 157 283 21 171 200 227 51 10 89 126 233 229 184 23 167 178 145 86 268 110 135 58 198 38 56 201 65 194 71 69 134 111 208 187 70 278 232 253 205 121 151 93 41 211 202 225 190 128 67 249 33 36 16 132 3
21 129 36 47 270 243 154 85 69 33 20 197 176 166 165 95 110 152 253 217 246 255
82 241 108 143 203 206 2 165 61 34 66 181 216 172 44 253 101 46 78 142 263 235 195 270 280 13 239 72 15 153 246 95 151 139 76 169 271 265 99 255 281 166 64 267 152 175 118 28 20 79 262 113 53 122 200 194 273 261 127 103 197 30 252 278 29 244 218 135 154 110 249 56 9 104 121 189 47 88 115 117 237 293 182
4 36 217 247 47
35 37 206 70 76 232 181 48 71 95 56 291 239 261 5 251 191 132 135 75 211 158 268 224 167 262 1 101 9 66 15 31 110 280 287 195
3 176 78 129
5 244 206 197 36 265
61 261 85 175 164 104 259 286 145 9 88 167 76 108 27 242 110 44 11 121 176 150 273 101 115 291 31 152 147 66 78 194 197 37 103 294 182 75 2 247 36 30 263 202 33 271 237 206 139 95 270 68 94 64 262 158 169 243 235 117 159 246
48 129 143 79 117 235 9 209 252 139 68 216 251 249 268 104 101 244 75 247 46 15 152 267 210 293 33 283 127 70 151 147 44 107 113 241 156 200 224 194 18 34 273 48 281 226 53 243 294
27 148 281 194 265 242 253 88 244 118 94 135 69 1 243 117 66 234 33 217 110 246 2 159 202 209 139 95
64 217 44 103 255 243 267 2 262 172 31 139 206 182 239 64 283 148 122 169 167 261 199 286 164 27 108 101 76 287 246 165 70 79 117 175 253 202 166 75 9 158 30 33 251 197 154 95 110 69 66 259 200 78 294 105 135 235 129 293 145 113 209 53 94
71 36 243 108 251 271 200 103 27 140 76 172 194 1 104 135 237 13 169 148 66 105 209 192 202 113 11 273 69 197 129 152 94 85 61 239 261 79 101 153 44 115 182 68 246 78 167 218 47 175 122 291 189 210 53 242 142 260 118 75 281 235 293 286 253 294 88 20 217 270 252 265
3 234 263 253
32 217 53 243 69 278 127 68 101 281 165 253 159 2 47 244 246 148 129 294 176 88 202 265 152 237 145 247 263 293 242 267 189
11 242 273 36 271 148 18 27 113 169 150 167
3 66 244 206
37 95 78 44 135 147 148 53 176 110 1 181 202 271 129 118 64 246 20 293 88 2 237 13 234 125 281 139 217 253 122 247 265 145 255 101 47 68
48 88 128 233 242 195 111 89 133 28 281 231 247 229 23 294 222 139 11 109 10 212 42 280 215 262 202 157 182 225 199 244 90 234 162 255 91 238 258 115 181 117 9 252 223 285 2 263 261
48 107 15 195 75 78 235 223 125 182 56 29 252 142 263 101 206 18 79 103 150 140 176 159 151 178 249 10 216 33 209 85 192 147 64 226 30 203 167 88 266 46 261 158 61 199 200 129 117
115 39 101 197 78 104 237 127 275 271 33 74 253 283 151 46 166 230 189 222 13 17 158 30 181 281 29 292 134 97 79 147 20 16 103 216 199 11 287 125 176 117 178 47 170 145 89 299 148 226 239 210 174 273 219 18 121 175 129 252 198 196 206 48 270 115 257 266 286 240 110 107 217 263 135 73 238 5 98 81 280 137 53 10 157 207 44 247 54 152 109 35 4 293 262 268 85 84 51 202 234 95 153 159 279 65 50 223 289 218 67 26 244 87 118 203
45 30 239 150 144 2 251 273 74 219 162 47 170 157 69 148 242 233 122 57 154 134 213 230 278 168 222 76 286 24 192 35 173 281 203 42 259 246 164 67 229 153 121 291 133 172
82 196 57 200 286 203 153 165 268 129 44 71 243 6 150 195 281 271 250 222 69 206 232 89 47 178 46 33 266 251 161 267 64 156 234 289 174 282 294 263 208 67 78 61 65 278 135 285 54 0 139 143 259 125 293 85 118 29 75 209 1 15 194 264 170 32 16 176 77 167 227 257 11 197 88 235 142 154 279 10 72 182 145
18 78 2 294 262 152 154 265 66 202 244 33 68 95 246 243 176 165 129
34 285 33 161 188 174 270 39 172 56 132 127 278 207 84 298 226 57 68 78 66 178 129 247 190 28 202 143 125 210 9 93 267 43 54
10 259 115 235 68 81 44 270 181 84 36
22 110 117 253 197 206 152 237 33 270 166 244 148 36 235 246 267 294 20 66 217 95 2
77 259 278 90 162 242 289 285 106 64 9 283 0 6 104 264 112 251 206 233 263 32 298 161 286 152 192 262 178 1 253 53 56 54 75 247 34 196 85 4 154 48 70 134 72 269 113 74 224 111 200 181 143 150 169 126 260 94 171 292 98 69 27 294 216 16 105 138 199 188 15 235 170 18 190 156 141 168
64 48 46 27 113 72 125 224 99 156 266 2 138 259 199 151 275 64 260 194 273 165 44 189 286 147 197 94 108 88 262 176 115 251 107 103 148 142 71 112 218 182 280 68 110 247 117 5 9 42 261 281 164 81 77 239 226 37 242 53 145 288 31 192 150
15 215 248 107 239 156 122 112 247 180 54 115 8 163 204 77
75 295 241 108 62 148 254 64 126 137 113 134 243 165 31 210 240 51 265 198 215 206 46 37 212 57 253 86 227 247 39 73 166 163 246 238 70 67 256 235 182 36 132 102 117 40 167 77 16 89 87 4 297 123 152 80 299 260 281 222 201 250 115 44 76 139 101 293 159 23 141 34 168 266 232 138
115 187 209 282 34 133 175 223 27 202 238 203 285 90 159 97 249 235 176 251 206 257 208 279 287 29 132 26 222 37 69 211 139 239 106 241 9 152 226 94 195 268 57 134 243 291 180 150 68 263 262 293 65 272 118 127 170 265 288 197 89 11 79 110 122 125 112 128 32 210 43 275 181 20 207 103 70 171 158 10 250 174 156 284 242 189 225 261 247 245 28 269 95 115 35 98 246 85 183 141 148 167 67 73 0 169 102 231 165 294 161 47 48 33 74 113
50 270 152 255 113 265 235 166 278 192 234 27 36 182 78 209 145 125 159 262 88 194 68 122 294 1 181 154 129 66 253 69 263 247 176 9 127 101 189 271 197 206 217 118 165 147 117 251 121 237 33
4 20 68 152 69
131 68 265 77 201 268 198 108 133 295 234 91 33 280 82 248 75 129 103 44 64 207 10 166 255 170 189 158 46 278 99 256 21 162 34 17 54 176 4 128 259 178 116 208 66 281 139 240 279 62 20 42 163 257 153 154 121 138 31 242 11 61 227 262 118 173 74 32 250 211 58 274 3 126 78 114 171 165 287 200 111 117 168 18 13 289 29 57 205 284 174 216 22 73 28 159 24 286 157 195 187 298 293 140 27 67 185 69 38 30 218 217 1 180 204 283 223 219 192 14 272 137 147 175 164 241 273 238 172 212 267 239
47 241 148 85 182 232 224 112 37 265 145 150 207 2 84 69 199 143 62 151 105 273 230 287 233 142 122 153 108 268 101 252 56 71 286 0 47 99 113 282 65 53 189 219 279 58 15 246
32 95 154 281 135 85 46 118 168 16 137 111 158 128 162 103 69 167 27 253 224 37 126 260 159 77 105 175 178 66 170 48 36
35 113 164 18 252 64 79 169 94 172 73 202 235 88 209 9 105 265 278 165 27 154 125 95 199 182 262 66 243 197 287 210 222 127 74 286
91 16 136 150 17 61 188 99 216 163 260 251 280 264 57 175 71 271 248 27 101 49 84 173 1 98 132 33 95 195 180 51 177 288 94 259 267 23 294 30 174 79 167 187 48 77 182 159 285 87 58 85 113 47 9 50 14 281 202 73 104 209 220 222 218 168 166 227 40 183 232 7 191 37 265 80 279 231 126 247 241 172 237 34 125 4 38 273 65 286 255 106
12 234 113 27 53 159 237 154 1 64 147 118 278
138 187 203 243 109 292 118 175 223 182 167 76 224 110 44 141 9 84 205 246 0 138 158 54 232 75 264 265 99 28 266 233 281 56 77 234 69 219 249 217 50 74 78 192 227 31 237 51 222 58 150 267 115 113 162 289 70 279 178 211 202 170 196 81 73 247 111 260 64 128 206 216 218 67 30 285 2 195 159 299 255 88 105 253 127 79 271 42 263 98 68 294 200 270 244 94 252 241 151 283 143 280 250 282 126 116 132 65 181 259 239 95 168 298 1 153 5 210 137 62 164 157 48 129 134 85 107 18 251 103 104 135 156 33 27 278 275 61 32
53 152 291 218 31 263 242 113 270 18 44 253 166 105 159 94 64 78 33 122 142 75 101 76 273 129 260 135 283 209 110 165 79 189 239 210 235 11 281 30 150 1 20 125 147 261 243 167 286 13 139 278 145 222
37 113 165 95 159 94 117 147 222 206 47 265 176 283 53 280 127 20 105 247 182 189 251 79 135 234 197 61 235 244 68 122 242 263 261 281 278 110
24 235 154 244 79 181 270 139 176 243 165 37 246 278 72 9 18 95 265 239 61 88 294 234 159
0 
3 278 210 189
56 255 217 150 127 278 110 104 20 176 237 117 105 147 169 152 244 121 145 148 61 218 44 88 129 36 37 262 113 125 251 234 293 69 78 182 273 9 209 247 101 281 139 259 283 294 66 235 2 165 79 263 33 242 75 166 210
87 279 196 166 112 285 78 298 73 176 118 117 287 141 292 233 150 138 132 70 171 65 250 191 30 88 4 188 9 167 253 266 94 291 111 169 190 156 172 29 50 17 67 71 77 264 135 33 85 47 48 0 247 262 199 282 129 251 261 90 270 75 252 39 98 157 72 44 281 20 255 126 105 249 182 184 205 2 11 143 58 222 139 68 152 224 227 151
9 176 206 129 197 202 217 262 66 253
22 74 252 122 150 167 71 166 129 61 76 152 266 115 224 244 192 243 42 210 36 240 232
67 151 77 262 65 85 27 286 66 287 237 2 128 176 255 280 271 293 252 226 202 95 278 261 152 33 129 263 235 142 145 178 103 75 243 217 9 150 175 1 294 122 148 29 222 121 74 105 182 206 239 11 189 139 156 127 158 223 42 167 141 76 169 195 192 165 30 140
23 267 110 47 61 265 33 246 181 68 69 64 206 194 253 243 237 148 129 36 202 66 294 166
99 219 165 69 295 245 127 140 216 167 125 137 258 27 248 175 33 184 13 269 156 154 231 286 225 56 180 68 270 181 281 197 86 133 290 188 16 91 4 288 105 82 187 87 173 54 0 115 153 274 241 246 24 152 116 9 267 253 151 37 108 287 29 189 111 93 203 17 206 135 285 204 172 278 299 264 265 275 298 89 169 226 210 174 6 107 2 142 171 244 148 297 263 150 75 190 195 209 99 255
56 278 64 234 11 88 140 145 33 127 261 68 189 104 110 154 235 53 271 251 206 44 147 31 253 262 1 210 75 192 85 263 47 293 197 218 255 291 139 129 69 121 18 108 113 135 194 209 27 61 273 252 265 142 13 101 165
61 89 110 73 64 194 227 47 74 232 127 191 98 273 1 269 151 209 29 18 292 81 197 282 75 251 32 289 175 210 267 61 206 219 39 272 13 34 243 162 138 286 108 35 252 150 30 33 153 226 112 140 11 122 164 36 88 50 246 132 121 158
16 64 2 202 85 129 253 165 242 20 197 247 33 243 110 36 270
12 262 270 181 47 36 88 20 2 148 69 64 265
55 141 138 157 245 172 240 26 126 86 128 94 198 212 43 76 197 194 280 225 271 244 134 145 73 190 299 180 104 163 203 68 61 51 266 0 14 2 207 30 239 17 287 171 233 255 47 295 140 279 81 219 102 131 108 291
78 260 64 286 91 36 225 109 176 267 115 31 249 66 216 48 26 231 96 55 51 139 287 107 136 65 233 232 207 218 201 57 187 8 265 140 106 67 268 278 258 159 151 217 222 202 85 81 156 219 152 105 123 224 171 114 195 165 237 174 5 79 295 58 78 127 80 254 86 70 21 196 148 46 42 20 143 274 145
39 255 243 147 192 270 101 165 234 189 125 237 69 265 152 33 246 117 197 194 159 217 278 95 85 118 262 181 1 2 13 247 202 294 267 242 36 78 66 166
12 61 165 246 234 152 189 194 267 129 263 88 244
6 106 95 65 209 117 68
40 197 249 189 263 90 234 271 225 149 245 142 293 136 52 156 184 232 209 121 147 63 44 188 270 103 18 287 228 198 200 126 212 164 281 217 187 177 40 130 127
32 270 2 246 1 53 61 154 242 148 235 165 27 197 166 243 20 206 36 234 147 118 253 202 69 68 129 85 265 262 194 278 110
76 11 260 194 10 142 104 287 29 282 233 203 68 278 224 13 4 281 191 117 206 153 234 141 18 48 9 143 240 95 46 164 5 172 90 252 121 1 53 251 218 103 270 202 280 42 69 176 105 151 170 34 30 74 157 77 178 67 286 253 33 140 158 110 125 64 239 159 275 199 36 56 122 244 71 94 195
25 110 244 267 88 113 2 66 239 235 101 118 189 246 166 27 78 95 270 125 47 202 152 13 242 122
66 75 118 31 74 261 28 141 283 255 278 159 259 145 85 263 243 237 78 95 73 29 64 216 167 115 150 239 203 53 287 135 151 244 56 252 148 17 147 271 79 20 182 260 172 206 127 66 158 110 293 44 251 175 121 209 36 9 139 217 10 88 107 129 273 33 70
4 154 217 47 36
180 247 250 167 78 95 108 265 109 153 208 111 225 158 164 140 134 187 206 73 205 183 255 165 282 203 91 213 145 29 64 58 281 110 276 52 283 94 116 245 178 184 216 196 287 166 260 68 5 129 246 35 133 215 230 119 38 244 261 79 207 275 65 174 141 163 66 235 30 14 211 80 148 176 85 221 256 204 150 82 61 101 253 104 228 28 96 32 87 126 267 1 181 127 18 22 231 273 286 232 122 199 177 210 128 188 132 41 131 46 209 56 103 240 264 24 31 224 217 156 54 115 139 258 25 27 162 83 288 170 114 90 50 182 37 202 118 143 144 193 298 71 36 189 237 154 157 142 212 195 33 229 74 180 242 11 2 284 17 89 248 218 3 295 69 234 197 49 136 259 297 252 222 239 34 191 23 263 299 161 168
28 147 135 259 166 97 46 158 265 1 231 125 128 175 251 16 268 232 298 262 224 106 244 297 283 2 51 104 253
100 182 147 150 210 64 81 175 275 10 29 249 239 105 163 122 121 178 156 278 243 70 108 260 251 223 76 139 90 11 157 20 216 1 2 218 224 145 241 172 28 72 85 255 69 112 34 15 4 71 268 47 107 294 266 191 200 168 148 209 35 73 113 88 154 18 206 17 78 33 240 232 261 5 291 110 31 30 265 151 9 56 202 65 222 74 271 259 159 246 287 13 61 77 137 237 166 128 270 199 152
115 208 9 76 227 70 117 234 279 82 284 164 57 287 183 145 127 5 112 137 166 88 35 105 266 54 209 180 94 299 247 175 0 34 217 265 251 101 285 97 264 161 263 171 259 11 262 90 158 126 13 36 118 237 143 196 109 289 206 268 44 89 2 51 203 73 298 71 140 138 232 65 18 261 128 28 27 205 273 157 125 79 267 178 270 272 200 291 181 37 170 78 188 162 292 102 32 230 241 106 85 20 75 1 84 156 154 113 15 192 195 77 187 159 87 61
38 157 0 75 278 293 153 111 99 289 48 143 199 128 242 252 113 122 104 197 206 42 241 28 112 175 189 162 16 286 11 66 1 56 20 154 158 280 249
51 139 20 125 251 181 64 147 47 270 263 262 44 13 261 197 127 281 218 129 75 152 247 101 85 192 95 189 265 239 88 294 194 9 217 66 1 182 267 237 121 33 36 165 253 246 242 209 159 2 176 271
111 159 230 23 231 218 72 285 192 234 239 194 162 65 147 114 224 208 79 70 77 135 289 34 13 267 176 142 27 51 298 139 261 85 95 280 24 87 109 32 251 173 78 167 243 227 116 104 268 54 144 110 242 56 259 30 204 172 115 245 10 249 127 206 91 183 292 164 36 119 248 213 171 217 97 165 143 181 203 55 272 76 9 191 238 88 202 6 132 265 81 241 174 178 62 200 44 37 207 15 195 17 219 102 39 263 16 287 197 28 225 3
43 166 125 99 18 143 128 17 78 112 194 176 226 217 244 34 13 158 139 64 36 110 74 157 251 141 29 294 218 33 68 148 241 255 101 156 240 222 271 253 267 76 138 278
13 255 283 203 69 36 61 216 121 223 197 30 286 95
36 218 192 202 13 239 33 113 159 176 117 121 85 154 294 206 166 182 69 53 94 197 9 129 88 271 145 118 234 147 217 68 209 27 242 95 243
59 209 202 94 10 68 148 44 192 64 265 262 293 69 165 36 169 239 127 222 210 108 27 135 47 283 20 125 255 247 79 172 118 76 18 78 31 294 246 273 167 61 281 11 145 75 159 33 194 30 263 129 66 117 53 280 72 259 110 113
11 37 121 261 273 17 280 287 148 203 224 206
39 117 176 181 152 68 234 253 66 147 294 9 139 261 47 197 61 192 110 189 94 263 69 2 270 182 262 1 20 255 194 27 85 206 246 154 122 36 53 202
82 189 166 283 147 18 287 218 75 202 68 85 235 275 172 115 182 104 70 255 9 95 192 46 266 99 103 199 125 76 20 169 253 249 44 209 261 206 113 265 164 234 278 101 244 217 122 152 148 195 129 159 251 94 79 64 29 13 36 30 127 154 77 273 158 28 210 224 118 56 246 293 17 10 150 252 2 280 203 197 294 247 33
126 194 207 259 247 107 101 263 145 192 128 56 18 292 87 129 257 168 139 131 291 46 94 36 126 104 240 16 153 58 48 147 88 235 68 81 216 54 75 72 15 86 53 24 133 289 165 117 37 225 21 272 212 161 282 42 258 224 190 183 250 121 219 275 197 246 98 112 74 27 222 103 205 293 106 208 271 267 163 217 278 110 118 73 243 138 38 195 61 172 152 148 150 180 249 266 274 154 157 132 6 66 115 119 203 170 200 188 253 218 206 10 295 191 189 209 122 28 252 199 213 255 173 105 20 241 85
17 13 53 255 253 197 2 243 262 202 192 217 113 246 237 189 270 294
5 86 252 172 84 33
35 189 202 194 181 278 165 262 166 36 47 20 255 1 154 95 265 110 239 27 85 53 217 176 68 129 243 294 237 244 33 192 253 152 246 88
15 129 68 66 253 152 166 20 265 64 154 202 85 95 206 194
4 25 135 30 203
50 47 265 127 237 18 37 209 2 189 122 95 142 68 9 139 261 293 30 148 206 121 135 113 27 255 33 271 1 125 181 145 66 94 235 61 166 253 267 234 117 75 182 78 242 101 278 202 79 246 273
0 
1 202
60 76 30 66 197 105 176 127 206 283 244 75 139 270 145 152 13 72 113 182 181 265 135 69 165 36 101 278 263 121 243 267 129 53 20 147 218 255 79 10 104 247 167 259 95 172 37 117 246 251 78 18 253 2 148 118 110 88 273 68 150
2 47 206
97 238 18 122 118 250 121 156 112 58 115 185 1 10 117 258 87 141 165 95 272 183 15 19 291 176 189 35 73 208 146 82 51 111 294 25 105 49 102 54 139 217 96 251 212 70 0 297 144 273 93 68 106 44 204 164 66 83 48 211 188 133 233 296 129 194 213 128 234 101 90 81 276 124 148 91 38 242 247 252 161 158 173 107 37 47 132 299 113 26 17 275 253 255 195 184 27 205
89 29 151 20 202 224 76 34 17 206 237 247 1 243 150 246 117 9 74 15 176 166 31 33 271 68 148 275 218 189 169 36 77 283 216 127 266 172 200 255 13 143 72 122 30 142 66 145 75 294 64 203 79 88 291 135 140 103 252 94 115 164 47 113 217 121 99 158 197 209 234 265 44 192 182 159 125 28 273 249 239 165 108 69 270 61 259 210 175 278
91 99 121 29 224 291 42 77 33 263 176 115 182 216 65 70 46 20 255 241 104 234 154 72 178 293 53 268 1 206 152 2 223 286 79 287 244 13 74 222 110 197 17 217 271 147 76 103 273 172 36 108 94 202 118 15 140 153 209 267 189 164 249 265 143 78 122 275 165 105 129 168 278 107 280 253 270 28 37 260 218 200 283 125 166 240 142 194 192 237 95 31
54 115 121 150 1 182 72 53 139 270 209 217 129 85 140 281 68 47 260 235 147 286 181 103 37 154 79 118 172 31 239 273 95 255 166 148 18 244 169 265 194 153 122 105 75 142 110 189 202 94 30 242 261 33 280
16 197 237 78 267 2 294 202 47 118 68 20 217 61 113 262 246
174 105 144 254 138 63 26 71 245 2 112 280 122 180 88 87 208 83 154 36 5 253 148 17 0 288 16 260 197 278 223 263 284 65 53 132 207 110 220 270 176 22 192 224 58 150 182 6 9 95 194 244 96 106 258 28 61 167 156 227 201 62 46 261 66 19 297 98 171 136 145 135 219 179 222 129 169 37 117 121 166 283 27 212 97 168 238 94 190 273 14 152 165 44 102 289 126 230 23 174 247 286 235 139 151 262 299 111 204 281 233 90 158 279 137 226 157 13 294 291 215 115 84 69 285 206 252 133 77 109 188 181 266 108 184 211 70 21 35 40 205 52 49 202 232 79 55 73 287 210 38 76 189 221 30 275 225 92 274 80 68 100 269 1 142 130 50 33 127 41 163 264 93 216 242
61 105 1 272 211 110 81 294 217 278 162 167 227 206 64 70 210 0 266 125 259 75 126 224 222 243 18 5 244 282 219 72 115 285 205 252 157 4 159 36 263 271 156 239 264 288 178 182 169 67 170 108 107 176 137 226 246 257 166 216 98 209
72 61 264 199 226 294 90 237 241 125 142 9 47 283 211 77 145 46 263 289 18 35 117 143 110 81 71 111 135 113 165 4 57 69 31 36 42 152 65 48 293 239 232 140 181 159 129 74 126 209 247 108 115 189 202 44 147 72 5 282 196 169 288 260 176 217 271 192 27 30 99 206 234
76 168 151 85 20 178 110 176 242 192 260 209 152 113 81 11 167 241 95 233 145 259 165 10 286 15 118 140 104 293 90 37 88 13 206 121 148 288 203 262 48 78 217 271 197 253 270 261 252 175 289 157 147 266 273 30 128 267 251 112 158 164 36 195 61 69 107 79 150 265 129 34 154 75 28 101 218
39 69 94 158 222 242 121 79 127 85 237 263 101 251 172 175 294 189 210 291 122 153 36 95 280 182 218 140 18 110 167 61 118 262 270 117 47 44 165 273
8 206 247 253 47 36 129 154 262
10 247 217 47 202 152 66 110 253 154 246
49 259 159 105 294 247 176 20 210 139 10 147 76 69 148 239 169 122 222 101 271 85 145 255 283 251 237 94 267 154 217 79 47 13 246 166 244 135 11 30 121 150 261 72 270 234 18 262 273 194
40 145 27 73 139 265 156 61 44 218 108 255 169 46 286 294 259 206 249 222 56 99 75 135 246 104 9 235 202 79 94 10 217 74 113 158 29 165 266 107 152
1 95
19 115 182 15 65 81 27 244 108 9 28 199 78 281 263 269 196 268 72 253
99 275 104 5 31 138 11 163 68 164 9 1 13 159 246 42 242 140 66 110 288 101 115 10 121 70 15 252 247 289 191 141 77 255 216 30 99 197 200 226 206 262 280 249 294 20 129 4 85 240 224 95 244 128 142 117 47 27 192 253 266 125 112 239 169 281 72 181 127 73 156 287 218 64 175 251 166 79 151 263 270 157 195 36 178 233 194 243 154 167 267 199 33 172 61 158 56 137 176 113
33 79 105 9 20 267 108 11 280 44 142 192 118 278 78 129 76 101 150 261 209 64 197 189 69 253 61 234 47 121 169 263 145 152
80 15 0 56 288 69 264 72 6 141 213 262 246 13 95 259 115 163 90 198 297 293 232 244 31 50 1 151 134 253 54 284 65 202 254 126 245 278 125 170 224 290 223 27 78 271 3 102 162 283 29 261 230 131 175 108 142 36 81 71 222 281 147 292 37 10 159 20 231 116 210 227 285 86 109 24 43 105 192 294 84
94 115 34 273 199 238 143 257 85 81 234 165 205 202 39 64 211 113 30 110 239 73 103 79 227 148 101 169 250 78 249 90 67 203 289 188 154 1 287 75 259 217 272 191 244 279 156 150 5 121 181 109 237 71 269 288 104 168 42 262 171 70 58 240 167 282 125 16 241 275 162 46 184 161 175 166 118 13 9 54 66 10 151 252 111 61 178 293 194 159 216 107 176 94 255
12 139 1 94 148 127 147 189 47 31 251 20 104
0 
82 283 46 99 106 234 172 52 178 166 282 294 4 72 33 79 114 206 299 255 139 140 210 229 20 24 252 284 185 196 73 128 76 47 183 216 268 56 213 154 67 137 270 165 77 118 187 74 90 157 129 125 80 10 88 258 113 144 293 297 231 120 131 37 68 286 98 167 245 16 218 115 281 84 42 85 248 266 147 117 57 221 31
70 151 252 105 88 127 246 107 164 278 156 113 265 273 20 77 1 72 260 195 237 197 255 241 249 103 189 234 145 222 267 141 46 110 244 56 172 118 139 191 153 73 31 224 66 15 286 262 104 11 165 129 115 150 44 79 142 226 253 243 9 140 152 168 33 293 175 270 283 268 17
159 70 14 282 106 268 22 199 40 98 25 178 35 166 78 171 47 225 135 3 288 95 68 168 91 230 164 229 205 283 193 297 200 237 77 140 246 285 287 240 82 127 161 195 103 34 279 4 176 136 111 87 278 188 191 64 6 219 37 21 167 284 211 141 38 173 210 270 73 74 89 126 224 245 131 2 102 180 250 299 43 90 248 206 0 17 108 75 76 118 266 61 143 27 184 183 79 249 255 203 256 238 223 215 120 145 72 267 154 26 86 110 13 273 69 81 292 32 94 92 216 274 265 1 62 54 46 198 104 41 209 264 263 139 251 24 221 217 257 113 42 159 144 125 114 148 272 116 99 51 185 289 137 80 298 19 281 208 134 170
40 199 30 135 85 288 109 73 268 279 94 265 127 90 43 115 259 290 18 209 76 106 294 112 150 184 27 53 266 280 210 264 113 191 103 230 118 218 243 261 142
26 253 165 69 166 61 244 235 237 194 66 278 33 47 148 110 78 2 176 270 242 129 95 243 20 206 247
23 234 118 61 262 152 88 237 129 2 217 253 78 66 189 147 27 251 192 110 20 53 261 246
133 62 251 153 137 138 288 285 174 61 266 270 106 261 10 184 134 110 27 176 238 104 189 152 48 97 224 116 271 18 105 81 246 232 284 109 151 9 99 108 82 117 250 175 31 39 13 267 291 90 169 230 46 76 168 203 37 66 287 56 166 148 226 283 84 240 0 187 128 11 299 111 72 54 74 212 158 26 51 57 98 5 135 278 268 292 58 239 262 167 190 257 156 34 143 89 222 170 17 264 249 101 150 44 32 125 142 290 127 218 147 209 282 132 126 200 139 235 118 42 275 263 77 280 198 207 16 182 202 112 115 164 35 171
48 263 69 70 78 249 163 286 289 110 165 176 99 199 194 203 285 287 234 36 143 39 20 64 273 167 18 280 188 252 200 264 222 11 206 138 140 72 33 1 211 75 137 151 291 250 192 224 141
142 189 271 280 125 199 127 261 165 181 202 50 191 115 5 94 272 75 16 53 56 235 201 244 290 141 266 85 234 147 57 113 18 81 221 103 72 109 148 281 192 157 90 253 197 117 64 118 265 1 98 4 245 288 76 219 239 17 247 208 226 46 206 292 140 13 285 246 274 200 275 156 213 34 55 116 69 251 248 132 171 195 61 188 291 8 29 67 71 166 164 232 30 62 126 108 161 212 174 32 128 145 21 258 182 58 241 289 203 135 233 218 250 35 95 252 88 169 77 187 51 93 110 43 286 270 153 36 133 26 279 68 152 175 299 142 104 287 210 3 143 47 31
55 64 23 92 218 95 127 268 1 160 213 147 125 110 259 254 138 4 132 185 273 172 153 71 190 111 27 283 200 165 140 18 35 126 116 210 261 149 248 8 91 26 55 144 188 297 7 74 197 228 166 290 139 231 260 224
135 235 241 289 165 61 51 90 280 240 95 53 234 222 30 233 264 56 85 292 205 209 147 284 249 271 203 166 288 101 189 77 158 167 270 257 207 164 151 64 48 138 181 196 69 242 178 263 246 200 76 74 208 117 27 31 238 265 259 137 28 10 32 62 261 4 98 33 68 260 17 287 103 135 111 170 99 219 273 39 195 227 106 148 16 78 262 199 46 182 113 107 5 134 72 188 268 37 210 294 105 272 163 129 141 224 285 192 232 171 176 169 142 1 291 84 42 15 112 172 211 65 88 121 247 286 243 152 75 230 202 50 281 157 66 156
4 18 199 154 266
27 166 68 129 64 61 2 95 181 53 235 247 152 88 66 113 78 47 202 246 217 262 242 159 176 253 117 255
128 27 57 273 253 4 172 195 140 122 76 199 33 28 205 138 108 139 235 209 239 111 112 154 217 101 241 90 42 1 135 289 251 152 196 240 95 261 77 18 115 54 275 247 191 94 125 222 265 2 29 272 252 171 66 118 259 13 242 88 288 210 287 226 238 282 243 218 250 98 147 200 17 103 286 9 224 142 34 263 46 132 72 20 36 285 64 267 148 157 260 255 170 211 53 271 291 266 69 153 143 56 206 264 5 188 117 293 151 134 164 68 175 232 165 176 35 67 129 121 47 74 30 137 0 11 73 31 79
74 68 108 76 283 115 222 263 66 117 129 189 88 235 286 1 46 103 70 158 278 145 33 37 206 209 13 281 266 125 151 182 48 31 153 156 159 252 107 253 9 73 194 246 166 56 36 287 20 94 72 113 152 251 237 142 226 42 95 192 169 18 77 239 140 141 195 181 268 64 234 165 249 243 271
19 69 166 253 265 154 217 263 176 110 181 255 197 278 234 85 194 206 1 165
83 280 237 31 33 76 182 80 195 203 58 94 257 283 144 243 147 200 112 10 170 289 268 189 18 123 69 110 96 297 183 55 202 163 16 294 37 35 26 265 176 22 205 82 88 291 251 185 218 118 29 234 46 114 132 226 142 153 204 133 139 20 235 21 91 151 129 122 140 259 164 157 285 216 106 27 148 40 222 8 111 5 166 282
8 217 85 166 33 68 197 243 255
66 2 10 20 145 11 113 260 53 70 47 110 69 79 135 267 199 182 242 253 181 148 263 117 95 105 262 1 252 164 291 202 165 108 74 75 261 94 127 85 103 244 273 217 278 255 88 139 192 159 247 283 270 293 243 235 166 239 222 72 73 218 104 27 142 78 61
26 288 189 240 78 169 262 271 88 103 28 105 292 74 11 168 61 175 153 17 152 197 203 70 157 73 265
4 206 176 78 47
104 294 237 267 238 70 50 62 230 10 275 64 78 226 262 282 176 243 37 112 33 147 242 211 273 264 163 142 2 107 104 210 85 288 293 73 27 47 57 116 51 244 66 118 67 159 161 289 286 249 129 200 111 152 150 29 271 241 143 69 207 97 11 98 20 158 169 222 148 252 94 209 287 168 9 265 216 279 71 61 190 4 172 110 224 234 281 199 113 223 261 195 206 74 247 260 126 145 36 90 5 0 46 88 154
26 72 235 64 271 293 218 88 9 74 10 75 118 152 244 11 44 61 267 169 176 265 122 262 206 127 270
52 181 72 246 36 85 262 291 94 121 234 158 47 127 140 31 79 263 117 283 142 166 10 218 270 88 192 148 129 20 139 76 237 169 255 294 261 33 104 217 259 247 103 44 260 278 251 267 108 66 61 209 165
63 197 282 165 249 205 241 62 32 98 292 262 248 34 87 170 57 158 232 178 266 257 10 112 76 224 183 168 265 227 104 113 255 164 187 99 97 133 268 199 1 247 107 20 195 72 281 159 88 263 29 48 253 134 219 223 53 64 66 139 21 6 218 171
1 66
23 68 255 243 88 85 75 53 30 1 265 31 61 37 253 202 197 242 27 36 79 11 121 263
71 194 22 259 5 141 145 13 1 269 14 152 245 107 51 292 64 21 8 50 254 261 26 283 85 99 117 131 132 55 150 258 249 252 47 178 46 221 191 242 161 56 263 170 205 164 39 243 271 270 196 172 201 151 286 58 111 244 147 76 20 278 223 116 181 48 138 174 34 262 95 227
47 110 72 286 2 181 244 107 99 95 128 139 154 4 294 108 142 10 118 152 283 71 265 74 209 65 268 137 13 122 69 191 166 281 266 151 75 249 17 267 234 170 117 15 242 77 57 94
1 247
118 11 46 61 238 159 36 151 161 125 247 115 189 192 56 94 226 166 176 5 111 48 98 110 9 274 249 67 28 32 78 262 244 205 172 194 250 291 104 33 143 44 178 147 223 273 211 132 167 137 139 216 195 57 134 106 232 140 283 289 15 251 54 121 233 13 27 50 152 253 252 68 279 47 141 222 53 275 1 16 287 118 74 30 0 65 138 77 71 294 162 282 150 62 219 269 145 246 10 72 129 239 235 64 158 75 112 174 4 206 81 31 227 182 286 191 18 210 271
98 34 238 62 161 181 33 261 111 274 280 174 36 150 125 29 249 148 202 157 56 285 190 47 241 164 165 247 35 94 259 108 167 48 58 68 64 126 269 235 28 265 233 168 162 246 77 206 145 289 175 192 273 85 169 147 121 227 271 141 219 76 178 66 234 81 255 224 78 140 42 10 270 112 166 197 156 113 293 191 294 263 54 107 282 72 110 138 203 39 139 103 17 27 101 291 88 53 172
5 243 27 234 217 263
55 88 281 242 152 278 64 135 165 27 66 118 218 101 294 202 78 251 30 33 237 10 217 261 263 53 125 169 255 13 139 37 243 148 68 36 75 246 18 194 122 31 182 209 150 127 142 85 1 44 117 20 280 181 72 2
20 291 77 251 206 10 150 235 74 199 73 286 178 65 66 34 9 11 88 216 273
99 64 71 172 238 65 190 156 176 162 115 262 141 280 290 99 111 126 275 161 66 199 95 69 169 51 269 77 267 94 251 26 28 246 175 74 168 242 243 233 284 252 62 147 288 240 48 98 217 163 57 87 85 32 39 174 11 90 264 16 18 30 189 283 81 139 56 210 197 134 203 76 46 279 79 235 61 253 89 274 150 188 182 151 287 148 273 121 292 170 97 127 247 117 239 2 226 270 241 196
133 137 284 107 263 4 212 209 207 170 36 44 20 139 29 226 85 111 217 181 134 274 69 1 198 251 48 82 94 216 55 152 6 222 158 264 211 93 26 182 0 162 161 87 280 210 58 188 57 98 244 190 125 126 293 178 268 298 109 108 70 147 180 75 37 35 231 241 89 221 219 169 201 133 224 299 3 33 90 225 99 254 153 164 199 16 291 283 84 159 151 46 253 88 260 77 14 95 74 163 32 166 104 86 128 132 129 141 76 194 167 184 102 237 31 290 183 192 286 269 247 294 54 143 11 239 278 227 265 64 292 154 34 272
47 255 159 12 41 80 155 25 146 293 143 179 227 87 154 94 133 83 260 138 248 141 281 254 262 23 61 137 298 177 218 211 221 52 189 234 132 257 67 16 271 19 288 72 195 49 54 252
86 218 282 99 26 81 105 268 141 163 233 165 249 178 261 143 70 183 35 56 227 297 32 16 223 211 39 256 42 148 10 274 47 138 283 240 22 237 212 180 199 188 298 57 95 192 171 216 104 14 252 201 241 139 279 273 1 48 94 147 151 203 101 11 287 157 31 119 257 54 161 205 254 219 235 77 51 5 93 21 118 66 102 278 34 294 13
59 259 153 15 246 166 145 2 78 158 125 30 31 244 148 18 113 242 218 27 61 37 143 210 66 70 135 99 237 64 110 189 17 103 108 33 164 273 151 286 10 255 118 56 44 29 270 275 203 13 28 278 265 127 280 281 79 74 267 122
4 206 247 176 47
36 121 159 182 293 78 197 253 270 94 13 145 261 47 36 66 202 267 262 244 243 53 122 242 113 27 117 237 2 152 9 278 148 181 1 118 85
110 33 233 154 128 72 190 257 47 232 28 192 54 223 5 143 255 141 95 61 262 75 217 202 127 42 73 122 281 270 272 235 107 249 261 104 27 18 165 234 65 58 287 76 227 151 285 163 196 247 267 259 15 171 181 30 222 206 273 110 292 176 138 77 175 111 152 147 148 153 139 98 282 288 260 118 0 29 57 242 197 1 20 37 264 294 263 121 113 275 103 44 67 289 140 237 31 269 13 74 64 205 298 253 195 218 78 169 189 68 188
141 191 91 222 101 218 138 13 90 21 251 48 235 257 69 135 136 49 128 77 141 288 217 40 269 58 137 22 133 148 42 34 258 221 118 205 216 298 263 261 212 67 282 185 147 252 210 114 28 97 52 102 112 278 208 107 239 149 229 127 238 260 157 29 227 166 3 126 19 234 172 274 154 187 162 264 189 2 46 241 30 159 176 170 10 198 175 14 98 96 194 262 108 294 72 0 18 153 99 119 78 35 219 271 204 226 95 151 70 283 193 131 200 142 53 156 132 243 259 83 145 37 9 231 121 122 117 197 181 5 89 280 11 293 292 115 164 73 199 15 17 253
128 118 251 99 97 252 165 55 84 1 116 275 218 189 206 57 74 225 250 161 147 72 192 58 234 129 156 171 227 77 261 298 253 70 274 169 226 243 182 287 202 191 82 242 181 94 284 135 90 46 272 141 69 39 162 281 87 139 50 238 113 47 195 260 194 4 67 263 54 121 175 222 125 16 98 112 232 257 140 27 166 13 32 285 293 76 233 103 190 21 35 157 122 62 65 212 176 244 117 170 10 115 66 267 20 279 208 290 247 89 85 291 107 158 280 237 262 142 273 9 259 101 78 268 0 231 6 187 37
34 239 209 165 122 118 68 159 88 2 101 247 69 20 243 61 121 261 262 189 235 255 181 202 242 129 217 85 251 271 194 253 192 265 244
84 242 70 243 192 13 210 79 168 237 143 85 150 270 169 44 209 176 247 68 253 74 118 122 156 222 195 175 141 280 240 20 291 105 265 268 37 234 151 263 110 181 255 148 78 121 129 18 252 1 95 48 182 226 203 266 107 117 99 281 139 275 166 249 288 206 142 164 216 145 66 75 153 9 241 283 178 260 267 172 128 286 287 194 218
50 154 147 122 202 75 166 2 70 72 108 94 209 278 199 267 263 47 127 172 270 273 103 222 37 159 192 206 237 10 115 218 68 140 76 36 293 271 110 286 287 246 261 259 121 117 85 148 281 260 244
32 118 159 216 210 115 182 70 139 196 17 262 263 109 224 227 203 77 132 125 110 68 207 105 167 30 85 183 67 4 1 57 94
10 249 206 176 217 75 27 142 9 239 287
128 157 195 209 234 240 242 79 270 244 90 147 218 30 291 189 190 286 81 29 192 264 34 10 27 0 2 261 278 194 153 4 168 44 211 191 243 94 145 54 111 268 239 164 255 113 135 167 281 98 20 9 289 273 66 110 210 156 200 172 250 282 138 199 118 76 176 166 99 132 280 36 64 253 16 28 269 206 115 77 237 151 271 75 262 53 163 165 47 103 217 152 162 137 42 128 17 159 247 15 134 246 232 224 154 69 139 252 78 141 95 223 287 283 39 251 196 182 260 65 184 104 108 73 293 101 216 13 1
171 1 183 197 133 181 51 128 210 257 49 171 55 8 61 32 38 270 131 190 14 215 90 143 193 258 167 161 274 88 286 163 248 169 209 168 53 107 251 245 174 70 230 159 98 262 68 39 92 114 33 86 256 196 99 204 129 89 207 62 29 93 37 141 187 94 108 185 50 24 67 297 123 117 177 191 136 95 127 252 118 73 84 96 101 75 227 57 81 47 135 17 20 173 23 232 279 294 281 192 182 134 233 218 11 145 221 276 249 36 85 5 295 195 13 104 21 285 6 206 255 280 137 149 69 226 19 80 91 15 213 253 203 222 9 4 178 44 235 103 260 250 153 111 10 77 259 273 97 58 172 78 254 125 76 184 217 22 28 162 269 30 148 116 56 261 247 119 16 272 109 223
140 61 164 40 74 137 56 26 239 245 180 17 81 72 185 13 187 267 157 32 255 178 234 279 293 210 125 218 147 48 298 203 274 27 233 188 170 278 230 260 104 0 190 138 78 79 105 58 250 93 113 156 213 117 290 201 28 202 98 284 46 110 142 76 69 4 219 38 107 77 5 270 82 161 216 207 275 111 154 97 11 241 108 122 215 143 94 271 280 8 256 204 206 248 140 50 289 286 29 6 273 183 266 99 90 67 158 126 292 51 169 24 176 199 227 175 281 150 268 3 209 197 9 118 57 55 135 132 262 181 153 121 244 54 162 265 141 65 33 259 249
34 199 105 194 151 31 65 69 265 64 293 272 171 138 48 244 226 208 37 72 101 264 260 247 192 154 141 33 34 227 156 2 169 122 181
100 126 46 180 97 168 288 172 69 108 117 247 240 292 249 87 190 211 266 61 127 133 200 102 94 285 76 15 6 48 16 154 104 261 284 135 53 171 81 39 27 188 43 255 68 5 153 191 140 58 150 21 70 147 164 57 278 151 26 170 71 28 252 274 10 141 178 35 224 89 17 259 181 234 208 105 33 294 218 158 138 44 262 196 212 232 111 287 18 95 90 31 115 183 298 250 165 242 37 50 116
81 267 223 246 94 244 151 65 101 172 283 110 252 48 1 5 112 18 139 164 287 153 199 156 81 105 281 202 79 99 294 76 210 31 235 103 165 108 44 192 234 85 166 263 291 176 75 95 255 203 145 69 265 168 242 66 268 107 239 217 17 28 293 178 2 237 280 77 197 129 224 271 71 140 222 152 154 189 64 135 158 218
74 169 241 243 17 271 156 70 71 251 252 259 101 113 151 139 148 42 37 287 153 47 128 150 75 232 56 182 108 200 217 261 164 94 104 226 218 143 9 210 31 286 129 262 69 85 44 209 73 176 165 195 15 81 46 240 112 172 140 105 74 222 27 291 168 202 127 235 1 175 189 72 267 265 110
4 294 235 117 78
27 244 247 110 47 165 95 242 33 265 267 166 206 237 194 154 202 20 2 246 85 270 66 78 68 152 129 64
107 112 90 42 58 77 81 253 79 217 258 94 293 273 207 171 32 80 173 130 242 115 144 111 265 182 21 237 195 54 35 20 233 59 298 120 61 92 167 106 219 294 231 27 119 23 190 82 163 244 248 48 99 113 132 209 131 15 211 296 156 198 159 25 83 172 85 208 289 299 170 284 30 262 142 5 18 230 96 235 126 39 266 14 179 44 189 178 147 239 229 234 71 263 53 72 220 64 86 124 97 158 276 243 157 50 95 288
18 217 2 206 253 85 66 47 202 95 165 243 78 69 197 246 176 68 33
53 268 107 72 270 75 232 202 255 205 30 105 112 2 234 27 48 88 37 172 194 5 141 156 118 103 192 1 246 94 74 167 127 71 35 224 34 11 209 139 128 158 264 170 135 111 233 154 286 66 31 288 9 147
25 69 33 294 148 237 129 165 166 197 64 2 110 47 85 159 78 194 267 253 244 53 243 36 181 20
65 156 224 222 246 286 209 18 154 235 75 42 53 74 287 280 47 142 172 262 107 239 30 79 13 200 94 255 283 268 148 20 95 69 104 70 17 128 203 36 261 202 110 2 291 217 197 127 108 145 194 270 151 242 150 78 158 139 85 166 125 191 266 247 64 115
78 189 72 259 10 175 15 153 287 203 66 199 251 17 281 181 70 244 105 27 195 294 237 11 169 158 266 125 222 129 33 197 194 145 115 166 104 73 139 275 147 218 278 239 252 192 265 36 167 283 165 260 210 206 69 154 121 31 159 253 271 95 75 64 108 47 142 273 85 2 152 56 263 18 234 44 74 127 79
8 270 253 64 165 20 294 247 166
11 247 246 197 69 265 165 217 47 68 152 262
1 47
131 156 200 34 281 70 18 115 99 278 85 46 33 190 121 289 95 199 285 132 20 180 176 242 239 209 4 67 181 224 265 197 263 44 298 111 142 291 218 166 175 147 32 159 75 290 153 273 283 211 267 284 48 188 56 191 262 1 255 241 36 238 182 107 73 208 235 122 43 42 288 206 187 103 253 35 210 216 102 292 53 68 6 64 264 219 141 196 17 203 29 271 89 116 10 88 81 280 74 87 143 246 230 140 161 172 178 165 232 137 249 138 50 113 51 154 162 217 150 109 16 69 240 97 169 28 244 148 270 243 90 195
7 253 154 206 36 176 66 244
0 
130 74 293 71 235 156 109 209 85 2 1 196 169 237 10 105 281 33 18 87 286 223 84 142 190 192 128 90 285 58 94 271 79 224 266 187 89 4 157 26 77 51 139 283 167 268 47 200 263 246 231 34 106 78 166 249 291 39 238 183 284 62 0 158 233 13 48 247 168 253 64 15 132 54 103 107 250 32 244 298 267 150 208 72 245 211 145 242 191 115 171 151 67 255 133 225 189 116 121 134 118 278 181 112 152 198 111 43 141 97 243 88 188 241 46 230 93 16 122 70 66 75 226 172 279 57 240 101 108 161 275
15 200 153 70 218 69 121 262 255 118 79 31 242 275 291 85
74 247 253 143 224 289 128 264 145 81 239 189 194 181 272 283 68 166 9 34 158 113 105 28 36 125 79 118 47 122 252 2 169 210 223 142 72 235 263 108 20 271 203 88 138 171 33 103 292 199 273 241 141 0 117 4 5 56 232 57 44 148 135 27 110 129 73 74 172 152 69 71 121 270 176
1 209
44 181 47 20 76 166 293 125 222 153 72 239 291 9 165 11 154 13 68 2 172 1 117 244 202 104 294 259 113 234 206 53 175 118 64 110 247 210 30 129 167 150 148 142 255
2 176 247
38 171 27 133 42 62 39 72 74 0 76 102 249 166 248 182 219 47 16 94 33 44 280 134 250 106 251 257 112 188 115 275 197 207 129 121 164 21 152
13 129 165 166 246 154 202 262 247 294 68 217 244 152
158 285 181 261 104 156 250 195 47 168 66 133 11 21 118 46 268 16 203 265 35 252 223 135 57 191 164 53 102 272 244 9 194 182 169 131 48 101 289 249 65 37 95 251 275 183 235 34 184 219 6 208 211 291 239 70 108 94 20 180 227 288 111 61 13 77 90 290 137 270 152 62 165 175 263 198 233 128 189 79 241 105 115 67 36 148 170 121 29 51 39 210 205 213 127 31 145 274 140 55 246 255 93 97 197 151 299 153 32 84 139 192 258 237 43 28 257 143 259 42 142 280 207 297 86 141 159 221 73 138 4 134 125 218 74 150 15 171 162 253 76 199 109 279 154 58 166 174 71 103 112 126 271 202 3 157 10 163 14
80 48 15 129 202 154 189 249 31 163 281 263 36 37 20 271 68 176 69 2 128 115 147 262 1 234 73 139 104 99 224 70 168 253 264 196 252 251 192 286 261 158 197 169 244 9 141 170 206 111 47 159 79 56 266 282 71 64 88 117 172 110 65 28 140 166 273 137 17 72 44 57 152 85 171 95 35 10 138 150 268
73 233 154 5 122 201 184 280 99 182 197 62 235 218 82 293 117 247 116 56 36 270 268 145 15 55 174 33 1 242 66 85 266 267 137 97 110 27 2 286 9 246 172 191 225 141 275 224 148 261 217 175 84 53 98 127 269 143 65 162 212 264 104 128 283 230 207 106 37 249 299 69 210 30
49 166 267 150 242 101 278 176 197 243 94 53 31 37 294 10 218 255 85 129 36 125 202 78 217 18 235 61 142 66 293 139 72 47 189 30 117 271 273 127 165 253 147 154 246 182 13 263 159 104
40 283 165 280 36 267 150 11 142 147 135 127 242 78 176 104 270 108 154 286 68 76 53 18 118 262 75 101 121 294 181 291 117 148 9 167 122 166 209 247 27
12 147 217 206 88 129 1 243 36 152 145 181 2
5 217 36 202 246 154
22 166 95 181 33 235 278 244 117 270 194 110 64 197 129 66 243 154 78 36 217 85 2
88 249 270 259 9 34 195 281 234 36 112 31 289 135 128 237 99 105 262 125 107 72 151 158 108 247 189 243 5 48 260 1 127 176 142 210 240 181 242 175 65 79 113 88 252 275 253 156 101 255 147 224 68 118 178 42 70 167 273 168 222 140 69 103 73 278 33 15 200 165 246 286 202 44 10 71 266 27 203 154 29 157 145 28 239 30 291 150 267
5 206 176 154 66 202
3 199 47 203
16 265 217 69 197 148 253 47 129 242 237 68 20 78 154 294 165
77 94 147 275 27 129 237 156 209 259 153 68 75 143 280 164 192 115 11 263 34 202 53 1 203 70 37 286 108 271 77 88 142 181 79 261 141 152 239 249 243 224 31 121 197 169 78 56 15 267 216 28 206 251 273 291 182 235 64 2 103 69 104 241 20 281 66 252 270 73 99 29 244 165 18 118 246 139
76 241 61 77 202 199 181 122 278 234 141 44 4 291 75 9 85 223 76 71 18 125 81 94 266 104 29 169 42 36 64 163 265 235 70 218 35 121 252 105 138 189 159 233 232 171 115 127 150 246 178 56 203 242 118 288 0 264 101 113 172 53 17 27 191 200 249 143 283 28 90 210 132 74 148 66 99
14 166 253 294 33 69 206 243 85 244 47 176 217 95 68
7 148 68 294 47 181 235 78
66 246 244 166 172 237 259 20 94 44 169 2 192 72 66 113 289 255 175 167 148 145 216 154 151 143 267 103 164 251 260 74 269 70 200 247 67 126 85 252 111 53 194 152 105 182 288 199 73 206 28 209 235 273 107 99 18 176 125 13 233 77 132 68 142 156 61
40 270 189 44 72 176 147 69 165 255 94 246 251 237 95 202 206 217 135 68 253 267 139 181 281 192 262 36 122 127 88 234 113 148 9 293 125 239 85 166 129
125 121 166 268 280 227 69 142 62 29 107 104 272 285 101 195 105 67 199 197 141 90 135 172 77 162 34 165 0 75 73 222 167 239 126 140 206 46 138 226 72 98 169 252 94 242 294 81 132 264 33 117 262 157 278 219 191 147 289 233 292 122 134 57 255 184 188 76 54 71 194 9 178 223 238 4 218 232 42 263 260 235 287 70 205 209 39 48 281 283 237 137 153 37 176 196 158 161 154 65 66 266 20 190 163 234 127 267 192 269 241 150 257 113 171 291 115 44 118 249 159 210 189 143 170 78
57 13 101 27 194 260 75 242 150 20 159 234 118 165 199 103 153 158 166 72 294 278 167 142 9 169 70 10 61 129 1 206 263 200 192 164 182 64 113 237 172 88 267 18 181 271 281 152 287 218 99 127 175 139 115 47 110 210
12 233 209 188 134 70 255 259 239 90 3 195 33
27 24 250 197 156 281 107 239 4 43 137 180 130 247 133 262 6 119 118 230 194 220 283 35 63 200 53 22
14 66 243 110 246 129 206 85 64 255 244 2 265 78 36
124 203 223 108 18 226 293 267 37 57 287 170 172 159 140 79 197 282 190 16 237 206 139 5 255 288 105 233 260 232 115 176 6 235 48 244 17 98 280 90 47 27 132 95 121 181 166 192 9 2 156 33 163 1 285 272 141 110 169 75 298 125 178 200 81 227 269 188 153 281 241 218 112 259 265 66 224 184 294 85 69 278 74 292 53 88 165 145 217 257 195 71 182 268 99 291 0 103 31 271 46 127 191 104 77 42 189 289 253 252 210 154 148 175 76 128 65 168 243 94 117 39 164 273 73
55 255 101 64 247 246 194 239 265 234 235 139 209 135 69 1 165 9 121 278 88 206 294 152 237 281 20 44 95 261 30 142 118 189 127 33 242 222 270 251 150 47 94 78 181 110 166 145 176 271 13 218 2 154 192 75
34 154 113 246 235 197 121 47 13 181 278 194 117 237 66 176 139 122 270 64 202 147 94 255 53 101 9 293 148 294 1 265 182 218 44
33 286 289 249 135 66 192 142 152 61 194 182 1 237 103 85 46 175 73 65 195 288 138 42 273 275 75 157 35 0 268 176 232 251
54 47 78 209 293 121 110 202 64 206 235 267 85 129 166 142 66 154 261 217 165 262 2 237 44 251 135 270 118 95 147 242 263 94 234 253 152 125 243 37 281 101 36 255 75 79 117 30 88 294 278 197 113 1 189
141 128 216 164 104 65 105 222 292 171 241 101 1 255 70 200 89 181 13 2 286 196 141 293 74 125 242 88 56 61 137 271 262 174 159 294 138 175 4 152 53 251 76 108 50 115 68 234 206 275 48 64 259 46 71 42 157 5 54 103 36 253 202 168 266 217 16 6 57 233 135 178 237 163 165 261 126 62 283 169 265 34 154 95 69 132 285 219 281 269 188 162 127 218 268 273 272 224 240 243 31 167 203 182 44 99 267 66 35 29 191 264 156 249 189 32 289 207 0 81 280 15 117 129 33 121 158 143 279 223 18 190 199 145 230 235 166 85 11 17 227 226
107 153 137 53 222 282 209 79 65 48 237 272 200 111 266 0 77 289 35 157 30 138 110 181 148 264 46 267 37 247 70 159 139 61 165 182 17 275 286 223 143 112 205 107 162 128 288 150 260 66 240 104 68 270 235 191 15 141 196 287 292 250 234 194 242 142 178 74 135 64 44 134 251 244 241 239 27 294 195 189 108 170 188 268 171 16 121 69 71 33 283 29 263 95 273 56 132 103 210 167 164 199 18 224 81 126 78 20
61 125 270 33 2 253 47 129 104 118 242 150 152 263 117 293 181 159 167 192 1 153 76 261 142 280 88 271 69 246 75 175 239 154 110 44 265 189 78 53 61 234 139 165 135 18 37 294 30 140 209 197 108 247 243 222 68 278 217 94 66 210
7 280 9 150 70 175 36 18
87 75 10 244 182 69 135 275 107 166 28 280 267 261 104 61 65 118 36 145 281 37 255 13 56 199 194 76 151 159 15 128 129 156 85 189 30 197 291 117 167 192 141 216 150 34 78 72 122 168 268 27 142 148 48 218 64 73 164 139 9 121 273 20 181 29 66 246 265 253 108 153 222 101 140 105 2 88 172 287 33 147 113 294 94 176 169 17
88 241 266 291 206 178 199 154 242 273 34 271 121 28 288 69 129 104 181 195 261 158 244 88 27 2 167 29 267 168 30 253 280 197 103 164 283 33 68 81 44 10 47 95 157 151 209 251 147 79 286 135 153 287 18 192 77 85 48 249 112 182 294 70 222 217 247 9 53 13 234 117 139 142 36 101 265 165 118 243 108 202 143 240 107 159 66 141 75
128 30 243 253 192 27 260 189 121 205 235 74 246 184 178 35 161 138 1 194 72 280 10 47 101 73 252 69 294 279 108 271 244 122 241 62 249 152 84 239 284 262 182 247 4 29 53 267 15 143 166 28 208 240 42 257 287 223 106 216 16 54 87 268 198 285 170 99 269 159 145 238 230 76 196 20 270 158 113 197 5 154 134 139 273 218 11 94 51 50 207 224 18 77 199 278 275 175 17 288 261 85 163 140 58 107 46 188 115 237 292 105 165 168 56 181 125 286 234 111 195 169 176 187 75 128 48 219 36
59 246 47 85 239 1 139 9 267 154 210 182 253 172 206 243 30 121 110 113 262 176 217 78 118 261 153 125 293 127 33 150 108 237 129 95 181 197 79 247 148 76 259 251 94 142 235 37 255 44 13 194 263 209 75 53 18 169 159 166
14 79 255 234 182 167 252 129 128 88 191 158 264 178 235
37 237 263 182 235 129 165 9 75 125 101 253 1 194 13 244 94 197 68 152 265 127 118 53 166 66 270 122 2 121 69 78 181 159 278 113 176 217
13 165 253 66 68 202 129 78 47 176 154 206 262 36
126 157 169 175 26 117 30 267 70 271 182 93 167 34 290 61 131 81 73 35 232 258 125 164 266 139 240 234 294 219 145 223 262 196 21 224 126 209 72 64 269 257 283 207 89 153 90 227 27 118 255 50 237 87 102 230 109 39 213 86 226 159 253 279 264 55 154 274 187 115 233 286 293 4 11 195 261 298 256 208 101 254 205 0 248 82 84 53 36 95 76 9 190 128 206 20 133 78 99 285 116 189 199 62 103 180 273 105 140 108 178 97 110 106 243 288 8 121 198 197 170 191 161 37 292 51 71
149 299 273 168 264 108 165 32 289 134 196 38 263 121 229 22 62 135 197 16 91 131 14 260 103 23 98 99 68 288 226 102 274 291 70 217 2 92 82 119 84 72 50 280 215 180 25 190 220 281 73 181 254 105 30 13 96 40 283 8 132 139 0 166 227 129 126 11 33 136 253 109 203 15 292 19 298 234 252 204 184 83 51 205 115 295 249 45 202 171 63 198 179 151 162 282 176 247 17 223 158 185 182 127 174 67 188 120 160 3 48 294 272 130 47 195 278 224 9 80 240 111 36 31 257 209 142 58 112 193 284 5 241 149 159 154 207 172 77 4 114 35 287 147 152 95 107 246 74 20
97 182 1 117 97 157 251 260 147 288 170 35 253 133 264 210 113 33 289 20 11 143 104 180 221 211 194 293 171 169 189 122 278 138 248 71 231 62 287 218 216 203 76 235 181 222 234 226 172 163 279 244 199 17 110 50 269 14 294 274 298 27 148 95 262 15 67 54 65 202 239 271 137 162 240 259 227 37 107 167 187 58 237 266 247 197 44 78 105 99 273 282 112 47 36 183 243 29
112 54 272 29 57 104 101 282 218 273 171 152 42 36 246 172 129 209 255 164 283 235 58 121 252 142 178 250 69 145 30 151 194 188 275 72 199 31 28 95 27 73 94 287 61 75 167 66 20 205 195 64 162 257 157 132 115 112 226 269 202 237 240 293 10 48 17 39 47 241 2 118 169 117 56 78 134 210 206 263 90 182 140 154 259 88 153 223 175 197 0 98 81 170 46 156 181 128 70 217 265 34 286 65 150 44 166 108 18 294 141 234 242
4 291 263 65 151
