100
20 33 98 60 28 77 20 70 81 57 78 82 65 89 52 53 37 99 63 13 15
25 70 49 99 59 92 4 44 31 57 35 18 40 69 82 37 79 27 45 65 78 43 10 25 60 15
10 64 39 57 49 78 40 79 86 89 9
24 10 25 99 30 13 4 48 50 75 97 55 52 35 62 81 90 6 80 22 17 34 39 77 37
9 79 45 40 82 10 59 18 13 60
40 33 32 45 1 50 88 89 85 6 67 31 57 92 78 22 65 7 43 76 44 75 41 30 11 39 13 19 86 29 9 35 56 81 34 66 4 0 23 52 83
8 70 78 18 33 28 67 35 59
39 20 82 81 10 67 52 0 37 53 70 25 2 96 16 48 69 78 13 35 77 63 79 15 92 66 27 14 21 44 1 19 59 50 41 33 80 60 49 71
22 59 18 4 93 20 2 30 42 7 89 90 71 23 66 45 6 57 44 98 82 35 10
20 6 59 40 23 82 33 43 53 49 60 4 38 69 52 86 67 19 96 25 64
7 70 45 33 59 35 60 78
28 54 35 28 49 94 83 16 12 75 43 90 40 80 0 24 64 53 55 32 78 38 33 21 13 93 34 36 60
10 22 97 19 28 91 7 2 92 1 67
10 59 28 70 78 45 33 15 10 60 57
27 78 39 96 18 29 40 53 65 1 86 60 30 35 98 23 9 69 19 15 79 62 17 44 92 33 67 90
4 37 59 60 49
12 92 4 37 27 9 57 98 13 19 69 1 10
8 64 13 70 62 57 27 49 44
2 57 78
10 33 43 92 15 65 6 31 67 82 69
25 13 59 27 98 96 57 79 67 29 49 33 4 63 62 78 30 25 64 50 43 52 35 39 10 65
29 71 10 86 80 23 33 14 34 29 31 25 39 40 59 81 61 77 66 79 60 6 16 24 9 63 69 82 38 15
31 42 99 18 52 48 44 4 81 13 19 31 92 23 82 9 57 35 29 79 98 34 80 27 28 64 43 62 54 91 67 95
11 52 15 49 45 25 82 92 10 6 70 78
8 82 89 28 86 4 50 17 9
9 44 35 82 92 40 18 60 52 78
23 31 77 58 50 46 83 36 29 68 39 11 95 28 55 44 22 89 81 99 66 67 97 87
2 38 45
1 78
17 39 57 28 4 38 52 33 60 98 43 44 9 49 23 96 19 79
4 9 53 64 70
10 70 78 60 13 18 79 40 37 10 35
26 92 72 62 42 36 52 58 44 75 53 17 39 0 45 64 61 66 7 49 95 56 46 90 97 67 80
1 70
27 13 1 6 28 64 18 53 67 43 96 16 17 63 46 50 25 15 31 70 44 40 19 38 35 69 37 86
6 49 60 92 52 78 33
54 67 79 23 20 65 18 15 49 96 48 31 69 53 6 57 71 75 2 70 56 17 21 14 78 80 16 60 33 41 1 91 83 35 12 42 63 13 99 34 40 9 19 86 95 52 45 55 61 0 59 29 62 28 64
3 28 78 70
1 45
10 57 69 13 10 35 27 67 99 40 4
2 37 28
32 70 91 79 71 65 57 0 64 44 80 93 55 37 6 35 63 39 89 78 52 16 40 2 21 59 98 66 96 75 45 31 27
34 28 14 96 59 0 67 37 20 97 66 70 69 81 62 65 30 34 33 92 35 93 1 21 77 24 2 75 90 56 80 82 95 38 19
17 60 79 52 13 38 4 49 69 31 37 27 45 53 15 44 67 86
0 
9 37 60 57 52 79 15 78 28 82
31 90 78 50 92 9 6 99 33 28 96 45 30 64 10 16 40 29 23 82 67 53 37 52 13 38 35 63 1 59 44 62
25 60 98 2 48 54 53 44 41 17 99 9 96 32 80 23 71 67 43 78 66 86 56 61 10 34
6 63 18 53 81 23 35
5 33 57 59 60 78
6 30 57 29 23 64 49
26 86 12 21 75 94 78 67 48 39 37 49 0 89 61 88 58 62 97 70 7 27 46 28 31 10 82
5 18 92 33 40 57
12 18 92 52 23 37 60 35 4 6 33 57 15
44 27 16 44 75 24 17 92 90 80 14 52 63 35 15 4 81 29 60 78 66 39 82 99 64 53 2 33 67 20 25 48 91 13 28 18 70 46 19 62 23 65 98 59 86
29 80 29 77 4 82 38 23 69 91 25 19 15 90 65 13 46 78 53 27 64 39 31 79 20 28 70 6 34 35
28 65 60 75 61 21 62 44 34 24 57 49 35 1 29 71 19 90 6 15 52 92 46 39 25 91 48 81 13
0 
31 60 56 63 40 23 38 61 19 78 90 20 79 29 21 64 28 86 46 70 17 0 30 92 50 55 81 49 52 22 13 82
2 78 18
4 59 57 70 28
0 
4 96 59 39 23
19 92 57 49 90 15 64 13 53 65 25 4 10 60 59 28 86 70 99 82
13 10 57 4 37 40 31 59 15 33 82 6 13 44
14 25 67 13 6 49 18 45 57 35 4 33 52 10 44
20 10 28 1 17 48 46 30 96 92 57 99 27 50 86 2 62 53 4 19 64
12 35 70 33 92 45 13 15 31 57 52 44 79
35 12 42 70 98 0 56 58 50 8 74 71 5 69 22 55 88 83 43 66 11 73 6 94 53 81 21 32 10 80 57 67 3 49 30 4
21 79 67 82 6 25 86 78 18 4 31 59 44 92 15 37 10 64 28 70 40 53
1 28
13 25 96 52 27 6 64 79 99 2 31 16 38 59
47 74 90 46 19 95 78 64 66 65 81 98 10 54 45 79 86 0 6 75 41 21 92 77 38 91 55 67 97 48 13 16 43 36 23 82 33 93 89 71 2 80 14 60 34 30 31 61
36 62 67 43 58 71 87 60 64 82 76 23 39 83 9 85 90 77 80 15 95 46 61 12 11 17 57 14 30 99 70 48 35 79 7 42 0
30 63 14 22 77 41 43 31 80 19 92 16 34 78 49 50 9 54 40 96 29 64 4 75 59 21 25 36 71 56 48
41 43 60 78 82 15 79 93 33 45 80 19 65 25 35 91 63 4 1 44 71 98 55 81 23 53 14 40 49 9 18 24 67 48 66 6 2 59 17 89 16 50
32 86 45 42 25 28 53 44 63 78 37 61 0 52 83 8 36 64 35 77 96 70 74 93 41 19 48 46 23 31 79 17 75
13 71 23 39 14 53 24 20 46 70 92 79 90 19
0 
0 
22 53 82 49 62 27 1 28 23 59 50 65 81 10 64 79 20 71 63 6 45 37 17
21 2 1 98 29 86 57 37 33 53 46 19 96 89 4 52 20 59 14 10 17 92
9 28 37 52 92 35 60 70 40 79
33 39 63 60 7 49 23 53 37 61 46 40 44 96 81 9 16 0 31 75 48 78 41 57 28 90 6 64 29 35 59 4 82 62
36 29 23 93 66 54 95 79 30 33 51 2 47 73 24 3 45 43 63 87 48 76 10 27 83 97 65 69 4 74 32 71 70 99 8 77 53
39 7 40 50 59 20 58 61 34 77 49 56 74 79 6 25 52 82 94 90 24 27 64 72 4 0 67 41 43 42 80 62 37 21 83 57 65 1 44 86
11 64 18 79 57 67 25 78 10 6 52 53
10 42 72 31 47 74 96 54 17 66 53
1 48
25 27 28 4 79 25 99 69 96 53 18 70 37 15 52 16 30 17 62 23 20 13 14 49 38 65
6 43 13 69 67 82 18
9 50 6 31 82 48 1 96 71 92
3 59 78 70
17 25 82 57 71 14 20 62 24 37 86 60 67 9 91 15 39 45
50 58 10 62 90 56 78 8 88 12 2 29 7 37 21 89 77 23 93 16 46 45 59 57 92 66 79 50 74 72 35 43 31 67 63 27 64 14 38 15 86 55 65 53 97 18 49 34 41 22 82
16 99 60 53 91 39 18 79 15 75 23 59 69 78 28 65 80
1 45
49 18 86 41 79 98 59 38 15 33 43 9 60 91 30 80 16 48 34 37 82 49 99 31 0 63 17 67 2 46 7 77 92 57 10 35 23 93 44 50 52 90 21 95 40 27 54 28 24 20
13 27 38 33 18 96 45 69 99 39 64 28 60 1
11 45 86 33 15 19 28 52 43 92 37 35
