10 10
4
303 -400 -403 17 -203 14 149 -481 195 -20 
173 -492 -424 191 271 -378 201 -153 417 -269 
-420 -442 -149 384 -245 -375 -111 -494 -165 -431 
-73 -491 293 354 425 459 79 177 155 472 
68 245 480 -21 -119 453 -32 33 -403 350 
101 299 405 320 367 -111 -280 366 -472 -294 
-218 418 324 436 297 -439 414 -132 117 94 
-178 -332 -477 -175 -326 296 117 -489 -487 195 
-131 -156 -43 -76 345 -109 3 387 -353 401 
-258 -186 98 -127 -235 -353 204 -196 63 -7 
1 8 3 8
10 7 10 7
27 8 11 29
2 6 8 9
