23 56
6
375 226 455 425 39 -358 -38 -265 362 -291 279 343 496 499 111 -108 -234 -203 340 -477 -125 -408 177 -444 -492 418 -225 -228 87 191 337 226 -16 -295 243 -32 -43 449 244 -392 99 -115 234 108 72 -139 -349 -275 -75 302 17 489 251 -155 -332 157 
-9 -437 199 4 -353 449 -359 405 192 -197 -74 -430 466 183 -347 377 321 82 -309 -323 317 -25 -345 3 231 -95 -221 68 182 255 221 -25 -377 -133 334 -465 16 162 -74 -396 449 421 49 -155 -29 -126 346 -184 -44 -229 482 -203 239 67 -305 261 
339 -103 0 390 -473 494 72 -450 31 -306 343 126 157 -303 342 -377 -391 243 -186 441 -214 -164 -360 233 334 207 100 247 -248 -356 -499 -439 306 352 -290 -385 53 -486 -387 -46 252 186 43 -427 -64 -299 196 -210 -64 -268 77 32 128 -340 4 463 
195 424 -311 -165 -322 495 -43 497 -403 125 -406 -63 431 -452 394 -210 -273 269 -90 -299 128 104 -49 -34 97 134 354 328 124 220 65 -125 -316 237 55 405 -258 -312 104 198 84 -149 -6 -420 240 112 120 191 304 -351 76 367 411 114 227 -457 
167 476 -185 69 -195 -327 -392 369 351 244 -346 -174 -421 -424 140 319 45 -52 -92 -202 -35 1 -348 -177 237 -187 326 459 373 225 -200 443 -373 -435 284 24 109 456 -428 375 153 -178 -396 5 -273 -210 419 51 162 -386 -8 -121 -4 293 9 -118 
188 32 106 -105 -495 207 -400 123 363 -9 247 -4 -120 285 52 -143 455 130 -324 -126 -369 243 451 111 -473 -171 -445 139 -369 347 364 96 221 353 -486 -374 207 117 -283 -435 -332 124 -160 -181 -133 160 302 306 26 111 298 400 -356 130 -98 -247 
-364 355 -434 -73 73 -198 48 -275 -189 -390 308 -366 -216 288 395 289 243 115 -139 356 -272 363 -271 -251 42 484 -447 -419 24 -74 -406 -242 391 -268 -354 -375 431 -420 -453 -442 -164 414 -102 -68 446 337 34 342 193 -103 -241 -496 25 454 -102 -259 
85 -245 183 445 -65 390 -493 440 101 286 76 -358 -278 -118 -496 -83 -418 159 355 -436 311 162 191 302 30 185 -358 189 227 277 -469 368 144 206 -415 51 447 -442 -226 -355 481 119 -208 422 -133 194 -282 -345 -260 21 402 -394 402 -59 -420 282 
-329 474 275 370 -290 -44 -497 250 -386 -96 -189 492 -462 -248 -311 -253 -347 120 385 439 -305 279 145 156 409 -45 421 164 -350 136 69 -78 442 40 78 36 -245 -104 -150 -464 295 -304 -430 -111 90 -430 -303 -345 144 -46 104 197 -59 184 -104 335 
92 -301 449 375 -109 487 -315 395 74 -58 127 208 -451 -215 -240 -93 395 210 228 396 -107 -103 403 -192 -112 70 -147 233 245 236 239 -361 -300 -228 180 411 -133 17 -391 407 -297 17 154 -62 187 -410 -421 -425 -473 -145 -193 197 -358 -106 -433 175 
224 -302 194 115 154 43 -402 45 -451 474 -36 469 227 30 179 192 -128 -112 -451 309 -331 -440 -190 284 -288 -179 -16 -491 -61 7 105 258 -99 -151 342 442 123 497 -447 62 363 -114 -194 -216 -474 112 -109 -482 -469 -45 357 436 -99 227 111 308 
375 82 95 -421 293 -38 90 89 69 316 172 -157 -490 -233 -159 -268 270 -129 369 -384 225 128 393 -317 35 401 280 465 -303 401 297 453 348 390 128 -315 116 -236 -250 232 288 -330 213 -20 -419 306 355 -376 -193 73 -28 262 -309 227 494 -485 
147 191 -326 -428 -226 176 338 56 -129 279 -268 138 -269 -296 471 -219 -478 269 -349 -454 -491 -152 143 -157 -86 -84 -410 45 199 -163 157 376 35 70 -447 -35 -241 -74 363 -14 -413 65 209 278 364 350 -208 364 144 246 328 265 371 408 412 21 
-60 -393 -146 323 -73 -331 -500 157 273 -437 -411 -115 183 307 -346 -358 -452 -154 -482 478 147 -447 414 137 -69 -479 -258 -109 153 281 -478 326 -362 134 50 483 -37 -286 -200 282 -158 -20 108 -398 484 255 -350 -44 211 498 275 141 121 446 188 -211 
67 -210 48 212 -254 46 -8 452 169 265 123 -55 298 245 488 -296 129 409 91 418 5 -11 -51 389 440 -318 -249 -297 230 441 125 -459 141 -466 56 44 -54 -439 496 -373 100 -450 -328 160 -168 -185 153 -90 -73 -279 178 -334 -3 7 302 -65 
-496 -161 -125 -372 327 233 391 143 150 14 233 237 457 -35 -137 -388 404 321 -46 -392 369 261 -461 -84 436 -433 -336 -289 -384 91 -382 118 80 190 231 415 169 -202 308 -122 497 272 -296 -330 -112 -319 80 -305 460 -310 -119 -197 -380 -302 -454 271 
261 381 -499 -52 -74 301 -39 -6 249 -262 59 -408 421 393 356 -441 -10 132 247 256 -245 409 291 -301 52 -449 22 290 204 -476 231 53 414 375 296 -195 -106 -19 -448 151 -500 268 256 -281 -346 -443 170 -468 -155 197 298 -64 481 135 -205 -24 
374 -421 -400 -357 -357 417 -192 -127 313 -454 314 -261 397 -244 -231 -292 -271 346 374 387 344 109 -460 -327 -317 -145 -51 -315 394 123 46 411 22 230 499 469 367 340 -354 -126 -216 -330 473 241 216 -470 145 312 235 318 -376 218 -125 149 415 389 
-468 273 -52 -493 -272 -82 -344 419 1 -258 254 406 -287 -468 271 -272 56 306 351 -169 38 491 369 146 -273 312 -129 -134 -466 61 -103 -381 -176 398 -299 440 -375 349 393 -55 -278 134 60 124 -77 -484 364 -361 -233 -209 181 61 458 107 288 -78 
318 239 -365 16 -480 -494 248 -167 402 -38 267 -450 130 -476 182 469 0 206 -235 322 146 97 -237 344 -40 248 -149 -486 -24 126 -97 -117 -473 -212 96 383 -68 431 -118 33 -490 474 365 -63 199 -168 102 -2 59 -461 -122 -267 437 359 464 108 
83 -424 -93 -195 -2 -420 374 -196 281 432 88 -284 -221 60 374 -250 -199 227 366 -269 -310 -54 390 74 -472 495 -441 119 -244 -331 -384 -269 -6 459 -451 -421 -163 -221 15 -10 -88 424 101 -208 -25 -99 451 48 334 294 301 92 370 -182 439 -233 
443 218 -373 274 -28 -325 -474 -459 -46 362 -364 -486 -288 318 297 279 158 -202 281 421 342 -258 -2 -477 -425 -470 -144 215 -91 -320 -203 -318 244 -366 -442 25 -142 306 -342 399 -369 -471 -319 318 -251 70 -154 39 164 370 432 445 -395 -347 57 300 
395 -428 372 322 -112 48 171 -50 -219 449 482 228 94 -228 -369 -303 100 -13 -145 -271 -22 191 448 171 482 -263 13 -265 398 -16 -174 37 70 -164 -152 -331 -210 -281 422 239 306 150 186 -230 266 -436 221 359 -159 -456 -16 -480 338 118 40 104 
12 29 18 38
3 46 6 55
2 15 3 26
3 20 12 53
8 15 10 45
15 49 23 51
