50 50
47
-499 63 -307 308 84 -21 -150 395 322 246 -326 358 210 13 -197 -486 -409 -136 -353 -335 488 -55 -381 -496 -492 -123 31 71 101 107 -334 163 -50 -148 -443 107 283 302 19 -199 375 226 455 425 39 -358 -38 -265 362 -291 
279 343 496 499 111 -108 -234 -203 340 -477 -125 -408 177 -444 -492 418 -225 -228 87 191 337 226 -16 -295 243 -32 -43 449 244 -392 99 -115 234 108 72 -139 -349 -275 -75 302 17 489 251 -155 -332 157 -9 -437 199 4 
-353 449 -359 405 192 -197 -74 -430 466 183 -347 377 321 82 -309 -323 317 -25 -345 3 231 -95 -221 68 182 255 221 -25 -377 -133 334 -465 16 162 -74 -396 449 421 49 -155 -29 -126 346 -184 -44 -229 482 -203 239 67 
-305 261 339 -103 0 390 -473 494 72 -450 31 -306 343 126 157 -303 342 -377 -391 243 -186 441 -214 -164 -360 233 334 207 100 247 -248 -356 -499 -439 306 352 -290 -385 53 -486 -387 -46 252 186 43 -427 -64 -299 196 -210 
-64 -268 77 32 128 -340 4 463 195 424 -311 -165 -322 495 -43 497 -403 125 -406 -63 431 -452 394 -210 -273 269 -90 -299 128 104 -49 -34 97 134 354 328 124 220 65 -125 -316 237 55 405 -258 -312 104 198 84 -149 
-6 -420 240 112 120 191 304 -351 76 367 411 114 227 -457 167 476 -185 69 -195 -327 -392 369 351 244 -346 -174 -421 -424 140 319 45 -52 -92 -202 -35 1 -348 -177 237 -187 326 459 373 225 -200 443 -373 -435 284 24 
109 456 -428 375 153 -178 -396 5 -273 -210 419 51 162 -386 -8 -121 -4 293 9 -118 188 32 106 -105 -495 207 -400 123 363 -9 247 -4 -120 285 52 -143 455 130 -324 -126 -369 243 451 111 -473 -171 -445 139 -369 347 
364 96 221 353 -486 -374 207 117 -283 -435 -332 124 -160 -181 -133 160 302 306 26 111 298 400 -356 130 -98 -247 -364 355 -434 -73 73 -198 48 -275 -189 -390 308 -366 -216 288 395 289 243 115 -139 356 -272 363 -271 -251 
42 484 -447 -419 24 -74 -406 -242 391 -268 -354 -375 431 -420 -453 -442 -164 414 -102 -68 446 337 34 342 193 -103 -241 -496 25 454 -102 -259 85 -245 183 445 -65 390 -493 440 101 286 76 -358 -278 -118 -496 -83 -418 159 
355 -436 311 162 191 302 30 185 -358 189 227 277 -469 368 144 206 -415 51 447 -442 -226 -355 481 119 -208 422 -133 194 -282 -345 -260 21 402 -394 402 -59 -420 282 -329 474 275 370 -290 -44 -497 250 -386 -96 -189 492 
-462 -248 -311 -253 -347 120 385 439 -305 279 145 156 409 -45 421 164 -350 136 69 -78 442 40 78 36 -245 -104 -150 -464 295 -304 -430 -111 90 -430 -303 -345 144 -46 104 197 -59 184 -104 335 92 -301 449 375 -109 487 
-315 395 74 -58 127 208 -451 -215 -240 -93 395 210 228 396 -107 -103 403 -192 -112 70 -147 233 245 236 239 -361 -300 -228 180 411 -133 17 -391 407 -297 17 154 -62 187 -410 -421 -425 -473 -145 -193 197 -358 -106 -433 175 
224 -302 194 115 154 43 -402 45 -451 474 -36 469 227 30 179 192 -128 -112 -451 309 -331 -440 -190 284 -288 -179 -16 -491 -61 7 105 258 -99 -151 342 442 123 497 -447 62 363 -114 -194 -216 -474 112 -109 -482 -469 -45 
357 436 -99 227 111 308 375 82 95 -421 293 -38 90 89 69 316 172 -157 -490 -233 -159 -268 270 -129 369 -384 225 128 393 -317 35 401 280 465 -303 401 297 453 348 390 128 -315 116 -236 -250 232 288 -330 213 -20 
-419 306 355 -376 -193 73 -28 262 -309 227 494 -485 147 191 -326 -428 -226 176 338 56 -129 279 -268 138 -269 -296 471 -219 -478 269 -349 -454 -491 -152 143 -157 -86 -84 -410 45 199 -163 157 376 35 70 -447 -35 -241 -74 
363 -14 -413 65 209 278 364 350 -208 364 144 246 328 265 371 408 412 21 -60 -393 -146 323 -73 -331 -500 157 273 -437 -411 -115 183 307 -346 -358 -452 -154 -482 478 147 -447 414 137 -69 -479 -258 -109 153 281 -478 326 
-362 134 50 483 -37 -286 -200 282 -158 -20 108 -398 484 255 -350 -44 211 498 275 141 121 446 188 -211 67 -210 48 212 -254 46 -8 452 169 265 123 -55 298 245 488 -296 129 409 91 418 5 -11 -51 389 440 -318 
-249 -297 230 441 125 -459 141 -466 56 44 -54 -439 496 -373 100 -450 -328 160 -168 -185 153 -90 -73 -279 178 -334 -3 7 302 -65 -496 -161 -125 -372 327 233 391 143 150 14 233 237 457 -35 -137 -388 404 321 -46 -392 
369 261 -461 -84 436 -433 -336 -289 -384 91 -382 118 80 190 231 415 169 -202 308 -122 497 272 -296 -330 -112 -319 80 -305 460 -310 -119 -197 -380 -302 -454 271 261 381 -499 -52 -74 301 -39 -6 249 -262 59 -408 421 393 
356 -441 -10 132 247 256 -245 409 291 -301 52 -449 22 290 204 -476 231 53 414 375 296 -195 -106 -19 -448 151 -500 268 256 -281 -346 -443 170 -468 -155 197 298 -64 481 135 -205 -24 374 -421 -400 -357 -357 417 -192 -127 
313 -454 314 -261 397 -244 -231 -292 -271 346 374 387 344 109 -460 -327 -317 -145 -51 -315 394 123 46 411 22 230 499 469 367 340 -354 -126 -216 -330 473 241 216 -470 145 312 235 318 -376 218 -125 149 415 389 -468 273 
-52 -493 -272 -82 -344 419 1 -258 254 406 -287 -468 271 -272 56 306 351 -169 38 491 369 146 -273 312 -129 -134 -466 61 -103 -381 -176 398 -299 440 -375 349 393 -55 -278 134 60 124 -77 -484 364 -361 -233 -209 181 61 
458 107 288 -78 318 239 -365 16 -480 -494 248 -167 402 -38 267 -450 130 -476 182 469 0 206 -235 322 146 97 -237 344 -40 248 -149 -486 -24 126 -97 -117 -473 -212 96 383 -68 431 -118 33 -490 474 365 -63 199 -168 
102 -2 59 -461 -122 -267 437 359 464 108 83 -424 -93 -195 -2 -420 374 -196 281 432 88 -284 -221 60 374 -250 -199 227 366 -269 -310 -54 390 74 -472 495 -441 119 -244 -331 -384 -269 -6 459 -451 -421 -163 -221 15 -10 
-88 424 101 -208 -25 -99 451 48 334 294 301 92 370 -182 439 -233 443 218 -373 274 -28 -325 -474 -459 -46 362 -364 -486 -288 318 297 279 158 -202 281 421 342 -258 -2 -477 -425 -470 -144 215 -91 -320 -203 -318 244 -366 
-442 25 -142 306 -342 399 -369 -471 -319 318 -251 70 -154 39 164 370 432 445 -395 -347 57 300 395 -428 372 322 -112 48 171 -50 -219 449 482 228 94 -228 -369 -303 100 -13 -145 -271 -22 191 448 171 482 -263 13 -265 
398 -16 -174 37 70 -164 -152 -331 -210 -281 422 239 306 150 186 -230 266 -436 221 359 -159 -456 -16 -480 338 118 40 104 68 277 140 196 259 367 -343 -77 286 -479 -62 -458 6 -231 -432 -256 482 6 115 -429 -133 455 
360 -163 -259 -211 -450 492 -328 -432 -280 -200 286 149 -417 -238 -364 -283 62 -322 132 -394 -47 258 -167 -443 -218 194 373 67 368 -419 295 499 134 118 94 93 -306 478 -269 -458 -261 -245 -94 294 -228 400 -121 227 -294 -448 
104 -147 -139 168 476 -277 395 -154 453 165 -299 -218 -145 31 -210 -281 -401 -394 209 343 171 319 -495 -9 104 435 -210 105 246 373 412 330 105 -196 284 -350 42 189 -106 493 -399 -89 -473 187 -242 -331 -272 -312 362 263 
-453 -17 -444 461 -416 65 462 73 378 -92 -97 -87 158 323 445 -217 -498 116 -451 156 -79 454 103 -300 -86 -160 123 308 -496 -395 -106 -224 -184 324 353 -189 -303 64 -31 495 -67 -132 -82 -116 80 377 -163 -107 451 9 
-82 108 276 -417 -349 -293 -413 -183 -29 129 -168 -421 114 -358 -220 324 -61 494 -280 -393 18 -236 -493 76 270 -393 469 -131 403 21 -278 -198 -22 -190 -86 264 341 -111 -73 224 234 -409 -419 253 346 137 -141 -25 -406 -85 
-312 -157 413 -271 -190 -346 -159 -318 -228 -295 -328 -165 -435 1 463 309 -54 412 -321 -19 -28 199 -252 436 -223 -201 322 319 129 295 -493 -240 -211 452 359 17 207 -244 421 -9 -407 325 -424 -218 -117 143 15 -69 -360 474 
-426 -495 414 -89 255 -313 -399 -77 177 27 324 337 -229 -1 370 -352 470 38 -280 -434 -296 -303 -308 -301 456 93 238 -206 179 286 421 428 344 -242 -395 -439 403 -352 392 -141 456 -119 -169 184 387 -120 -67 174 -233 -18 
27 302 294 246 -14 327 59 -222 -153 -446 411 262 -132 -218 -289 -176 -450 381 -252 -97 -356 375 108 283 -304 -49 261 -67 136 304 -326 -178 463 209 -303 362 -453 243 -464 -370 -418 52 68 32 -282 -423 -196 -436 -89 -367 
-249 320 8 -232 487 416 -379 -216 206 -30 -206 -156 25 311 17 -433 329 54 -397 9 446 223 -27 -49 418 48 -135 384 159 -378 7 -388 -221 46 291 -131 358 244 -37 -141 -58 85 -121 132 57 -18 336 -315 -491 -391 
-460 -279 -245 -90 207 -58 -367 44 356 306 -282 423 -187 -357 106 -490 455 37 -114 -488 -263 385 92 -348 -484 35 416 152 -276 -95 465 -403 -101 6 -165 -172 125 -250 -211 33 398 -22 -172 174 -40 82 -88 422 -380 164 
-352 -253 -389 -398 189 326 -10 -47 153 -82 139 -401 330 -132 377 20 462 -106 225 130 -126 313 352 -437 243 -138 -265 318 283 -227 63 -326 -376 257 -87 -221 -330 44 -259 -182 -275 158 198 170 143 -444 -171 452 -180 -193 
-338 -132 -224 461 -264 -240 124 256 82 -230 212 -163 214 -479 200 130 -374 219 -120 23 364 91 -5 -470 171 53 -151 72 264 -478 -500 46 248 -218 294 335 223 -204 38 -95 -399 -111 -404 168 -339 190 170 238 388 256 
69 -236 -389 -233 233 477 -13 -286 301 112 -152 -18 498 -127 447 -280 130 75 -355 429 -43 142 -452 155 242 -401 150 -301 -266 232 494 254 393 47 391 368 115 219 231 -349 256 -348 -96 114 216 329 386 -437 -106 103 
-12 -49 261 78 -165 83 -140 249 -419 -405 497 -456 -104 -392 -86 -67 -231 -47 -276 -239 141 393 378 -51 -89 -268 464 239 -159 223 103 121 394 182 -265 -392 31 215 67 -485 10 -42 470 389 202 -255 -397 -234 -34 106 
-451 -114 -384 498 239 -460 -496 180 456 206 250 -359 178 112 162 475 -429 407 361 128 388 75 -348 398 73 -238 -325 125 334 170 358 -52 482 160 208 -442 315 246 474 335 -186 -383 -295 -209 447 342 -251 -285 366 -70 
-295 428 253 -111 -126 57 130 441 236 236 -112 50 480 127 -173 -70 127 195 -10 168 -232 -396 -435 -361 -47 -320 146 356 -234 317 124 416 -398 -246 -3 201 204 -391 -129 -19 460 -402 -46 -407 20 -175 290 324 237 63 
-449 -313 490 -73 143 221 400 342 415 -18 -21 227 257 -117 244 -227 -138 -469 322 257 -66 -276 -418 -235 125 267 -174 -246 -16 251 61 -153 196 467 -99 -228 388 92 106 -153 301 329 314 -77 -419 132 482 188 -1 -316 
67 -262 361 -212 489 319 -98 -179 -102 157 430 403 -223 263 25 452 416 142 -453 -237 -212 292 -242 -213 -149 414 318 -257 -178 -271 461 -255 433 317 -397 77 -273 -125 -309 287 396 -191 -446 252 219 58 47 -132 -391 -432 
273 -473 -180 -192 -356 25 -173 240 98 79 425 160 209 81 -429 -206 -486 272 497 79 -195 -25 -366 15 -313 49 -123 10 177 223 207 115 -377 456 230 -444 -273 -2 -367 473 -44 284 112 274 112 339 -212 498 357 -163 
-343 -393 462 478 84 -387 -432 -170 -102 -70 234 304 96 378 63 407 -295 -271 -321 -61 -180 -284 334 283 356 -102 -57 448 -453 288 -200 19 -280 168 -211 -328 372 -28 342 411 85 -341 -54 182 317 482 465 14 -413 -450 
76 362 92 103 80 -218 288 -113 381 -381 467 -443 -82 -157 -142 -499 -183 -289 281 -10 -439 388 -103 68 -55 206 68 85 106 -305 -125 276 405 64 312 298 448 270 -303 129 13 343 325 229 190 118 -104 378 482 32 
-248 100 180 140 450 62 -229 10 -298 375 -331 -351 222 191 56 122 496 499 98 13 25 -455 332 392 51 -244 -495 433 317 -401 -370 354 -119 262 -435 -174 -484 -425 -131 -494 -270 74 246 -146 -61 -386 326 -106 -181 434 
97 64 372 84 -264 -179 -266 126 155 157 260 -1 11 -325 -81 -30 484 386 -478 -427 -408 -111 -183 432 332 73 -6 -106 419 21 -388 360 -83 252 495 -272 -470 -35 -382 -145 -160 443 -480 442 281 276 276 250 114 -456 
-448 54 197 -365 -214 231 -170 -153 9 411 444 424 361 70 439 191 -194 490 -75 440 104 -9 -335 224 -452 -177 2 -281 -485 -343 36 -200 348 45 -151 -499 -384 -215 48 -500 265 -424 417 306 -292 -117 -53 274 374 415 
1 1 1 1
51 87 106 132
3 28 49 48
123 83 136 29
40 29 34 26
61 96 79 122
121 0 24 85
26 37 35 2
11 25 41 49
31 36 46 33
119 74 63 138
6 13 13 41
48 47 50 50
90 59 130 96
50 46 50 46
23 0 39 30
43 9 46 18
35 52 79 83
37 29 42 47
27 14 28 26
32 1 32 13
49 46 49 47
8 44 50 48
22 9 44 0
20 8 28 41
24 16 50 25
16 16 37 8
1 3 44 4
49 28 49 37
25 34 30 44
113 80 135 60
24 36 48 50
6 13 21 42
28 35 42 41
42 22 46 32
143 149 37 69
25 48 27 5
9 28 28 37
3 39 1 20
41 0 50 47
33 29 45 44
25 21 36 25
42 49 49 49
5 47 7 0
9 12 32 28
36 43 38 47
21 44 29 38
