45 45
76
163 457 -379 -76 336 -466 -59 302 225 -329 488 -320 357 -483 128 -478 -349 -140 351 298 368 415 30 -156 149 326 34 136 -196 418 -388 -228 20 -287 -51 -82 -379 267 -194 25 -445 -170 -357 81 258 
386 132 -309 -451 89 477 -248 -284 -369 430 20 -51 -427 424 341 -230 -329 -275 -173 -374 -273 -1 -235 294 -6 218 -469 261 -326 303 298 -276 -469 397 -185 376 156 205 40 -364 -85 275 -91 469 104 
-358 17 457 358 -248 -498 287 -176 40 -97 292 153 108 279 223 -184 -129 369 -113 -195 -388 76 -169 217 324 52 -295 -215 262 -331 475 -136 107 157 137 -91 -353 184 93 -12 377 -324 -166 340 -63 
131 99 -470 -217 239 161 218 -4 65 394 82 -351 -415 -218 -84 -381 -132 -482 452 270 -341 365 -86 -105 -334 -85 -142 340 334 418 308 -301 358 330 -257 -496 -238 239 -62 301 -222 326 217 30 344 
6 137 105 479 -70 123 -388 328 -24 116 -485 148 404 -272 296 33 -175 -34 -80 -365 138 39 -468 -307 99 285 -191 -383 -332 -253 347 -63 -201 434 11 -119 -177 -209 -354 -124 86 416 53 235 -7 
-450 -360 -164 117 377 -347 45 -474 -341 396 -301 -4 -260 334 392 244 451 -489 -120 -137 -48 157 -141 90 25 -84 -80 93 -129 -411 -60 -104 -68 -202 -288 -364 -236 488 77 279 499 -346 349 470 -64 
221 318 -340 -235 466 -404 181 -11 -103 -395 408 48 -2 -17 -324 -306 -267 -320 109 138 230 -463 8 -498 -458 -376 -37 113 -101 121 339 -334 346 16 301 -219 184 412 20 0 115 -283 231 -258 499 
496 -206 255 -372 280 407 88 424 91 137 126 465 -11 -77 -290 -247 397 -295 -124 117 -487 334 246 -329 -436 -76 -404 225 198 -202 -355 56 -205 -309 79 -54 -29 350 358 -99 64 211 325 438 -122 
289 155 -132 467 -50 -329 472 244 -292 -434 -36 193 -279 -453 176 460 128 -50 339 122 -113 -152 -107 389 275 181 214 48 -304 -55 172 404 -30 -31 -69 -474 -263 311 -119 49 152 -198 130 345 -480 
-225 443 319 20 -494 48 -374 188 399 203 -422 304 445 -55 -456 344 -12 -88 89 -343 332 -344 -324 10 211 346 173 178 -331 268 -27 -289 361 37 -2 56 -179 -86 361 -322 -271 143 -12 337 -303 
-291 -42 184 -387 432 -143 -179 76 -208 -75 -4 -55 398 269 78 -457 -493 -61 -35 -459 497 126 -401 55 -299 290 -276 -14 -489 474 59 137 152 -397 -473 135 38 41 -285 -307 117 187 202 241 103 
397 -75 452 10 6 234 -291 -104 -262 -209 29 204 279 -26 479 -362 297 -68 -376 -49 -302 -32 24 -433 379 375 330 441 283 415 -17 54 21 -426 81 -30 -152 -248 414 -165 277 -441 217 246 102 
356 -330 383 127 203 -330 -186 369 379 -92 388 17 -385 -211 -396 -59 -294 215 378 13 -339 -226 -391 43 34 360 449 -411 -391 -251 -314 439 81 178 138 38 -102 446 481 -353 -82 -430 400 -495 33 
-471 479 -208 425 132 -268 -350 -397 -471 183 75 -125 410 404 -70 427 414 410 -124 -360 -220 -174 -490 -176 -220 -279 469 19 -50 34 -199 6 -334 -30 376 205 88 305 -384 -402 -1 -21 336 354 -419 
-105 -41 283 -346 339 -94 -195 406 -98 430 -428 152 339 -320 403 143 252 268 -305 -28 12 139 -42 -406 -182 2 -372 496 313 122 -171 47 -349 -257 228 -430 422 -73 -368 146 351 93 -490 -297 165 
29 67 402 -452 -325 40 -125 -430 432 -121 316 -480 303 451 -14 -464 -363 -60 139 -69 -244 91 -82 -358 245 455 244 -310 196 -208 226 66 174 292 136 -54 200 -237 459 -359 -486 445 77 196 422 
-389 94 26 -10 -392 343 -476 -125 486 110 10 70 -110 99 -32 -155 349 175 -63 -323 -359 -92 2 424 367 464 256 -451 411 -145 157 -332 432 98 196 198 35 302 -247 388 -193 215 -427 -481 -165 
270 -237 -446 -104 -344 -295 8 -45 441 -196 335 136 287 472 -393 -182 -216 251 -244 17 -65 489 182 -294 -185 470 -16 229 -43 404 -382 470 469 186 239 -71 434 327 -460 360 -389 -30 329 136 -19 
382 -335 -17 158 -148 -192 253 196 377 -229 384 -163 59 -237 -293 -282 -390 294 254 -434 -121 226 -277 -72 -205 -444 261 451 -351 206 214 256 107 -393 -492 422 -132 350 -193 129 366 -301 116 481 435 
228 -20 -465 330 386 -72 -414 15 245 336 215 127 244 344 152 -478 174 -1 476 -198 221 276 180 -263 317 128 -360 -8 -393 230 13 46 290 -434 102 -267 -366 -483 -289 298 433 -391 27 377 -303 
-422 59 -198 -153 -101 -336 -350 203 448 194 431 49 445 289 -176 43 334 -142 -132 266 -235 -232 19 -312 322 280 -35 334 161 -246 -372 -84 212 -325 232 243 106 498 -131 156 471 378 450 293 -231 
293 459 459 318 -404 411 -123 -341 -460 419 103 -69 -214 -219 -104 393 441 -7 -192 -224 -343 86 -210 -410 311 -296 -414 69 -194 -174 200 -107 -475 -471 216 353 -36 -284 254 110 80 197 340 208 -120 
46 476 489 -211 -380 184 83 -178 171 319 106 95 436 -91 250 -294 123 330 390 -485 -306 -421 -108 -145 353 -68 -237 -293 -352 -234 302 370 -413 -165 413 155 -316 -235 224 138 -177 69 188 495 374 
444 302 464 437 -352 -386 449 -353 -279 -333 317 425 -147 41 395 95 -345 -358 218 -233 141 -90 -445 394 174 -425 -265 -88 -316 152 -184 -142 419 -205 -380 393 -476 -297 169 112 -281 -305 -443 -433 363 
151 -225 -103 187 -61 -457 476 -30 -493 -343 -10 -55 -209 -105 -164 216 93 16 261 -33 -420 -128 149 -262 -428 173 -155 -441 271 -66 -56 219 82 135 441 449 182 -378 139 302 -489 -212 -257 -486 -191 
57 -473 122 -108 -290 -12 127 -212 73 393 472 -79 -385 -370 131 -27 -32 252 -421 -400 419 145 431 -354 -113 -292 -477 12 -69 -46 225 -153 -181 446 266 206 171 471 -155 -167 235 347 316 229 307 
287 232 -341 333 -281 11 258 226 462 34 -116 -76 -330 427 -121 -274 -44 329 404 -68 -412 -83 478 326 178 -28 410 -478 -241 268 -243 -285 -336 -434 469 -142 104 488 386 -187 -128 62 -269 480 42 
214 -234 466 114 -17 260 304 477 -249 -73 -241 -394 266 494 258 -85 -271 -452 -38 -360 -258 -176 -469 -302 388 96 91 -112 227 304 453 371 489 104 103 -175 248 478 0 168 -149 -441 -288 284 392 
343 -79 -374 -492 424 -171 128 276 428 494 321 497 283 -370 54 145 0 -98 -262 264 108 246 -486 95 400 242 250 -295 157 81 -229 -79 494 147 238 -179 -9 -249 71 -409 262 46 328 7 -379 
-346 -54 340 499 40 -248 -42 -228 158 -360 397 -350 406 -161 208 286 418 -342 329 -232 -274 -373 289 -365 -180 441 14 -407 -357 -399 -485 -434 44 171 243 -240 235 -444 394 -125 -242 -307 -63 135 25 
-413 -339 295 -67 -433 -2 265 -394 201 -61 -477 -216 244 -219 -34 -105 -444 26 357 338 367 190 26 14 -178 -196 -28 -375 194 403 40 -209 -327 -230 311 492 153 220 367 -109 -102 205 -397 49 -483 
32 208 -428 139 -49 12 -270 202 422 -182 58 -245 -176 404 -10 -307 388 -165 -453 -189 -349 242 -384 100 188 -262 -159 189 -72 -395 -327 327 -186 429 -403 -171 105 331 68 377 90 -59 205 91 498 
292 -259 -224 393 268 297 243 -178 -219 483 124 5 322 -128 74 353 40 376 -227 81 19 50 -366 -288 -104 -140 -376 246 480 450 96 275 -465 426 55 -176 369 200 -256 210 399 -72 -28 -320 345 
-443 86 134 200 -470 -15 -308 -352 168 95 401 68 268 -294 -146 -198 -56 -431 11 -181 244 177 -6 451 -431 -380 146 350 440 424 125 314 -376 289 328 160 164 124 413 268 343 283 207 -8 109 
416 -220 -447 -7 -162 -32 -395 53 -180 122 106 -124 -292 370 -334 167 288 162 18 -42 278 402 -227 -36 384 -84 114 126 -199 -428 -407 -140 -418 -203 -336 61 -235 -186 141 368 -310 333 209 -252 377 
25 166 -88 406 -482 -474 -399 179 226 -325 273 -12 -219 -299 220 -217 343 -423 -349 58 -413 344 -234 -258 -377 452 358 -472 -341 -84 -32 -474 -336 444 134 -350 -175 188 -249 -351 78 284 89 190 490 
-176 489 -105 -224 432 270 -267 -266 84 -115 -310 -123 346 -150 104 37 -338 476 -413 243 -120 -52 -76 -377 -362 -240 -123 -358 -202 66 278 435 -439 -52 332 -470 426 159 -473 -268 -341 350 65 462 413 
327 221 312 167 369 -480 126 -368 125 162 358 -213 139 -417 9 198 -486 -430 -86 270 -226 -177 -328 -391 420 389 -20 120 247 -147 -329 22 -73 -288 233 429 -103 -180 83 -358 95 331 381 -168 -446 
19 -327 243 402 413 130 -408 295 -374 -325 -186 -192 301 -219 -196 -177 -430 204 326 446 440 458 -272 471 -488 290 -369 -58 427 -49 247 -172 -34 -461 476 353 188 191 448 -1 -467 418 -349 -265 277 
347 327 477 264 166 258 335 303 -452 -372 -347 151 328 103 404 481 231 -210 -60 -261 -86 222 -355 307 115 39 -472 -137 187 -484 270 360 -204 -413 -233 -486 71 -470 -299 226 -27 -30 166 -176 187 
342 -119 -450 292 499 23 182 -486 -417 214 212 -177 -150 -318 471 -328 -417 138 -374 152 -237 406 432 -165 -360 310 169 108 -122 -113 151 261 414 424 -273 112 -306 371 -327 460 447 -346 377 143 -355 
415 -259 -27 -191 -279 182 343 314 262 -341 -217 -137 -420 120 235 -240 -152 279 352 165 -258 134 -428 -25 430 117 280 481 211 307 -189 472 -161 -413 -407 -70 54 165 207 -17 362 368 -354 257 -412 
100 -459 300 240 -109 -334 224 202 -77 463 225 -196 -46 -92 133 -209 -461 467 -344 223 456 442 466 -167 -255 486 -208 -113 263 -439 -339 68 162 121 468 409 199 -183 0 -176 281 480 -393 253 154 
-316 -368 -45 -361 -342 -193 -10 325 -162 -282 406 122 -171 45 176 -419 71 -303 407 389 -26 -488 -144 -54 -175 -316 287 423 225 -435 -307 218 353 -9 -81 208 -163 -186 -280 -295 -498 -235 -220 -472 -210 
327 -277 87 125 -236 -349 -105 7 -37 241 406 116 248 -74 -404 205 -175 197 179 69 1 -444 -125 365 -151 150 -365 -435 471 -382 226 -169 -495 178 81 80 47 -498 -174 34 -368 378 386 -478 445 
25 41 30 44
52 66 103 82
35 40 19 16
9 24 38 28
38 5 32 33
6 18 16 31
27 9 29 33
25 43 42 43
16 44 34 44
12 35 38 38
22 26 34 36
33 34 45 42
25 5 17 29
8 32 24 32
27 35 30 42
12 27 20 41
3 16 17 33
28 8 24 25
9 23 20 11
15 11 45 44
22 36 32 42
88 29 16 92
57 132 44 115
9 11 43 35
23 32 28 39
17 3 20 33
45 14 45 25
43 20 43 29
38 11 40 18
33 29 21 27
42 14 43 28
135 47 90 102
98 71 116 13
16 12 19 41
13 21 24 25
29 2 36 43
18 22 11 25
89 114 9 112
36 16 32 14
98 109 74 57
43 37 43 45
8 19 35 42
31 23 41 38
120 20 21 130
3 20 9 23
27 39 38 45
12 17 27 36
2 36 42 43
14 12 22 20
101 64 102 74
18 34 23 12
42 13 43 27
28 54 115 132
44 21 45 25
12 52 84 54
11 24 43 19
33 23 44 44
33 21 35 45
36 4 38 8
46 27 96 65
15 24 17 12
32 39 40 44
17 18 29 33
19 23 19 36
40 7 42 25
32 23 33 42
15 45 30 45
5 89 129 134
30 15 44 43
32 24 25 7
132 42 50 26
17 14 32 39
24 26 7 28
12 13 19 40
2 9 45 39
41 20 40 25
