100 100
76
-497 -102 -360 -319 123 -480 408 263 367 -136 -5 71 -92 297 -332 -256 36 -166 204 -58 261 -29 -446 19 428 -47 142 -284 -242 275 497 -87 -275 -309 343 -34 156 -484 -172 -334 491 498 22 351 -426 47 366 188 -88 94 214 186 -210 367 122 -65 153 373 50 -367 -334 -160 130 413 -149 -57 147 -486 -294 45 408 312 -273 285 130 -240 -278 -251 35 253 326 -462 274 467 -359 -499 364 172 -123 -92 276 -404 429 -139 347 321 282 -295 149 286 
143 242 -2 -102 232 2 239 -204 105 385 -29 301 444 -80 373 71 203 457 272 7 22 -460 129 -68 317 -227 84 75 -52 435 225 -104 -128 143 -270 277 -306 -167 45 -385 -489 -153 -248 -152 -38 402 280 -58 -105 229 119 -129 -457 -344 -303 -376 -368 -78 -440 272 312 -3 36 -384 327 -303 18 460 334 369 30 27 -244 -68 235 -430 107 -452 -457 -319 167 -286 459 351 -74 48 -149 310 -292 -443 274 -336 366 -341 23 375 -25 -247 -444 -388 
-99 -394 453 499 -310 344 -438 296 -360 333 496 -458 -499 -282 128 193 187 -83 242 287 -92 -165 6 159 -364 99 407 -245 312 71 321 57 -320 -55 358 155 193 -308 152 14 -151 135 250 440 410 -47 240 298 -125 -133 303 -496 -371 -181 -182 -178 178 397 192 -1 -133 314 -431 272 484 197 -433 -226 176 492 -291 -135 -443 -260 -301 -59 439 35 195 -279 68 -88 249 -430 297 478 53 -126 -421 44 162 2 200 53 -162 -106 -343 -424 -314 -209 
-418 165 216 149 117 340 -482 271 162 488 -329 -323 378 468 74 -251 371 -314 335 -308 -44 -67 -118 318 -98 -235 -51 -287 77 -296 100 299 384 42 -62 322 412 -469 164 312 186 -258 -371 -466 -54 361 -444 -39 341 226 -429 -191 -40 366 -300 155 -404 -167 1 -323 149 -393 -24 46 -411 355 421 -6 -142 320 -127 -400 150 134 309 -182 446 -178 252 -218 -273 -214 -54 -84 -228 50 -257 379 -66 -454 377 -110 -186 -279 264 437 232 246 493 -66 
401 115 -334 329 -278 -95 235 212 81 486 -498 446 81 -42 -71 -142 104 98 -78 -487 -397 101 -259 -389 -459 -115 -307 -467 380 -238 262 66 -480 -266 341 349 -397 205 210 -448 -413 398 425 -160 -14 244 268 -363 199 31 -73 -267 317 -403 37 257 331 345 -227 50 133 -143 118 470 222 399 480 166 -475 88 320 -166 232 7 -77 -490 57 50 -4 412 -169 -226 229 -125 -176 45 490 401 -283 -246 -202 361 -379 390 -268 383 49 -260 447 -58 
250 -484 -68 209 -187 169 -320 -342 -60 -312 422 498 308 -341 82 428 -97 357 -391 -230 -237 171 -160 497 6 126 56 197 72 -208 383 497 -427 355 -308 -18 -341 145 159 141 312 379 141 365 465 425 -479 -460 364 355 180 251 63 61 -246 143 479 -261 325 461 -106 -4 215 304 319 381 -470 -382 -368 -396 -395 473 -120 246 26 -359 -328 217 360 13 47 -235 275 -116 -257 295 177 -359 265 -194 53 -118 -352 201 -351 495 345 271 -344 -265 
122 -380 46 -176 385 321 233 109 -172 -414 198 307 -175 220 243 -133 462 151 -475 -10 -381 -188 36 320 0 -339 173 -143 -462 -386 -439 110 54 -326 288 21 -403 -457 199 -291 363 490 412 -464 -399 261 -284 -447 408 313 -3 -157 -173 148 351 -207 147 36 54 -165 -181 -99 19 -327 -119 -347 -78 -454 318 -245 -359 -463 241 290 161 474 311 331 -391 454 301 -130 -427 -488 207 111 359 476 -184 393 344 -473 137 -470 83 -486 -411 -150 318 -461 
381 -293 -440 -156 -46 -241 387 -453 -80 -216 115 234 391 319 13 -35 107 -96 -303 -302 267 204 -127 -310 474 -192 88 -123 -305 -35 -374 -206 -348 56 236 40 -473 70 -190 -160 426 -124 -289 -283 462 -437 -139 -177 -91 -363 287 -53 289 349 255 -264 -157 -56 -349 162 248 103 -219 -237 25 365 229 -310 -484 -192 -65 94 -144 -226 153 -119 -172 -89 439 367 22 326 333 -136 205 114 -118 -266 288 57 -331 -74 -175 -223 496 -447 427 102 385 -487 
9 -41 46 -296 272 -454 480 -139 333 77 -148 -468 -109 -107 316 250 -134 189 -70 408 -115 170 322 -118 -461 -96 266 -71 -182 -356 -175 387 -377 -80 208 -274 -235 169 11 -52 353 184 -14 -90 -12 167 3 59 -342 -327 355 141 -260 213 69 -99 30 -191 369 310 186 270 -43 346 -492 491 269 -134 455 -472 348 -409 -204 -243 -491 -249 -181 -119 439 403 495 70 -104 -32 -8 22 -347 6 472 222 -139 -227 -448 170 467 -420 346 -121 -144 491 
497 411 372 392 100 -267 -132 -42 -79 -323 -48 -450 -177 290 69 -416 -191 340 96 381 -431 281 -417 51 -32 437 323 434 348 -302 379 -377 77 -486 246 112 237 449 295 91 -140 102 151 -76 -378 -350 177 339 392 -184 -299 363 -443 -470 154 -467 -482 71 -226 411 257 -32 29 -60 409 438 416 -332 -294 -346 -202 369 236 -390 -76 105 399 -127 299 238 -28 3 54 447 203 -84 -24 263 315 -21 351 168 349 114 -223 -225 -259 -309 -393 130 
-459 499 172 -335 -321 -441 445 -170 195 88 299 -55 -187 364 22 283 -195 -204 232 -57 -494 -26 -135 -479 429 -31 377 120 352 -311 -174 -271 304 -457 -11 -493 -149 216 164 -8 -419 -170 -180 -223 209 266 -248 -322 192 -67 -114 -69 268 -226 410 441 -165 -228 363 -379 -448 -249 361 -151 92 -249 -396 82 443 -247 -185 -361 -339 42 288 -291 485 -18 -327 -404 -276 493 -316 241 -191 5 359 55 435 166 51 -420 -319 104 -217 32 -471 495 153 232 
180 249 414 -22 68 70 -92 374 -2 -307 495 156 294 53 151 -457 368 198 369 -354 -372 205 -463 -42 112 -119 -59 -25 -225 -448 -446 455 -184 -313 257 369 -33 -330 -332 57 136 484 210 -367 325 -409 -403 164 217 -208 376 -346 345 343 -299 370 248 123 -31 -468 -483 107 -496 -94 139 -41 -80 330 56 1 337 -298 317 349 91 459 -230 496 109 85 -344 129 -402 -325 49 446 201 87 -475 -227 278 -288 -25 -252 483 395 -34 -138 263 -464 
-439 -370 465 -90 -6 185 -309 223 116 -439 -441 -54 20 461 -465 461 -267 -217 477 38 409 -316 -435 -317 -99 473 -246 389 146 99 426 -183 242 -469 384 -63 -354 -202 -155 -332 380 -15 -403 42 -327 -56 -34 -80 -78 29 -247 -194 396 -386 -196 -234 -423 -316 356 12 -441 280 -171 159 390 81 205 -306 -213 -101 -329 -304 109 373 -342 325 11 -360 -46 118 -328 268 31 -368 15 228 253 440 -183 190 116 44 115 -79 175 -294 -175 68 -177 -249 
-38 106 -435 364 383 -262 -46 401 460 -482 -158 276 -431 -13 96 413 -174 95 450 341 -35 206 -364 -81 -241 444 448 -245 -99 -319 -87 333 -255 -59 207 -116 -187 498 482 -464 479 455 253 -231 -268 81 -488 -298 420 -307 215 260 -101 354 303 -269 464 177 -88 -236 -498 -480 -70 319 -256 -165 -443 -375 -460 477 18 -351 -442 230 94 132 -189 -148 -372 -292 420 405 -352 144 25 -340 284 227 234 355 114 342 42 -412 114 249 -405 125 -143 114 
237 -93 119 317 217 -467 -449 55 -14 7 -429 297 479 -480 132 96 282 -441 -472 -188 107 118 -119 258 469 295 481 314 -30 51 -371 33 109 423 126 -228 8 -43 93 384 -29 -341 251 -10 282 234 330 378 140 -109 -236 -453 150 -485 321 437 259 459 -166 366 -433 -235 -324 219 -109 70 157 -96 -486 2 468 120 8 329 358 -35 -456 -352 187 405 -399 -98 -496 149 461 497 -174 -42 423 302 -249 -89 119 319 85 -333 -149 296 115 256 
351 75 -293 423 -129 -59 364 57 14 -230 -73 -251 196 245 39 -10 171 -74 65 58 -499 454 -403 110 389 -324 222 -473 -214 -42 -316 32 163 488 121 -394 -132 -172 -477 -245 470 -485 59 140 -10 -21 444 102 442 -434 -9 130 -437 -50 -485 -218 170 -298 -266 107 26 317 325 88 -372 461 305 141 -166 -270 -131 208 -279 -296 371 462 -422 -432 -428 168 466 90 -162 -278 213 231 431 403 289 172 -449 -130 430 42 287 -62 453 118 131 -345 
139 -210 218 217 -392 63 -68 -243 85 -115 60 -467 466 77 120 -459 -415 145 49 102 -399 -235 -118 434 392 207 -407 -247 380 492 -244 -69 -318 -440 166 241 5 225 94 222 170 206 325 192 -302 10 -365 448 345 -53 -141 -331 -4 68 219 -424 -166 293 54 359 177 -481 -383 -90 -106 -4 92 398 -186 -271 487 211 21 215 -434 -197 449 280 458 460 -313 297 128 -455 391 -427 335 228 211 186 257 239 -352 45 431 -314 -263 463 155 457 
-29 22 27 235 357 4 -238 -326 35 186 -50 -249 341 261 -93 -168 -262 -322 283 477 -493 180 -426 -469 -375 -181 197 -487 -295 -269 295 -153 441 454 -94 -42 431 67 -326 -227 -194 -70 -251 -347 -434 313 27 284 18 -310 400 -432 241 -25 155 31 -27 497 197 -201 -178 -26 236 -347 221 284 -399 204 24 307 -155 -276 143 -379 -223 -348 151 332 101 316 244 -182 301 -99 460 -324 -66 190 -413 -357 -8 108 -356 -223 479 -386 341 -323 -130 -48 
450 34 -402 -194 455 276 236 389 419 -398 -478 -6 460 180 -116 34 -257 -205 -376 116 396 -274 424 162 258 126 309 128 -140 -298 -251 336 -445 -38 37 -46 187 -183 -389 -335 222 -184 466 44 -258 -200 328 -320 201 251 -278 -428 356 120 -381 -163 282 417 -207 248 -130 337 -440 -352 -285 213 50 -239 -189 72 -335 435 -56 72 -111 -152 197 -392 93 -292 476 367 -497 -20 458 107 -19 167 -132 451 -224 -318 491 465 -97 336 -164 315 302 476 
-167 -224 445 -189 -500 -127 -472 442 -39 440 -79 143 -259 -125 26 414 -278 -124 198 342 -306 435 -112 -203 -121 -126 -341 2 358 201 243 2 -210 -430 278 59 337 131 -98 -480 206 38 -166 168 -300 -89 130 -391 201 -481 238 -293 -26 -17 -463 -387 218 261 -7 407 251 210 101 -100 248 0 -226 -395 433 161 311 431 130 52 137 121 -411 18 434 -47 -24 37 349 -234 450 114 -86 -191 -277 227 348 468 16 91 -111 388 -193 -479 -179 28 
296 -312 -163 183 -34 36 414 495 175 147 341 490 164 337 63 175 398 255 -8 -280 -357 281 451 257 -315 -5 399 338 97 491 -409 65 -33 -162 341 437 -23 451 -468 -57 -244 -347 34 -76 -90 231 190 -249 -377 237 -478 335 255 -163 309 2 -178 480 203 281 -220 177 -463 -391 18 150 469 -488 456 -336 -361 269 161 298 476 -390 390 439 -175 464 463 300 41 301 -129 214 210 89 -478 -487 -343 402 -453 -250 392 -290 -448 -438 -356 383 
-270 -50 163 439 -250 249 413 -437 -187 -415 341 441 -214 88 -138 -78 -171 -359 -277 59 411 465 -103 -457 124 290 170 -429 201 425 74 -319 154 488 -184 -429 417 82 372 454 419 202 394 -35 -9 -349 84 156 -496 250 -300 -391 -352 112 -161 202 264 -220 169 -444 133 492 -254 -307 118 365 -412 -60 -418 -223 -340 -392 478 -274 -79 477 10 449 -415 -381 299 80 272 -407 -81 -361 183 -466 -245 112 -34 181 42 -77 427 363 39 -427 -249 -21 
202 -278 367 8 292 -497 139 -428 305 343 23 -417 -353 77 -147 21 447 -363 408 350 413 83 418 121 157 285 -330 291 369 10 -139 276 -238 -291 363 294 194 -219 -452 2 -132 -397 -160 -24 16 93 138 60 -20 100 -225 117 88 395 -334 207 238 -449 -196 -268 -411 482 -248 -425 278 -63 299 -240 -450 -282 -71 -324 226 -93 257 381 -97 -114 102 32 -197 433 326 -42 -339 -340 132 424 -426 100 -57 -400 213 -301 -459 -223 299 13 -391 358 
-246 376 342 -341 432 335 279 41 -163 120 2 415 -271 443 -115 -348 41 392 -483 -85 -14 -283 -20 462 -217 280 -375 -62 -96 -51 -494 -304 234 -275 132 172 76 377 -312 -150 376 366 377 -155 103 346 57 -364 173 14 -194 -20 -172 -405 -410 -456 -123 -253 -317 272 -297 162 -14 36 449 -361 -77 -409 275 -73 51 362 112 100 46 113 -199 -237 227 1 29 -147 262 74 -16 330 230 -273 99 -468 -324 148 -161 478 -175 301 -114 -99 -381 450 
-321 286 -286 -213 -332 -294 110 167 230 -278 -438 496 -384 146 433 -191 -132 -73 137 -452 90 -31 -156 92 -16 126 -418 65 68 197 409 439 468 162 -193 -10 -302 473 -48 109 329 -343 12 -475 -31 32 145 -48 428 -202 330 200 -484 301 -288 -214 343 -255 -405 -438 -454 122 -241 404 356 -332 238 492 -115 -404 234 201 -431 407 306 150 155 -442 -492 427 141 -243 -391 -466 80 -322 82 68 -349 376 -15 -320 -96 176 419 347 -416 324 -302 472 
-54 177 -99 -142 -50 219 -45 86 275 -321 -90 315 17 28 -445 56 -487 153 40 -69 175 470 -347 -35 -245 -234 419 427 -71 55 -342 -236 -372 224 178 -346 5 -254 251 -292 458 253 25 -148 -405 241 -469 -72 -423 -311 -48 -472 -286 -118 283 -381 -253 204 72 -42 -304 195 373 -142 -290 -347 -426 316 -202 47 268 44 -136 47 -198 432 -53 430 -319 -32 67 152 466 164 -403 -126 338 498 -445 -291 -29 410 -279 482 -124 -99 1 282 -124 -270 
-77 -414 -140 -218 -312 -267 477 -398 -324 37 -71 -348 -192 317 -489 304 -316 115 64 116 -112 407 -11 412 375 60 -16 -305 344 -161 155 -63 -493 234 -336 262 153 -112 -435 69 -84 -89 -18 110 -343 -137 297 -435 367 -321 487 -355 486 329 282 -253 -445 480 292 -298 -391 -43 -241 134 208 271 96 483 -486 -2 -139 -306 331 305 328 130 -498 376 316 -276 -430 46 415 -90 119 412 287 355 -307 -300 180 34 -299 176 323 -324 213 378 356 100 
57 454 442 495 120 -120 235 156 262 349 340 -286 -255 104 438 394 -411 -498 -278 330 -249 84 -194 466 -445 -60 -241 72 244 -353 422 423 100 -448 -332 -354 9 -298 -246 287 -112 180 424 -379 -119 145 -74 236 -271 347 -413 -73 223 400 112 423 135 -397 261 -11 -450 -426 56 420 -8 496 178 478 258 244 -285 280 361 175 -98 -310 492 -130 29 231 405 -395 160 -448 134 -174 -181 -9 441 421 306 248 -85 61 -200 -287 113 396 -106 476 
-344 386 -269 -454 -306 -456 390 322 -373 384 -318 -170 -488 -162 6 -229 38 -57 430 -89 -500 -442 -349 -170 -347 417 -22 -417 -126 268 17 283 -474 413 196 155 -69 406 -212 74 -134 199 -402 141 -24 -484 -34 305 24 -261 231 -422 372 87 333 -132 -392 357 -306 -35 -281 32 32 -300 -280 16 286 -169 148 -217 273 -341 319 233 273 -71 -244 13 165 31 -291 -389 286 46 149 -17 -327 -345 157 3 -166 450 120 -481 -296 -319 -378 293 -45 -44 
452 -394 306 -53 -373 -190 -17 -388 -158 -390 8 -18 244 358 442 24 -48 129 272 -363 206 -118 66 288 -417 463 77 337 147 -250 -57 -434 -20 -289 -372 -38 -35 -338 -214 269 254 497 182 348 309 188 328 -123 -65 316 11 418 196 -72 -163 383 -356 -496 481 -63 -257 295 -233 356 -98 -160 262 -113 36 -75 -478 -370 45 -233 -345 475 117 -285 353 -372 282 237 53 -241 95 481 379 296 -128 189 -476 -96 386 245 -272 -326 417 -358 -488 60 
76 142 -190 86 296 419 -324 -135 411 -42 -292 -46 211 496 -156 -425 405 288 -299 244 -136 -27 94 -181 -414 324 -93 -471 -241 -328 -37 -25 -148 263 52 -319 124 361 -223 177 465 343 364 189 -31 -400 110 -60 159 -499 -403 99 252 214 365 419 383 -339 167 -420 189 391 481 284 -338 -356 431 117 -326 405 -232 225 85 -298 76 325 -167 -37 -144 82 -81 -322 -362 392 -304 178 -213 -404 348 -209 151 148 2 166 215 -208 335 47 -88 -249 
123 270 -258 -20 -391 275 376 7 113 -94 372 385 -218 -215 181 309 -112 38 95 399 -415 -345 285 208 -477 272 -407 464 232 -360 238 -402 -322 -418 75 -430 -95 -294 -418 -462 152 -343 227 392 373 194 361 -309 -446 -128 303 34 -272 -398 -226 389 109 -112 326 417 244 -4 -61 327 -420 -128 421 278 373 45 -211 -121 320 347 273 -201 -149 -318 96 37 448 -336 -291 -138 -59 386 -394 -20 149 100 404 -71 -205 98 320 265 100 -423 -283 -456 
-57 -249 -123 -357 22 16 -360 461 -98 432 83 -500 356 306 -112 401 -79 167 -449 -76 60 -100 102 431 -160 332 471 395 -461 42 181 -37 78 -314 -496 104 -307 -389 -257 387 -252 35 -197 -107 96 -406 -300 326 -103 -488 158 -179 294 188 -29 -489 -137 491 262 355 230 -483 313 287 -229 121 111 189 -202 -19 275 -256 140 487 -483 -318 -483 233 284 466 -374 393 -242 -73 332 -231 -152 -87 -119 -226 346 441 -462 158 -107 426 -454 -268 -80 483 
-165 -113 214 -146 360 191 266 -9 499 -170 62 -193 400 190 464 155 -313 353 -150 -462 444 -212 155 -395 -141 29 -17 444 461 -400 -66 225 332 -9 -185 196 222 -44 -125 -402 -46 -96 -263 494 39 -311 170 73 -96 -442 373 444 -371 -455 -97 453 -380 98 -75 -438 101 214 -62 312 -150 -135 -382 405 71 -4 -52 -60 -177 -126 291 -175 -103 80 -449 -94 -443 -93 98 -158 48 461 -415 249 279 240 344 157 -414 469 498 298 -22 -15 442 273 
-217 -67 -129 109 82 71 -11 254 -142 -37 63 -465 254 -168 -17 103 -158 363 -22 -85 326 237 146 -238 -436 -333 -41 391 341 -265 387 -254 -235 -206 -188 -147 -266 -272 379 395 337 340 -56 497 -367 -334 271 -248 -315 481 -360 25 281 -224 -482 67 218 -486 451 458 -410 403 -164 -71 -43 14 -282 -424 -183 -14 287 14 280 -378 212 -14 362 -345 484 471 -219 451 -90 -186 -304 453 -74 -81 258 124 -117 20 411 186 452 81 -172 433 319 340 
398 -107 -179 36 166 -373 -332 -148 142 -56 427 98 -135 317 -91 170 154 -234 122 319 -71 16 -55 255 -479 184 179 -381 380 296 127 -139 -425 401 372 -459 3 -424 -107 -399 -295 -409 183 -373 205 -472 -463 -363 271 123 134 425 4 117 110 -4 -335 407 244 115 144 257 434 -487 480 372 -388 -234 332 99 248 396 -187 -444 121 210 -402 -59 478 418 -308 -165 276 -446 -209 -241 -369 -265 -376 -232 154 299 186 374 313 325 273 -431 491 103 
223 232 -120 54 262 -294 -113 153 374 -184 196 370 93 123 139 174 126 -319 -459 -381 206 88 -304 54 99 113 -380 -17 148 -334 244 101 281 416 -289 51 -124 -185 411 -81 393 -177 -63 8 184 111 -402 -86 377 27 -343 450 253 94 -59 423 10 344 -11 -171 327 241 386 466 -362 499 449 -482 -489 -437 -98 128 47 35 -274 -500 -297 -169 -190 -442 445 348 -424 -313 -363 419 239 -397 -424 345 -162 -138 66 -222 -287 60 -39 -265 -419 242 
57 -463 -147 -446 260 -66 373 -326 421 221 209 44 -241 -399 -324 447 262 -399 223 -53 -14 -199 366 -265 -348 -332 303 -100 445 -215 375 -333 432 228 35 131 485 406 465 12 141 124 -484 468 283 151 116 -500 62 88 -195 -34 -40 -200 -448 -239 401 209 -487 160 -181 -285 -117 -107 -413 35 -497 -54 -291 -255 373 -347 -305 291 -272 84 -490 -233 -163 274 4 230 181 326 -250 -159 158 -96 -336 -396 -16 171 342 -2 -65 -325 -497 264 -407 244 
448 -350 249 393 -51 378 126 299 463 -376 -440 -145 85 285 -175 -151 137 -176 -274 -210 -180 -38 -363 419 -196 -487 144 427 193 125 -80 425 -251 226 26 -317 -203 -51 272 -322 -300 306 -210 -18 333 419 496 -486 436 59 -422 -302 280 300 -325 -453 -475 -454 -97 216 -299 -264 381 46 194 -13 418 -370 167 471 9 -58 308 -200 -190 53 -192 -300 232 457 491 262 -180 -437 487 -461 -419 354 360 -212 388 -232 103 120 158 -180 -109 -151 -80 -2 
17 321 462 -31 -96 -498 -313 119 -399 108 351 -32 -321 -448 339 -23 -85 -493 119 -205 -307 337 -445 464 -494 208 -292 -383 484 138 -191 208 337 -220 36 -210 -361 213 266 -109 -164 -477 455 495 -93 459 -200 189 69 -60 337 -17 437 -302 141 341 47 -165 -226 462 144 -417 143 336 147 35 417 -402 193 139 176 -267 -336 -264 427 -359 -386 -84 -347 103 486 479 -439 184 41 -220 -334 92 -104 -255 379 -463 -423 323 -240 114 -500 181 -426 -264 
-222 -106 -173 -332 271 442 428 167 -231 262 127 280 -268 -331 400 -177 482 -99 429 68 253 -415 -174 181 18 -100 281 -68 478 217 -245 -292 139 499 410 374 -127 243 -95 -11 -125 245 234 -62 408 -34 -255 480 268 -217 -489 274 350 -89 -299 -113 234 264 108 -166 196 51 492 172 -451 378 -104 184 -282 -353 -418 180 -37 16 -235 -52 143 -273 -235 -108 441 -444 -224 374 450 184 -130 307 -477 -229 424 -477 -200 495 -403 -57 -186 365 38 90 
84 68 468 -32 -403 135 294 -158 -402 220 -86 -48 -429 -246 -134 -315 -154 -228 481 247 -286 181 193 355 467 267 161 -9 272 -302 371 -262 280 -173 -151 -262 -127 -433 176 -196 466 -383 -75 -292 -238 320 208 182 -135 -53 -37 -330 168 -335 159 345 405 -6 -440 444 -209 21 210 430 -352 151 296 31 416 -317 -454 -323 471 -5 -187 366 -353 -398 7 497 -137 -110 26 -304 -223 -205 -149 163 -147 207 449 -414 -229 387 -347 127 -440 172 -340 -454 
383 261 323 -41 368 339 -125 288 392 353 251 -83 228 -313 -339 -400 -37 -446 -425 136 83 344 -235 -145 143 251 -423 443 420 -69 72 135 465 484 204 -195 -56 -459 -313 -9 -307 -267 -292 385 379 331 141 -186 -318 327 420 245 397 -253 -274 -152 368 478 -357 -349 -337 372 -54 -191 -120 -57 -331 25 16 397 108 149 -222 311 -71 -498 -233 -280 21 -73 419 -92 258 130 127 -331 -170 317 441 337 290 -322 -246 348 -23 -265 380 -366 -20 86 
432 -389 279 -406 406 58 245 -477 -127 -341 134 -317 190 497 -261 86 -362 265 -141 170 -115 -496 -259 109 190 -384 140 233 247 -41 177 112 74 -208 -381 310 -132 353 -231 361 210 -140 -401 -18 -456 -302 297 64 325 -402 -125 473 -243 62 -2 184 -498 -159 -307 -216 295 -272 86 -118 -148 456 -167 442 -15 -17 394 -415 323 -61 -188 -119 -440 -475 145 -328 -383 -364 219 446 -356 498 -153 -201 247 -407 174 22 -131 155 310 -168 -290 26 -97 288 
109 139 -205 418 -213 421 452 -406 -152 395 280 175 -29 256 -482 467 -336 -291 -147 -491 18 349 402 -261 -155 -138 236 55 -380 -171 94 304 125 417 430 -257 208 -265 480 489 -449 133 476 492 -123 239 -325 68 468 -5 362 -479 436 493 478 -118 -369 -124 31 297 -412 101 -48 100 449 -176 -466 97 224 218 137 93 342 -30 294 199 -146 272 -121 -61 235 63 -496 -298 156 313 -216 -445 165 -368 -356 -35 -349 -19 305 446 25 -231 127 -327 
-494 111 -54 87 425 -458 71 -471 457 -50 -404 -73 -322 26 186 -427 -138 5 -16 18 -83 -31 -197 118 -124 -482 261 264 333 69 10 321 -248 -435 -289 310 -465 -107 -72 372 267 -228 -423 34 41 406 101 312 270 -330 22 -314 -110 133 20 474 362 -335 211 -364 382 -54 -237 -453 -304 -367 -483 -245 -60 472 -234 272 -101 145 -149 418 97 126 -280 -246 127 318 124 134 -386 -222 -412 406 239 281 -175 -202 -289 30 -251 -486 99 276 -270 -426 
437 134 269 431 -2 383 -269 394 154 -480 297 389 212 -138 -202 88 154 -38 -420 -57 -331 132 56 143 392 357 111 41 -244 363 -2 73 356 143 -100 -294 243 -297 -191 432 48 327 -136 363 335 123 -170 436 104 149 -150 -228 -157 -110 138 219 28 367 -224 -399 492 -333 250 -284 -443 165 -94 -388 341 232 -40 160 148 -309 239 480 336 -173 292 216 -408 213 34 234 -13 134 -415 -267 -246 -90 448 326 165 -132 -303 122 433 277 311 318 
32 0 339 362 352 163 19 198 89 -392 -466 -372 274 429 -450 328 354 349 193 -455 233 238 -384 5 -339 -449 -171 66 -95 -43 -75 -349 86 -55 384 -23 93 -300 -420 -366 497 5 187 25 339 483 -403 -291 233 -76 40 -326 -337 12 -451 79 -99 210 420 480 430 94 337 93 305 -88 -189 101 332 -334 84 -441 494 464 166 -83 -493 463 154 -314 -61 158 485 293 -228 300 296 -351 -166 244 -477 454 -8 -20 -84 -216 -477 -349 -379 -14 
-437 -169 470 401 46 336 -335 -30 30 -133 -19 227 -178 253 167 -266 -181 -426 -311 471 443 -44 473 230 108 314 -185 -481 -396 -182 93 40 -189 370 460 244 152 -121 159 6 -311 -403 -378 -45 263 319 8 481 -407 -288 340 -42 -260 -441 -112 209 -173 204 -34 -252 444 -25 -210 -171 -370 -133 -442 -171 -161 257 406 6 -201 -39 399 151 -329 373 210 179 417 1 -357 178 -230 169 -335 -51 -273 160 84 -419 -30 -407 -445 74 109 308 48 -447 
167 -458 444 102 204 -324 418 -251 491 336 256 -373 144 132 -226 -144 -393 -190 -18 163 -81 100 -337 -220 140 46 -488 -349 -134 91 -4 467 228 -289 -407 -413 281 -139 -436 342 196 36 -88 -221 156 203 -312 372 359 413 300 -281 45 350 -20 -234 -56 -385 66 -407 51 14 248 283 143 -355 453 -91 -63 46 -495 177 292 209 224 -253 370 -281 123 -235 164 -187 360 -356 279 -360 94 -385 402 488 -96 92 343 286 433 365 67 134 -93 -329 
-389 163 -311 161 313 494 -482 -200 232 -412 -402 -271 190 -246 186 120 323 107 -157 61 -434 -240 -6 492 -43 -479 -40 -266 184 -125 118 -368 273 -447 346 -147 -171 440 404 361 -280 129 412 -389 -362 -118 81 484 415 294 -152 491 -479 431 -414 296 -366 -263 20 69 -291 468 -470 -290 424 -39 487 470 438 -500 -228 10 343 65 -352 420 -259 -245 -371 231 321 150 -489 -49 379 407 210 162 -350 361 -415 -295 -109 422 -130 -23 97 -458 -96 -115 
-230 32 -208 484 141 -477 168 -183 -240 -168 -301 12 339 32 13 142 287 -500 -322 -95 -189 225 408 -369 8 151 144 -339 -145 -147 170 -371 486 304 -82 -324 -314 40 -385 121 -10 481 437 -367 298 -300 320 422 422 431 82 496 453 -432 23 494 370 -24 -360 147 -207 -141 -359 -113 280 487 -118 -364 81 -442 414 307 -244 -24 272 58 -440 325 176 -194 -7 -177 -202 62 446 34 -254 -402 318 124 -71 -22 -462 -68 452 -499 -126 -341 -300 -433 
-42 423 -227 6 416 496 -85 406 15 479 109 -38 238 209 480 -113 188 -325 -326 -99 224 -274 -139 -150 246 -150 -479 -30 25 -194 -332 -168 485 391 -322 -495 357 129 357 -48 86 144 425 219 428 26 65 410 -390 -52 -314 19 492 -176 -431 -383 -392 -204 -455 447 -482 -183 363 -51 357 -378 -102 -253 -3 -134 -130 129 -270 -294 215 -443 -134 -381 -228 227 176 -284 440 223 -444 362 465 288 -158 361 6 -256 171 491 -356 -408 -198 -318 -16 333 
-211 -394 10 -475 430 -40 349 -383 -115 237 99 90 -122 249 377 443 -117 193 244 32 -301 -460 163 327 -166 -470 -350 -409 -420 -455 266 -481 213 153 -390 -116 203 103 478 -307 -152 37 -173 -91 241 223 -281 261 -30 74 -119 169 463 -263 59 321 385 -455 -196 -68 -21 -411 -143 218 -218 221 -213 107 -401 -257 34 -264 153 82 19 -254 321 -279 470 -81 345 -331 -365 179 -52 -240 -482 -496 -263 50 -194 -241 -177 -400 -349 -4 41 424 -60 250 
-305 -110 234 355 226 341 16 -175 -296 230 414 312 -431 -451 44 -304 497 -176 143 312 -168 468 -358 370 464 -231 323 81 -435 288 -254 -473 104 -36 70 -186 -476 -311 443 -479 -490 -354 116 -5 232 191 -74 -488 -13 -449 322 -162 -355 128 -425 222 -215 -305 329 352 -40 242 167 307 -35 -212 321 31 -461 -93 206 368 388 270 -77 176 -44 -21 383 -425 -174 -32 222 -170 179 265 152 -75 203 381 -93 347 -135 -378 443 116 -46 -406 -456 -415 
-210 -316 492 56 -481 -191 -36 -279 396 200 -203 -12 -47 -491 -210 -309 472 18 200 247 -337 238 76 260 -51 -328 98 -365 273 18 77 -292 -171 -387 -232 430 -385 377 148 152 236 52 -169 11 -163 14 -243 484 -409 435 -171 112 -357 83 -365 -60 -88 -462 -65 -297 -340 103 43 287 240 194 -216 494 -80 492 166 -355 192 -365 430 60 479 -271 -366 -75 -365 470 427 -399 153 139 167 -106 485 278 39 315 379 300 341 -130 -363 -166 -430 405 
208 82 489 37 12 -42 -181 -291 413 308 -288 387 -266 -19 -334 -50 -267 34 32 283 433 -150 -222 -380 230 463 -344 -344 -334 -153 438 478 -215 479 371 -183 474 -65 -494 -315 -299 -191 66 -100 50 -264 499 -448 454 -196 376 -72 -451 124 -202 -75 -458 -146 450 -495 4 449 -19 184 488 421 -154 132 387 386 279 -127 -60 -304 -450 149 -225 406 159 -43 -82 -109 124 301 -342 -127 29 -305 176 143 -30 -72 360 -232 74 150 -315 52 -270 -215 
-407 39 208 316 254 -158 -200 478 133 -431 160 -132 261 142 -19 -465 -383 -224 -319 -452 -477 403 242 98 472 -165 -129 161 277 -75 -381 235 -35 -473 -357 210 302 -477 234 -117 379 -290 300 149 148 -187 435 417 314 420 244 259 -494 115 74 -160 111 -414 -190 154 -305 -5 -107 -403 405 388 216 -90 272 425 49 20 -200 221 -345 -183 -226 -438 -244 391 -331 297 493 -239 -420 166 55 -363 80 -133 -392 227 -101 -372 -290 -356 -151 68 -158 -76 
-116 -364 226 199 -287 397 -416 45 -132 457 -8 -445 -369 -194 481 142 -269 -151 -445 -372 212 427 266 -369 385 -408 11 -197 263 -80 -287 -80 389 -346 -475 387 467 443 -273 165 -312 -28 -24 -332 183 252 -457 -353 474 -136 -273 -393 370 -77 62 -224 176 63 -482 159 -357 201 307 -279 -429 380 489 208 442 467 6 -337 26 -17 319 140 337 -154 296 -325 -141 316 -498 27 452 -82 -440 225 -172 -376 -266 452 19 75 381 303 -258 123 441 -58 
50 487 -378 181 202 -221 417 40 137 -295 -363 -216 465 -283 -405 -5 384 -119 -398 -301 428 264 -56 78 451 -387 -28 -196 -253 -400 486 -477 -268 424 59 -481 69 49 443 93 -340 -146 -255 -313 402 -14 -499 275 124 186 313 77 -404 377 213 91 28 -208 400 -486 -37 -70 -489 -456 -36 106 82 -368 12 -108 354 -319 11 222 81 253 312 448 498 287 -338 116 98 391 480 -237 388 201 -125 495 266 -120 298 -358 181 254 250 268 -263 -369 
-54 -189 -113 -159 329 -355 386 -492 368 -169 -358 108 18 -142 -357 -170 -238 -369 97 -229 144 -489 452 -493 189 -330 -54 -444 127 -449 352 -215 316 -281 -437 266 -218 -134 -318 -367 275 275 -227 470 244 -494 -83 -258 -347 -406 -249 -175 20 -464 122 154 -392 353 36 13 162 -498 -465 -482 101 -70 -321 306 -428 -467 274 -32 268 321 -489 -238 425 61 169 -372 -103 -328 -462 40 -281 172 -280 -263 54 438 461 -161 -46 -425 176 409 -189 168 318 -33 
-70 201 -253 6 113 -80 258 30 -327 429 -70 146 -230 291 432 -249 488 -74 -28 330 -439 77 14 -90 133 128 447 196 485 -437 343 -88 118 332 -33 398 110 427 197 -26 136 422 11 112 75 282 186 -53 -393 213 -116 160 -307 -171 267 -245 361 428 -201 -230 -306 -352 396 459 432 293 82 -49 88 -396 292 -48 -11 -240 -495 495 152 -115 333 276 385 354 -254 -387 -456 -340 -423 -442 330 -352 -33 182 -458 367 -96 -417 196 358 -479 -373 
406 -380 288 -21 442 68 -213 425 -133 -256 190 40 162 -425 127 231 -260 -59 79 163 -236 -136 -36 -363 -337 67 72 -85 -233 -294 -6 -453 -43 48 -288 -275 -267 -123 -488 183 -378 -89 -146 200 312 9 -122 -290 440 449 -311 68 418 63 88 496 221 -498 -111 -257 -466 424 492 -14 165 -131 -128 -485 134 -375 -383 209 346 -158 202 369 237 -304 130 -96 331 368 108 427 78 134 -84 277 -86 -167 121 9 -85 -496 289 376 -18 471 -144 332 
-53 -344 320 100 -498 402 -105 -179 373 -419 297 -176 -366 289 -187 51 -437 -124 306 -346 -31 -374 321 315 360 -156 -62 305 -105 -354 -464 -183 -496 221 120 -392 83 -141 372 482 186 -484 74 -364 99 207 67 406 -279 -10 399 457 145 -146 -181 -84 352 251 274 -483 -78 -405 -438 262 170 476 -202 -359 -385 -110 -144 -62 173 260 437 -339 10 -475 -89 -382 433 88 -385 -327 -267 -104 -272 -276 403 435 415 -86 -391 -78 368 -379 342 483 415 264 
152 -423 350 429 -138 475 -358 380 181 52 170 464 -391 -315 -344 445 -446 -462 -59 309 58 13 -243 -449 36 -360 168 -499 445 212 314 -303 282 409 -361 -150 -186 -266 228 426 -45 3 447 380 192 202 -493 72 -39 -28 133 -106 -108 -491 -21 -358 -186 167 -44 165 -61 -463 121 319 124 281 287 -243 -381 -488 15 -408 210 0 129 460 156 -31 433 9 -163 -206 -238 361 -489 353 43 -444 84 328 -489 -466 312 241 -261 -338 327 493 -358 357 
-100 194 103 -176 352 69 383 450 -494 220 -21 -132 -401 10 64 247 -446 -119 188 -180 -479 353 389 184 86 12 357 416 71 -247 -167 -484 310 67 -126 227 321 -354 158 -244 279 95 -27 416 193 30 57 -253 -310 336 -61 115 327 -122 -70 349 -187 442 442 427 70 174 -232 -245 -466 328 -8 61 -414 -431 182 438 -458 -358 -477 -422 95 -330 -456 -291 -380 -134 98 278 239 -52 253 -85 75 32 -257 -302 -433 276 138 254 289 78 401 -259 
149 86 -32 213 394 -185 20 434 317 153 103 -360 74 -474 -248 305 -476 12 262 430 487 189 291 386 336 -14 415 -154 321 326 328 -160 -458 -152 -193 456 -34 473 134 221 397 109 99 -297 -184 278 265 347 -21 -74 -362 95 -304 226 397 -194 -317 -365 -147 21 409 -14 279 87 -171 -85 -226 194 418 381 -182 331 408 -427 -325 -285 -360 -12 288 -291 -66 -49 -154 -234 377 362 -345 430 445 -39 485 -74 363 -122 42 368 -395 -248 -278 114 
-57 212 306 313 -49 -13 -245 152 372 431 -253 -145 250 -245 130 -42 240 -279 -61 -115 -9 111 128 365 24 -270 -312 -278 -4 230 287 -442 -234 -455 113 -127 162 197 47 145 -132 287 -146 405 318 414 -481 -158 23 335 404 -47 220 -366 378 -204 264 173 -434 349 -340 -373 -112 -475 140 -137 34 -128 -295 460 37 480 16 141 100 134 62 407 -182 243 498 143 488 -425 -436 488 -386 335 -12 -251 310 -399 -215 -373 -279 -331 354 -442 147 329 
-223 434 -4 -397 -265 486 257 -26 -65 -378 -381 -356 466 -13 -93 -153 -16 37 -6 -246 128 -99 -168 -12 91 319 -232 300 -277 -73 -190 417 106 187 -29 -388 -24 -279 379 13 -76 353 290 184 -238 -381 -338 21 -26 50 461 481 -347 -17 326 178 -171 200 -211 385 -402 173 -336 466 -50 192 -204 264 -279 151 -197 496 -455 298 -16 -342 248 -305 34 -495 -442 -296 -266 -401 -442 251 270 -9 -217 172 327 -451 358 407 -370 -37 101 327 82 -28 
-18 -13 144 -178 -153 -437 -367 -481 -178 -223 -418 -136 293 -421 319 -151 -127 -129 420 408 265 -455 -296 70 414 -358 -90 -448 -121 -122 223 -198 -197 346 299 -450 408 -340 -48 -128 409 334 152 -181 265 -333 498 -371 -342 -88 -187 -437 120 34 25 -115 210 -197 -12 30 138 -463 395 482 261 251 448 392 340 -493 435 483 -31 -257 -133 247 93 360 338 -9 3 352 -229 -253 -274 -241 178 -415 219 -283 -372 354 261 402 -447 391 462 -366 52 218 
283 430 360 -228 491 283 132 182 -73 460 -314 -356 31 74 -107 408 -11 249 -172 418 -54 119 -123 -366 163 -23 435 -433 -457 330 -149 53 412 158 -215 -186 -5 144 -366 -187 448 174 170 -46 -105 -133 62 150 347 436 424 290 -73 -351 63 140 292 171 -439 -297 -327 81 -132 79 431 -172 -452 343 -466 418 342 486 -133 116 200 -58 -220 426 441 -268 -228 -337 196 -240 -269 -145 -207 294 -375 303 229 150 55 -463 407 -366 -425 -16 270 -253 
190 107 -496 -296 -72 305 -35 287 -98 354 474 71 -236 -326 156 47 -44 191 -42 -323 -329 94 -478 -86 -82 252 54 213 -389 -424 352 72 79 117 -348 124 -94 168 438 322 -491 159 -112 240 356 -378 94 23 233 15 -272 26 470 -326 301 -344 -474 -313 -326 466 -163 -42 -22 19 346 260 -404 -438 -393 -463 372 39 -120 254 -311 466 111 66 -415 218 222 -406 -443 233 -406 -421 211 -304 173 209 416 200 82 -107 111 -55 167 255 430 -11 
368 -350 302 83 323 -40 167 136 124 -28 -16 -183 -384 100 178 348 146 -251 -323 8 185 93 -292 378 -292 -451 496 -135 -247 -272 -471 -469 56 152 -457 -241 180 -496 -111 -209 23 -290 426 -337 139 -390 -395 -424 -241 -467 -95 224 -82 -481 262 121 -395 -499 -339 449 340 210 -453 472 73 94 192 24 -177 20 -292 127 -37 58 -171 254 -453 111 135 279 -400 -315 -118 -369 -240 -428 67 -298 198 -271 -86 24 202 140 421 253 349 -66 127 495 
-344 -454 -245 -1 -366 200 -110 -255 -375 492 346 -26 363 366 378 172 130 245 397 -445 440 -380 343 -429 -361 -140 370 468 345 -466 8 444 114 28 444 416 255 -274 91 -55 192 -448 96 335 278 142 -58 447 480 437 -194 266 -183 -32 -182 -271 -15 -379 -107 -130 56 166 276 -202 -337 318 470 -454 -421 -367 -308 324 96 -8 -476 192 104 -15 -94 -287 290 -48 129 -418 345 -29 -8 -205 -396 -420 -230 368 6 -496 152 141 -200 174 -193 -290 
-113 322 -265 2 216 423 53 -467 130 276 382 -119 73 -498 482 402 -426 236 297 -281 -108 -200 63 25 251 -369 -361 -286 53 260 -287 388 -6 -397 43 -239 466 360 383 -499 178 -201 264 -479 374 -295 264 -217 -418 -225 -53 110 276 249 115 64 377 36 -478 414 -17 147 -273 213 243 -308 221 36 -213 227 -500 393 -400 -254 227 -143 -232 83 152 -62 -21 6 -62 230 215 -198 -450 -139 -495 -387 367 -206 180 312 -332 -22 -488 208 -344 -81 
153 350 -332 -334 282 -284 -272 -230 -139 67 108 238 -91 -248 47 0 197 242 274 -50 282 -337 -480 62 267 137 -363 -369 208 180 -485 158 -431 -34 433 -69 -362 -289 3 -202 293 -7 373 206 43 246 -170 -3 -256 255 474 20 -109 -106 110 85 -102 -88 16 273 269 42 -254 158 72 213 -378 -45 -385 143 72 135 -269 103 469 -474 -414 124 -372 453 407 437 -383 -82 43 419 46 385 -244 -168 468 167 166 -366 78 -20 -270 141 344 -336 
-310 -171 -265 -371 -123 -454 201 35 274 429 -440 257 -229 286 454 -355 -19 -242 19 138 -441 0 -62 -272 -101 202 23 340 -360 -298 -11 137 -127 -10 -427 -213 461 378 -347 -272 374 -390 -472 -46 448 210 13 361 481 -163 -500 180 54 423 -348 -472 2 398 -127 -388 -66 -245 229 -389 -296 257 -51 -228 248 -441 193 -245 -317 -476 216 -254 86 -478 -392 379 -152 -12 -256 0 19 16 116 297 -463 282 -298 -174 -228 67 15 478 254 -335 6 403 
31 -44 467 424 -469 432 87 490 361 440 -169 171 -80 -50 -217 -254 263 -401 120 -81 101 318 364 -333 348 310 -419 289 126 -345 -330 153 -365 344 405 197 -221 2 386 -299 -19 89 -444 363 64 -133 435 221 -371 -101 -268 435 -181 379 495 477 -115 61 442 -253 455 75 -354 154 -83 402 217 -306 -181 309 141 -452 -314 -498 -60 -260 180 291 295 -117 -12 -451 304 44 348 -259 -488 255 -362 -193 394 -285 -95 179 423 194 -234 -284 394 -310 
-427 -166 158 -142 246 -384 418 241 -300 179 -257 -151 244 88 467 98 -122 88 -385 -345 -106 -63 -485 210 -327 -372 269 -284 100 -220 -291 118 495 464 28 113 464 274 -291 -38 -414 -106 -63 -110 331 -37 136 109 128 -489 -218 -12 -30 -251 163 407 486 489 234 -180 -130 -9 217 65 -427 491 120 453 173 227 -189 155 330 206 -182 433 217 -476 -496 -259 349 -494 -226 221 215 445 -22 -364 -395 234 149 262 58 -346 252 -224 321 -384 -413 -327 
237 132 7 229 -42 291 109 -436 -103 30 47 -181 325 -25 135 -22 10 137 -118 383 -181 -257 -372 454 -324 -19 430 -348 -211 -56 360 223 -447 -448 -144 -252 25 -268 311 23 401 -355 -477 319 368 227 187 -463 -235 -161 76 292 449 300 63 465 -231 89 -349 249 -444 -13 154 212 46 -46 203 433 -381 -483 -290 205 -211 440 -31 378 323 -23 35 -165 -77 473 44 161 349 -402 -370 20 411 2 91 280 -267 -337 465 404 -324 -285 172 162 
358 40 372 166 151 391 -294 287 -432 347 -435 463 -41 -131 -448 -55 -98 -265 286 -500 -289 -350 212 -385 -40 296 -431 219 431 117 168 -33 392 103 143 -388 -390 381 334 492 9 -135 445 -330 377 -240 -355 -243 24 214 -233 -57 -195 -131 -245 280 412 -382 -476 -268 333 346 -123 39 401 -87 -349 -89 319 201 -264 -401 85 463 122 361 -286 -212 -350 -137 161 -54 -408 41 -137 400 -257 456 -208 -234 169 -322 434 496 268 -276 -402 84 307 84 
464 -455 74 367 -233 482 -173 96 -463 499 177 -311 291 248 62 145 86 -106 479 482 337 282 124 444 -183 -431 -409 -477 -273 -365 300 -192 260 15 -207 -289 -446 -331 -429 93 445 348 116 -186 -76 -158 258 261 -295 -95 -450 -149 -187 115 -209 77 -404 471 375 96 61 -8 -398 419 -46 120 -381 -294 480 177 145 224 69 -307 -364 -24 99 -142 43 51 -18 -106 -179 215 -482 -377 353 276 -83 13 433 257 407 -12 -33 -94 -174 273 -441 -421 
109 -437 124 19 69 -200 192 66 387 -169 59 -166 213 229 440 381 282 -434 -225 401 -43 -84 -143 -24 101 -139 -71 -84 185 -205 -99 -284 -465 -207 -139 -336 139 -157 -484 134 -107 -297 -267 -415 -278 183 -164 311 464 113 -200 465 -76 -195 22 381 13 256 -196 -248 371 -87 216 -343 385 238 494 1 1 -102 -377 385 249 -178 271 -66 -133 -64 -281 126 -42 -161 -44 137 59 210 -417 -244 -458 224 -312 374 -242 -240 353 100 -184 -324 -62 -472 
413 -50 -190 181 -379 -59 -341 170 35 -426 81 99 186 -277 -448 -255 -369 -430 477 -460 -381 223 461 397 -251 375 445 -100 -483 291 -106 400 158 -108 -347 39 -295 221 -332 235 -355 90 194 -335 102 154 -325 272 -58 229 -78 330 -294 115 -220 92 -221 -296 -94 65 -293 -327 -160 428 57 -482 12 -365 -270 230 -154 -270 148 383 -387 409 193 -76 196 355 327 437 418 -124 -204 170 88 388 314 -401 429 -237 139 -182 37 79 -44 -466 27 -203 
455 -61 -474 -90 26 257 172 78 474 232 -232 291 149 351 -256 88 415 65 -395 -131 -150 -183 -9 316 94 129 -472 475 -263 -452 118 -487 169 -272 -181 -311 -209 423 -11 -428 494 -315 -178 30 -196 32 -37 31 -383 -118 336 -225 -82 24 -151 202 387 415 136 397 310 77 -12 -75 -306 382 -380 -366 -12 -500 460 -53 332 295 -427 181 -281 451 417 -75 -10 109 63 3 76 -211 -460 57 361 -110 467 280 -381 -458 -380 333 383 94 -396 -29 
192 10 264 417 -400 479 16 7 352 483 -268 148 -346 -358 355 106 -85 -411 -114 -329 -106 176 -95 216 -363 273 280 191 120 460 227 -420 10 384 363 350 438 62 -72 428 193 -92 -189 233 256 -220 -444 294 58 -192 -15 -7 393 301 -382 -46 369 -497 -486 112 320 485 -274 0 80 -42 -3 274 -480 274 -133 22 -237 415 -157 -131 -22 232 -205 431 159 -265 222 126 -203 -301 -446 -102 -148 373 148 -136 -70 -421 120 423 70 -26 -311 -131 
50 -246 171 19 -386 -402 295 -97 -467 111 -18 39 -98 -435 258 330 -425 209 444 110 153 -69 292 369 428 -440 210 -301 -318 -419 243 -26 -236 -457 -38 311 328 -44 -84 338 164 -64 -192 297 4 400 39 22 -271 77 -201 305 372 129 336 -291 -178 -350 -423 335 -352 -167 -256 -418 -71 92 141 440 -479 -103 -262 330 -356 -365 -257 39 211 248 -211 -227 -209 -42 -90 -143 -362 -172 -49 120 -346 477 -418 492 -271 -307 -441 -154 342 256 390 -390 
-162 -266 71 196 282 -462 42 -245 302 24 18 313 -174 -92 -149 -204 113 -206 88 -5 -7 78 371 -9 -280 27 335 71 333 297 174 -323 -44 -316 -491 405 -88 385 -261 -408 87 -452 -488 -473 427 394 476 -192 -11 -302 -18 -117 444 -105 -132 304 447 -390 2 -279 -237 -116 -262 156 -417 -126 -74 -414 -96 320 -350 352 407 -454 341 455 -279 287 423 234 490 119 148 490 140 -226 -221 -436 -234 120 -231 415 24 90 109 217 460 335 477 -479 
158 -105 371 496 135 -347 -144 296 366 -136 107 73 -128 -458 382 -324 -253 -29 -409 -442 -434 145 128 -71 38 396 94 -314 356 4 -400 151 105 66 280 138 174 406 -310 403 -449 -191 -271 -20 420 357 -240 461 461 145 -425 -271 -235 177 -148 194 261 -310 283 46 73 -274 12 -429 -295 197 -462 51 458 253 -245 286 -5 213 266 265 453 -139 -357 17 10 364 -221 177 313 -387 -6 299 -324 265 46 435 446 251 -288 33 454 59 84 -338 
-46 -456 246 -388 -51 -429 480 -105 319 258 -331 -325 -348 99 36 -341 194 -240 -110 488 -197 -180 -465 -350 338 236 -18 -54 376 -174 -359 55 -340 -463 -361 202 197 -213 -86 494 398 -342 -240 -78 179 231 -43 -413 419 -171 157 162 -313 460 -318 141 -355 242 382 -125 25 82 -288 -29 -397 398 -309 37 51 168 -109 341 102 76 118 401 -89 45 -64 28 33 -63 -309 -122 -90 -301 203 15 294 -260 -243 -459 491 -186 -419 -193 -156 196 440 250 
357 430 -484 372 -127 434 228 -90 -298 232 149 -291 111 107 -327 349 -419 453 -409 38 244 104 229 -180 391 418 314 -384 473 -92 206 133 491 -305 -326 179 186 -438 -148 405 -64 -110 -449 10 -241 269 -438 444 342 48 123 -371 483 -384 205 -253 -126 -306 -242 106 -387 417 -410 133 360 490 33 10 -455 193 39 -2 -473 -476 -119 -31 117 261 99 188 367 214 -142 -136 33 463 372 -490 -378 -150 -459 -356 418 -486 474 -145 404 -251 41 -230 
487 -32 115 -44 -77 43 -343 279 352 -177 307 -235 359 88 -365 476 -54 -260 -303 456 -153 -500 72 251 72 -108 21 58 -409 -188 -71 20 -421 434 -311 -296 100 -235 179 290 -334 -395 491 -489 -445 214 74 -145 305 447 430 88 293 -338 -457 -395 -209 155 -324 -341 424 425 -293 -24 420 46 -349 -179 -431 413 -472 9 290 163 236 -79 -280 -460 -424 45 224 491 101 62 233 -236 -76 41 -177 -191 164 -271 -65 -259 167 -488 -359 162 172 44 
369 114 -433 96 487 -44 407 -353 155 423 325 -253 -151 -317 -478 195 474 -363 -30 -452 446 270 493 498 -313 319 -117 158 -97 48 -296 267 73 406 -59 -128 -448 352 153 494 -314 -376 284 320 358 -256 -214 458 352 -480 214 -226 -30 -142 -49 352 -224 123 209 99 -102 -124 -19 -462 -218 230 73 311 -191 -375 -97 426 -324 312 199 -223 -42 297 267 -24 -262 58 -27 21 -263 -201 107 -170 -172 -474 282 177 350 -274 18 62 130 -68 170 44 
-385 -44 366 -438 16 62 -403 -212 -112 -124 -379 34 29 302 343 249 118 228 -187 -369 -1 305 19 -110 15 -419 111 202 284 269 219 359 359 429 -465 178 129 -147 -215 -320 421 -83 -215 72 157 -291 202 74 -484 182 200 -392 -20 -357 118 394 -322 332 -163 474 -60 399 -9 198 459 39 -319 -294 -30 73 -147 436 -143 -235 -24 -315 -416 142 210 -234 368 -392 -318 -229 -10 130 59 499 158 -224 56 -446 325 -110 33 163 366 -318 360 -266 
24 -485 -330 -306 -470 -331 -305 -374 304 -128 -192 254 138 358 -47 287 -221 -236 103 -328 303 -383 -94 271 198 -285 -321 -492 -439 165 406 6 307 378 -111 -251 -195 -213 -280 -197 -159 -426 217 122 325 189 -10 478 -369 -54 293 36 -7 465 -190 -389 -150 252 40 147 -441 198 -65 424 369 269 -58 -446 76 181 115 281 251 330 440 -389 456 -234 49 -177 360 486 451 370 140 -165 469 -281 102 288 10 -352 -98 399 345 43 288 199 44 -285 
-228 -180 222 280 121 -370 263 -383 92 -341 -332 -43 310 -402 182 112 -313 149 -133 -108 308 13 264 235 166 291 316 77 -325 -414 189 497 351 -421 -335 178 -430 368 251 -306 -176 346 -332 -329 357 -96 -127 351 -393 -264 269 -414 350 26 259 -209 -42 305 -193 -105 -328 256 155 -180 301 240 350 -491 247 -156 -250 50 274 209 149 -87 -91 432 -309 -162 -95 -169 221 413 -356 331 232 -149 -84 -223 61 23 -48 437 499 260 144 491 464 -38 
333 -233 -111 -449 95 -463 492 -214 -95 -385 -416 -23 -382 -427 -449 141 138 338 202 -389 -291 -52 -402 143 -281 -231 -439 49 431 -75 475 383 -459 250 -423 -281 -28 -474 363 -450 -185 293 282 -173 -186 11 368 -307 308 -136 -32 -81 37 -31 225 94 -291 293 460 77 -253 42 131 -226 113 -188 -495 -268 -378 279 -296 -378 -361 -287 295 107 -410 98 60 150 164 131 113 283 -367 -108 25 -132 189 459 98 -110 -295 250 464 293 -175 380 144 424 
-209 -198 -258 -426 -89 -473 -83 189 78 -307 299 -252 246 -230 -1 -137 258 -319 365 -382 -44 124 159 -313 -49 -139 -214 256 -18 286 -251 285 259 11 -16 136 -306 -206 220 104 439 -438 38 -119 -375 -185 -231 479 -292 202 -107 -351 341 -452 106 328 162 94 -311 134 422 268 353 463 -165 -275 218 191 -417 -20 60 -464 -134 378 -489 97 -95 -293 348 -394 -192 229 -462 426 203 400 185 325 47 75 47 -448 -487 471 -227 -241 360 -328 -486 -219 
-296 -45 72 -171 -418 -282 231 102 219 296 444 375 413 442 -489 -433 -65 -245 422 -151 345 -166 16 296 154 446 -396 -366 -294 485 223 104 -285 -3 -327 -21 -158 67 -4 -243 232 -165 -457 -428 414 427 301 -152 459 93 -375 -273 -173 309 34 305 -224 151 226 203 -223 -297 -24 -486 -196 -209 63 -357 -68 -183 -117 80 142 -16 -85 -357 -273 -323 -317 201 231 301 384 441 294 345 -183 -326 343 -51 -203 237 -491 -229 -312 -480 -308 425 221 130 
172 264 250 246 -325 -190 -392 -314 305 -411 -289 -285 235 -327 68 130 -420 -309 365 -345 346 -391 258 165 -134 42 -448 -211 -371 397 -93 407 -92 -388 -263 -417 92 -214 455 457 129 470 -282 -368 -11 -92 -171 -410 -451 5 -41 -342 -189 308 332 71 -154 -227 45 143 399 -392 -336 99 -478 -30 266 -420 182 -208 69 370 211 -470 323 355 -460 111 -399 271 98 -151 160 247 293 -372 -479 -305 478 129 -77 -439 314 369 -184 484 425 354 38 -121 
50 28 23 45
221 210 241 100
12 26 80 66
84 26 100 28
5 77 73 100
97 14 97 58
33 2 96 28
47 30 80 43
14 34 47 86
63 5 70 92
283 72 38 71
66 54 76 100
111 96 206 65
72 12 2 26
1 52 61 64
11 29 36 82
1 131 116 11
79 48 43 26
163 219 40 81
273 112 144 8
221 238 143 253
79 26 83 90
71 42 80 51
124 106 273 208
74 42 94 77
70 94 25 61
96 86 97 93
77 3 90 60
32 100 32 100
43 51 99 29
50 57 76 81
24 79 38 46
45 86 82 86
9 86 23 93
83 72 93 97
50 73 89 94
247 36 30 165
300 185 230 240
50 24 72 95
41 65 239 266
74 98 90 8
80 49 37 27
73 81 88 88
12 36 99 45
18 36 39 95
21 91 92 93
23 83 68 100
92 10 99 51
144 78 286 84
94 60 238 73
26 16 76 64
156 242 254 11
92 46 67 1
93 8 24 278
98 72 100 82
13 1 46 53
218 223 269 297
99 27 100 97
71 40 19 18
46 95 57 95
51 70 68 92
35 69 67 72
40 77 100 98
53 18 96 38
286 55 17 100
36 99 43 100
57 14 77 22
202 115 186 132
7 41 97 55
12 51 25 65
13 88 15 95
90 38 95 69
33 66 41 77
107 21 175 152
63 93 63 96
63 9 99 62
