100 1000 67
89 42 -5
97 33 959
55 84 102
51 78 935
66 75 636
58 0 777
27 21 659
53 62 985
83 97 970
43 19 211
97 7 429
27 31 650
20 13 901
28 84 451
0 70 353
97 96 79
65 71 580
33 52 837
53 26 115
68 31 722
7 55 8
68 79 757
56 59 43
51 15 800
76 33 936
44 97 790
52 8 431
22 31 643
5 51 774
62 94 802
83 45 387
3 39 693
84 24 165
50 16 504
74 82 26
63 7 530
22 16 258
31 29 597
56 95 254
0 2 899
98 26 230
28 51 759
60 20 822
35 11 131
89 97 447
93 80 222
72 43 576
54 26 273
8 76 599
42 40 599
59 58 899
29 2 -9
26 0 490
54 57 433
58 24 20
19 35 368
6 55 119
4 37 201
13 86 919
62 21 638
45 34 563
88 15 45
32 40 639
2 99 496
59 47 506
8 3 -10
33 19 91
90 61 711
64 23 996
88 86 406
63 50 166
39 20 11
69 14 804
62 25 678
84 5 718
71 99 131
83 29 91
40 43 613
11 99 184
57 16 644
19 81 715
40 49 233
18 32 612
86 62 327
26 57 496
60 58 974
34 12 548
28 21 905
15 4 -3
76 64 138
98 5 959
95 36 568
50 48 320
36 50 823
78 69 268
39 3 878
74 58 341
3 89 679
74 42 613
7 27 954
67 82 -9
22 62 479
62 80 71
98 17 734
1 99 94
1 98 325
74 56 155
94 31 875
82 4 773
38 27 75
95 45 724
96 37 175
40 37 839
93 63 437
12 59 -8
47 24 6
10 36 91
74 31 114
15 39 386
51 48 839
93 30 932
74 3 653
45 49 34
62 69 65
40 46 800
59 13 407
83 14 212
94 0 71
61 67 365
83 50 588
41 74 -8
50 17 104
75 93 289
35 18 832
14 50 476
0 90 488
12 61 693
32 42 636
37 5 367
38 4 -9
61 76 607
19 31 865
30 61 632
93 24 520
94 19 792
43 70 918
45 64 242
57 33 931
75 55 608
17 93 -6
76 45 20
12 28 -10
26 15 861
42 72 423
36 13 438
7 16 666
9 23 230
69 68 890
21 62 983
97 63 360
24 61 669
64 74 402
37 21 811
1 56 436
3 48 499
35 89 242
18 7 602
31 98 204
62 32 190
36 73 222
48 91 159
32 65 957
48 55 792
53 64 496
36 1 366
76 3 934
30 90 170
76 54 621
80 69 899
46 52 348
24 47 -5
52 93 315
36 91 581
85 93 188
54 18 627
1 14 646
90 44 307
0 57 58
7 69 -4
35 32 243
21 61 166
98 93 426
60 1 764
93 35 175
67 83 774
31 27 188
87 83 977
88 66 413
44 74 330
18 91 365
1 90 74
19 87 104
74 46 386
48 74 245
3 56 681
84 33 211
65 66 70
89 73 130
89 45 372
89 56 972
29 69 104
59 32 109
74 6 48
69 76 456
39 36 425
84 86 -8
17 57 291
66 90 632
79 82 384
98 64 19
32 43 715
75 26 -5
57 30 386
61 52 919
70 71 437
70 32 656
9 1 3
22 90 464
99 29 704
63 46 430
85 36 920
38 86 364
88 93 887
54 89 496
21 38 971
34 86 23
30 58 285
0 7 45
91 48 292
57 52 421
3 25 803
54 73 588
89 31 54
92 57 69
5 19 803
36 86 569
56 68 68
79 35 455
25 97 178
81 63 559
67 51 216
22 99 248
90 2 655
26 6 955
33 53 104
68 91 779
36 27 149
47 73 289
41 75 811
0 45 771
60 80 365
92 81 45
35 20 640
26 41 377
55 37 812
56 71 881
89 47 960
35 4 974
99 55 747
83 62 779
83 81 543
92 6 113
37 4 300
82 43 605
97 37 262
74 24 380
50 72 725
55 64 135
71 53 61
99 58 489
44 75 781
47 23 497
92 31 214
17 37 -7
98 67 185
43 42 649
91 65 598
84 85 937
66 72 416
29 55 119
16 55 688
53 57 80
97 72 277
28 19 216
18 77 215
8 42 649
13 60 28
49 53 403
8 52 536
84 92 71
1 22 571
5 22 341
41 80 434
6 62 597
86 49 804
72 96 706
6 91 174
85 40 -4
18 84 823
87 68 806
92 7 256
67 0 306
60 4 958
75 47 563
62 77 230
81 42 473
33 31 876
36 63 76
87 26 213
99 61 219
31 44 960
3 82 26
0 16 196
95 42 769
69 89 159
70 45 270
40 22 102
14 65 924
11 78 308
56 55 31
94 93 652
42 53 999
38 66 69
49 99 404
97 84 861
11 10 76
70 39 791
98 96 557
33 26 564
41 15 748
78 5 987
15 3 632
22 67 967
79 86 918
88 91 377
92 73 547
75 41 299
62 78 319
85 57 991
24 69 851
67 12 300
97 28 775
89 29 488
67 8 126
30 56 836
85 24 910
72 94 835
96 62 184
65 81 515
76 58 548
99 63 1
55 24 210
56 76 345
80 20 900
27 15 447
15 66 279
29 8 947
50 70 212
54 85 694
14 53 301
77 35 377
21 52 272
0 33 522
43 76 845
45 2 96
61 71 538
62 82 399
86 93 626
34 25 401
53 52 380
82 12 388
71 41 400
81 73 357
80 28 870
9 35 626
66 54 417
94 95 -7
75 83 664
93 98 268
78 49 912
99 44 588
87 89 348
85 89 119
49 50 563
47 29 279
12 35 767
54 47 58
76 14 109
93 86 274
98 6 284
22 15 914
1 6 345
39 92 989
87 27 264
13 78 203
78 76 88
72 85 711
74 13 850
37 15 -4
93 81 244
47 96 106
13 42 552
49 93 337
72 82 959
51 91 167
85 62 911
80 2 913
23 7 41
95 30 643
6 63 305
47 50 51
2 91 101
82 71 347
54 12 756
13 65 556
59 99 961
63 83 46
19 99 937
56 5 823
81 46 757
90 51 628
87 66 80
64 20 471
10 69 102
34 72 309
53 11 253
25 49 863
68 99 148
33 94 105
86 65 852
79 13 716
84 91 389
2 52 778
57 29 297
6 58 164
32 3 230
16 65 351
98 0 293
71 67 434
6 77 284
69 15 948
56 67 17
71 85 273
90 70 855
42 45 24
32 68 523
11 61 625
18 44 154
92 64 450
33 80 861
82 87 766
66 78 -7
38 26 98
17 58 379
6 81 438
24 78 401
9 77 46
94 2 702
81 74 714
77 8 45
86 42 831
91 96 555
15 88 461
76 0 530
3 38 976
33 75 892
88 13 105
81 36 592
17 19 783
80 87 500
47 97 706
30 24 769
94 56 105
93 1 37
71 72 622
35 30 749
62 31 74
49 48 356
15 52 173
56 85 207
3 1 333
97 34 568
24 89 192
58 93 916
65 73 485
50 51 352
70 21 58
20 1 816
90 46 719
4 81 548
68 87 390
25 77 114
99 83 787
41 88 420
53 17 562
96 73 91
21 86 485
64 0 798
97 65 924
56 46 791
29 59 109
63 13 113
27 89 328
96 61 219
83 38 107
65 61 376
94 66 354
59 73 6
27 0 398
63 75 888
21 69 899
28 12 738
52 9 943
31 94 562
80 3 234
61 51 712
73 40 -8
39 9 954
11 90 298
15 67 175
99 88 21
43 55 446
48 6 454
58 17 855
29 60 -6
41 19 179
17 94 839
67 16 15
30 31 70
12 68 750
1 21 179
31 75 -5
47 48 12
21 51 696
84 37 714
92 69 298
3 11 338
92 26 283
49 72 465
78 55 252
65 12 326
4 75 780
80 15 893
58 65 750
29 67 129
97 41 263
38 34 981
49 18 889
54 50 108
88 80 114
18 72 801
1 42 471
19 84 750
56 91 732
79 56 692
58 84 614
20 28 597
3 32 125
55 30 24
39 86 239
4 69 545
98 43 810
34 87 419
49 81 752
37 18 743
17 85 213
19 9 631
48 26 29
82 98 587
13 53 375
63 47 234
37 88 905
68 56 249
0 48 209
67 66 238
38 94 733
27 94 143
56 13 230
23 5 91
52 80 679
2 20 187
80 53 498
95 68 577
41 2 555
41 32 959
22 89 500
66 21 266
26 11 134
97 78 304
50 86 115
60 30 72
55 5 714
21 48 706
78 41 3
78 86 854
41 12 89
73 69 123
16 13 165
51 4 605
88 62 477
93 97 550
56 62 470
21 8 721
69 66 939
41 8 537
6 67 -7
93 96 759
94 51 72
55 92 942
24 19 329
50 18 557
6 10 268
98 48 630
28 26 791
29 72 359
94 7 530
20 54 262
90 37 202
62 84 800
63 57 -10
10 42 202
74 25 274
16 54 886
77 78 140
93 17 816
32 21 677
56 74 398
15 25 445
98 19 997
12 29 163
34 32 973
3 62 152
10 73 750
71 87 517
23 98 462
14 76 659
83 68 588
34 84 382
18 40 985
97 3 858
12 63 783
41 28 803
37 0 960
51 3 753
39 79 938
64 17 792
98 53 117
99 66 514
97 79 959
98 87 605
20 83 261
39 56 989
29 89 902
88 77 207
30 13 551
57 42 528
12 87 676
3 78 633
91 0 812
54 36 132
79 97 724
8 35 818
80 27 98
44 55 25
73 90 86
95 92 269
51 64 214
34 96 66
17 72 100
34 80 158
37 56 986
33 78 916
57 48 466
19 6 797
79 15 918
16 81 581
95 89 925
24 14 438
31 77 -6
21 34 418
23 54 826
71 8 245
25 50 946
9 85 417
58 95 560
87 28 688
19 4 219
6 35 111
8 24 696
69 46 104
17 33 396
33 82 690
87 43 -4
85 2 585
31 80 133
29 20 198
29 5 744
18 14 202
21 41 236
26 92 541
72 24 173
48 79 300
70 53 336
63 2 925
51 92 992
38 79 364
91 30 345
59 16 496
20 35 526
21 13 935
11 55 -9
28 54 587
33 22 -9
23 70 381
71 96 480
34 30 4
16 31 704
26 29 7
1 26 -5
44 83 35
93 91 52
78 64 432
43 22 316
64 63 623
46 57 188
27 43 534
51 28 24
68 57 783
29 38 978
36 14 653
32 92 68
91 32 878
62 87 63
88 72 425
56 29 69
18 0 540
95 32 896
82 7 808
91 84 556
75 97 146
52 83 88
19 73 -2
25 84 545
65 85 110
46 51 708
3 41 249
48 8 -2
75 17 357
19 53 259
27 56 108
35 16 662
8 5 823
38 63 874
59 9 861
69 0 455
27 45 510
17 6 814
25 78 88
74 44 246
60 36 134
45 75 728
1 76 39
22 88 51
28 14 290
32 58 207
69 36 238
30 8 871
31 67 105
18 96 600
95 9 983
73 48 873
28 85 18
21 75 63
5 15 981
76 44 987
81 47 805
26 67 879
27 52 980
50 45 595
86 18 651
54 44 8
3 88 13
56 20 550
77 23 269
15 19 130
84 36 767
71 62 952
60 34 923
6 94 128
40 41 486
65 13 438
29 30 399
18 46 181
51 53 189
71 4 419
5 37 663
19 77 65
15 97 687
69 8 -3
32 6 930
50 87 655
6 0 963
68 98 9
0 59 28
51 5 98
34 41 812
43 12 53
22 39 691
87 58 153
35 61 191
8 79 -2
17 26 887
7 61 -10
70 99 136
68 95 715
12 13 646
42 5 206
80 0 66
49 83 867
54 17 244
65 94 890
40 32 539
30 42 118
90 57 371
88 19 889
12 31 349
38 92 433
2 30 141
92 85 146
87 55 434
84 13 27
62 88 940
88 61 557
29 23 269
24 46 140
8 72 958
97 24 675
61 60 696
87 36 122
17 78 467
31 30 450
52 33 121
73 50 351
94 40 423
98 76 807
46 75 372
81 14 554
34 49 998
61 14 582
77 55 -1
13 38 224
32 64 522
28 63 425
62 76 643
73 31 9
65 58 987
34 77 495
3 46 182
97 32 249
2 17 103
10 85 234
2 90 181
85 63 67
25 45 841
10 1 -5
87 14 13
55 74 763
8 19 4
51 80 422
95 16 570
12 62 958
48 60 785
42 92 87
91 72 84
91 23 504
54 56 65
35 63 941
11 20 241
21 31 429
45 41 228
49 27 471
17 79 279
59 93 807
18 57 54
7 9 124
56 98 870
37 11 345
13 36 307
91 34 915
36 66 542
9 21 437
32 20 7
41 1 233
96 1 628
51 20 550
63 26 495
56 23 284
20 7 658
13 37 953
96 20 506
27 91 581
18 24 806
76 21 493
32 69 382
67 30 622
12 93 527
47 92 928
51 45 589
0 47 879
94 32 269
18 5 79
23 99 963
71 39 350
91 38 713
92 10 405
49 3 -9
72 10 265
55 97 442
50 32 374
59 53 824
40 10 678
68 32 904
36 37 569
14 56 324
12 18 560
1 48 882
74 41 899
93 28 301
0 82 715
53 66 932
10 12 262
5 78 890
67 54 395
90 42 398
84 50 37
93 39 863
5 80 100
63 70 242
83 72 449
6 89 961
90 92 620
58 92 -6
96 26 854
84 25 347
42 26 597
88 73 257
8 95 95
1 10 -2
0 67 391
97 29 696
78 2 566
74 85 984
90 39 -9
36 92 115
78 60 74
85 29 646
88 60 657
91 53 621
68 16 639
1 94 140
86 66 315
24 53 950
36 44 57
92 22 322
69 25 379
14 55 710
37 7 602
16 64 649
53 98 19
44 79 337
85 69 980
45 96 102
38 72 654
81 97 937
21 1 125
94 83 868
89 58 410
92 38 429
73 30 206
75 73 -4
38 55 104
42 34 665
69 19 857
99 60 984
54 21 814
53 20 84
70 29 407
11 31 867
43 79 267
22 54 159
