15 150 0
5 8 238
10 5 493
7 11 661
3 7 372
11 4 671
10 2 61
1 10 980
0 4 505
9 5 323
7 12 514
11 6 727
6 5 691
6 4 497
8 9 605
9 14 536
6 2 189
2 8 719
0 6 -8
1 5 -8
2 12 213
0 3 275
10 9 880
13 9 991
7 13 -4
1 11 916
6 0 380
4 14 805
4 9 583
0 10 169
3 12 756
2 1 113
14 6 59
3 0 962
1 0 378
4 2 333
6 7 60
7 10 75
1 14 410
3 10 214
4 12 26
14 1 515
12 5 129
6 12 -7
0 8 297
3 4 664
6 9 764
10 11 928
8 4 96
13 6 439
5 11 435
7 2 30
0 14 182
10 8 240
8 0 791
1 7 927
12 1 86
12 8 446
9 1 274
8 3 259
14 2 783
5 0 635
3 2 260
8 11 738
12 4 409
3 8 183
8 12 749
10 0 921
2 5 602
5 1 325
11 9 350
2 4 -4
13 5 835
13 14 377
0 5 448
4 6 601
14 8 904
8 7 852
5 10 14
0 9 758
7 9 -6
10 6 977
3 14 859
2 10 -5
9 10 109
5 4 92
1 2 940
10 12 857
8 1 909
13 1 156
4 11 138
1 8 950
11 0 589
3 13 692
8 10 994
2 6 648
2 0 939
10 3 985
11 13 -10
11 5 816
9 0 51
8 5 946
12 3 615
13 4 839
12 0 303
6 1 -7
13 7 178
12 6 864
9 2 153
2 11 435
3 1 611
9 11 409
5 2 299
6 8 200
13 2 901
3 9 935
2 9 379
12 7 750
14 13 370
7 6 181
2 13 922
9 4 719
11 12 722
12 11 -1
6 10 940
8 6 708
5 7 927
10 13 361
11 7 421
4 7 676
14 12 213
9 12 573
10 4 836
14 10 953
7 4 89
0 2 494
12 9 -9
12 13 832
13 8 -4
5 3 407
5 6 167
5 9 582
8 13 972
4 0 861
3 5 905
13 0 878
14 0 183
6 13 -5
14 11 840
3 6 750
4 5 462
