25 250 1
24 16 363
8 11 794
8 20 109
9 2 311
18 22 990
12 24 441
15 24 684
11 9 105
3 17 166
7 12 592
0 15 873
2 21 788
6 23 183
5 0 118
18 11 510
15 2 571
7 15 546
24 5 166
5 19 199
23 11 -10
9 24 681
12 19 274
14 5 468
12 1 741
18 24 173
23 18 863
17 2 569
14 1 743
11 21 674
8 13 417
7 21 49
12 20 855
22 5 203
21 7 564
9 12 379
2 7 433
17 12 329
8 5 280
10 24 417
11 3 633
18 10 736
17 23 951
19 2 949
19 1 457
1 11 831
20 3 595
4 5 379
3 12 649
4 19 625
19 10 450
4 22 233
17 11 360
1 17 105
24 11 577
12 18 155
17 16 730
10 20 833
11 17 383
8 19 200
11 5 -4
1 4 -8
1 22 596
15 16 613
3 14 462
23 4 447
13 2 318
24 14 -2
9 14 113
23 5 759
19 3 457
14 9 906
7 2 557
15 9 558
11 23 432
2 4 60
10 15 297
19 4 686
23 15 788
13 7 113
22 9 593
8 6 380
16 3 38
20 5 41
13 10 312
9 10 838
4 8 14
6 7 192
18 12 696
0 1 842
5 20 202
17 20 606
6 5 374
7 11 533
10 11 113
10 1 517
7 10 120
15 6 30
12 4 671
22 14 491
23 0 102
15 1 686
21 3 948
9 17 820
8 15 131
12 22 576
20 10 563
10 17 67
0 3 614
22 0 821
22 18 133
8 23 504
22 16 769
0 22 580
7 20 708
18 5 389
15 3 453
7 24 83
18 15 638
24 23 609
11 16 465
21 9 330
11 15 783
5 14 691
8 10 814
9 3 462
5 6 316
13 23 779
16 12 17
18 2 569
14 0 353
15 20 143
4 0 -8
5 15 255
3 20 798
0 19 117
22 11 591
4 18 224
1 19 988
24 9 456
3 22 121
0 24 510
13 1 818
13 22 599
8 0 955
9 5 47
22 13 209
17 9 802
16 8 420
17 3 746
15 12 946
5 24 968
17 15 28
22 23 48
3 9 431
16 10 285
22 3 929
17 6 565
1 3 853
8 18 -1
6 13 166
14 24 859
23 12 901
3 5 399
12 3 569
24 0 130
19 6 204
14 15 343
8 3 20
14 11 730
16 21 333
23 20 270
9 6 880
15 0 -10
19 13 957
12 0 348
18 21 395
21 14 723
8 7 526
12 6 58
5 11 939
24 8 16
24 7 918
18 23 666
4 11 246
19 21 822
20 2 -8
5 9 993
3 11 174
2 5 917
2 10 768
14 19 657
8 17 271
15 10 21
13 20 910
13 6 417
5 2 877
18 3 552
10 22 -5
2 23 47
18 9 827
24 10 96
20 7 281
8 9 865
14 22 51
16 23 171
9 20 875
16 17 9
11 20 421
21 4 869
17 13 461
1 15 660
0 13 991
16 20 179
4 6 363
20 15 208
20 18 911
18 17 -9
12 21 8
21 11 638
10 19 223
14 10 709
17 10 414
17 7 647
22 2 461
24 17 308
19 14 254
22 19 606
24 1 89
23 3 358
24 21 7
2 6 65
21 0 299
3 6 748
22 15 347
0 10 245
17 8 277
9 0 996
19 8 454
7 22 932
11 22 688
19 23 188
22 6 535
1 0 833
9 19 851
18 7 524
7 5 478
8 16 318
13 17 670
1 5 608
6 16 573
