35 350 0
23 14 564
26 13 56
2 9 778
23 30 324
2 0 949
20 9 642
26 6 269
5 29 317
7 10 583
6 7 498
29 27 64
8 31 951
18 23 298
11 9 374
9 2 971
27 18 730
8 20 125
21 7 378
19 20 804
8 27 526
18 29 634
18 20 995
29 7 895
4 34 726
28 19 818
29 1 197
25 4 485
16 3 593
20 25 595
33 17 301
17 6 823
18 2 310
21 19 311
18 17 573
25 3 979
18 16 978
6 24 614
25 11 480
30 13 359
28 33 83
20 24 202
11 8 778
3 22 173
18 11 730
21 12 272
23 26 306
1 13 767
2 23 585
26 10 134
8 19 205
23 34 766
9 27 732
16 2 582
3 4 749
34 31 894
0 2 540
32 26 419
30 3 666
1 10 81
6 34 574
13 6 841
25 24 428
0 28 812
1 30 225
0 19 275
4 14 637
7 8 900
32 6 761
12 20 618
29 25 979
13 16 944
20 23 919
10 26 -6
25 15 -3
14 6 725
29 30 297
30 17 18
11 26 -6
32 24 469
23 4 207
27 34 -6
9 14 653
27 17 315
4 26 312
13 3 95
31 19 712
26 14 664
27 12 844
30 21 917
23 19 510
3 17 716
25 16 127
33 10 763
34 4 65
34 6 57
10 2 424
18 32 -5
0 27 548
31 8 547
19 4 532
1 27 185
7 28 139
34 24 909
23 13 473
1 25 15
2 15 606
3 6 429
33 21 33
30 0 772
10 16 937
10 32 759
9 22 727
10 3 836
3 16 421
17 7 357
22 7 786
18 34 91
17 5 111
8 25 113
21 20 605
25 23 699
30 14 734
28 16 -7
11 21 361
19 31 947
2 13 798
24 10 882
33 20 397
4 17 421
14 34 153
30 22 60
13 28 52
32 5 148
32 0 868
31 29 226
4 3 698
20 2 160
24 4 448
27 23 446
12 26 760
27 6 961
7 16 586
31 25 39
19 28 -4
14 31 82
24 25 973
33 18 -1
4 21 182
17 30 204
7 13 413
34 18 793
30 6 445
21 14 61
8 0 416
32 29 749
0 12 935
1 26 659
27 2 452
19 21 730
6 1 307
6 30 -1
7 27 440
15 19 573
1 5 405
33 8 345
8 7 66
23 3 116
19 24 400
14 12 385
0 34 631
23 8 907
27 26 -4
15 18 346
11 6 91
26 25 814
24 31 -6
7 0 84
34 33 503
25 32 877
7 24 37
10 7 432
21 11 603
13 5 909
24 28 12
23 0 416
5 24 126
25 27 187
24 34 581
4 33 700
26 18 622
3 15 414
2 34 938
7 2 947
30 24 189
4 5 422
4 10 797
28 23 585
34 17 608
3 5 983
24 32 512
13 31 747
25 0 93
33 19 942
14 10 783
6 16 644
29 21 243
22 9 998
30 15 959
33 24 891
8 23 964
2 11 -4
0 31 63
5 15 563
10 25 48
2 21 432
29 19 63
6 18 836
24 8 999
22 11 823
22 3 896
5 8 106
34 11 868
2 33 145
19 17 381
5 1 907
9 7 427
3 27 29
28 25 380
5 18 271
19 32 370
3 26 88
2 16 751
12 18 313
6 11 208
2 1 685
11 31 902
26 32 612
6 32 348
28 8 187
10 6 495
4 2 389
11 15 597
27 25 280
13 0 541
0 1 585
9 12 105
31 14 944
30 20 419
13 29 701
15 13 736
25 30 564
28 20 872
5 21 -10
13 27 810
12 8 239
7 5 988
9 8 705
30 1 715
24 23 221
30 8 925
12 9 77
11 33 264
2 4 16
14 15 127
1 3 704
25 17 549
28 31 11
4 25 235
18 25 513
2 30 664
32 10 675
24 1 763
22 1 527
11 3 899
23 29 649
25 14 885
8 10 166
11 1 681
6 12 914
15 11 435
4 9 367
29 4 256
12 19 43
25 21 828
9 0 440
17 8 543
15 24 345
21 3 971
9 10 784
6 21 599
27 10 915
6 25 923
16 0 871
17 19 505
18 26 922
31 0 96
32 15 990
18 13 -5
29 13 798
27 20 438
8 22 897
19 11 471
14 20 898
12 4 567
33 22 120
27 14 804
2 19 859
5 10 962
32 13 395
29 11 77
5 23 582
8 5 203
13 25 572
29 34 204
20 15 491
8 4 316
16 8 848
33 25 651
31 20 363
26 17 117
31 7 831
7 34 785
23 25 145
27 19 721
28 24 127
1 0 538
22 16 822
9 28 17
12 1 264
11 2 -10
19 9 304
11 24 400
19 12 395
25 18 301
28 10 661
9 21 510
30 25 846
10 17 107
1 16 474
19 8 -6
2 7 474
9 4 490
11 5 918
9 33 300
3 31 941
2 5 552
13 9 437
17 29 -6
30 31 639
23 15 665
