45 450 18
39 26 273
19 18 99
38 1 344
0 18 498
33 34 -4
39 6 923
1 19 807
36 37 339
43 9 869
31 34 389
42 15 728
44 18 667
33 29 59
1 37 145
16 9 84
10 23 340
9 44 72
20 25 486
31 13 980
40 33 886
44 15 543
28 10 359
38 29 152
21 43 320
4 26 418
31 7 804
10 14 851
25 34 114
44 27 950
32 38 431
38 25 896
44 38 851
10 24 107
20 31 866
12 13 631
43 18 876
38 0 334
15 13 474
11 23 851
26 12 624
39 19 252
26 44 88
34 39 -2
37 36 712
36 24 414
4 38 19
11 15 635
17 23 672
44 23 -9
18 1 535
30 34 177
20 21 227
43 23 175
20 1 432
36 28 568
11 37 498
35 7 872
42 1 58
28 7 323
13 10 -5
25 16 810
16 25 957
34 21 83
40 19 874
37 16 743
28 5 527
11 26 -10
6 25 681
35 41 772
6 16 269
27 43 242
21 26 962
25 36 967
36 38 366
19 36 748
42 25 628
43 33 846
16 30 644
30 22 377
20 29 933
40 4 900
42 5 321
8 11 452
0 10 19
1 22 505
0 23 331
36 21 838
26 39 839
31 40 496
39 35 773
10 29 953
26 2 66
32 17 440
4 34 473
17 20 362
8 24 261
39 17 295
21 31 687
15 1 534
26 18 665
13 1 925
24 15 783
17 25 753
5 28 239
21 42 50
42 13 367
12 30 48
14 8 916
22 34 118
30 17 654
23 30 485
8 22 265
19 9 593
16 31 877
6 14 403
24 14 428
44 20 211
26 33 831
4 37 790
8 33 532
21 11 579
29 2 341
4 29 537
19 38 379
37 15 569
42 34 858
42 40 824
11 36 760
22 24 241
23 3 900
5 23 184
31 24 143
34 30 502
14 30 792
24 13 364
33 9 94
21 20 -6
7 29 493
19 0 257
26 5 577
12 40 194
24 34 406
31 2 471
1 2 624
5 0 912
23 6 885
28 1 284
4 35 181
17 6 517
23 28 -10
27 9 182
39 7 809
25 5 537
22 11 363
7 28 366
21 22 826
30 3 260
32 33 -3
6 26 420
5 26 70
5 38 518
6 3 210
40 31 667
8 13 799
2 1 696
23 12 602
16 44 923
9 3 736
9 6 599
5 37 455
5 21 791
39 14 823
9 23 910
2 14 -3
29 20 820
19 24 890
1 38 508
22 43 568
32 2 126
24 4 -1
44 16 949
39 25 537
12 26 4
15 6 869
35 6 711
19 20 859
28 33 909
38 8 458
15 36 229
15 25 905
26 14 866
20 17 40
9 5 688
33 4 39
34 23 858
11 42 7
40 34 106
10 21 415
10 6 72
4 41 463
5 20 244
30 26 277
7 9 145
37 43 -8
42 29 945
28 23 223
27 36 602
6 31 -5
5 35 328
37 1 578
10 9 548
9 17 475
19 29 963
19 26 591
44 10 328
12 32 603
20 42 769
41 7 528
15 22 27
16 10 715
3 2 248
36 39 985
5 16 93
33 8 259
0 25 455
33 22 284
32 8 799
25 19 169
35 43 770
43 12 38
18 8 25
3 33 42
33 16 351
5 6 247
17 21 874
33 23 189
7 14 432
32 35 511
3 30 818
17 2 63
23 21 -4
29 4 560
19 41 24
20 37 360
21 13 353
33 42 916
15 8 238
16 35 211
24 29 859
0 34 608
26 41 919
33 30 924
6 21 91
34 42 815
37 34 459
12 9 502
25 1 207
43 37 212
25 31 442
37 17 673
1 36 342
41 14 120
14 12 947
9 20 1000
18 41 776
19 16 184
13 24 561
44 40 755
3 17 60
3 38 888
40 42 227
7 40 439
0 41 563
41 1 748
2 10 846
39 18 673
40 29 918
38 4 245
0 30 937
36 8 876
44 37 743
23 8 241
20 28 509
3 21 345
34 27 113
34 7 15
35 39 807
29 22 631
7 18 817
19 27 374
0 11 893
19 25 379
2 39 855
13 8 174
17 0 368
17 14 371
14 35 336
32 22 623
23 20 518
36 27 754
12 34 273
8 32 795
24 10 490
44 21 34
18 3 925
14 7 451
30 19 873
4 19 688
30 24 950
11 7 643
21 44 292
35 23 915
30 6 779
19 1 625
5 18 418
8 3 -6
17 35 326
14 16 -8
42 2 -4
5 3 317
9 18 808
4 9 725
1 30 607
13 22 932
9 42 394
37 33 502
14 22 339
34 1 156
31 44 26
21 9 849
10 18 977
31 18 459
19 30 257
35 11 739
7 41 324
5 24 203
8 12 404
27 7 142
7 24 125
17 31 924
37 27 173
10 13 734
33 13 144
30 43 289
15 39 415
22 37 122
43 16 42
19 12 66
5 2 731
14 31 -7
17 3 33
35 29 -2
10 27 190
15 0 469
17 36 653
14 38 731
17 33 311
5 36 675
36 12 882
31 15 399
31 38 544
5 40 942
13 19 493
29 19 748
43 13 687
26 21 372
12 31 -1
36 6 574
43 1 877
9 41 802
28 38 314
42 6 287
33 5 994
1 6 476
7 3 918
4 0 893
24 17 514
27 37 543
16 22 310
43 3 482
30 39 959
13 35 945
6 30 214
16 40 251
42 9 262
26 38 253
3 39 411
9 1 76
6 24 427
22 26 649
12 4 605
3 26 460
3 36 867
9 10 345
41 43 114
28 9 5
20 12 -2
11 27 27
10 3 567
43 30 445
25 43 209
6 19 200
34 20 625
21 0 642
35 14 258
10 16 512
42 0 13
37 35 855
44 32 548
44 42 848
35 15 729
26 17 378
39 15 293
41 17 82
35 1 680
5 17 53
18 0 225
27 11 734
4 1 775
26 13 373
17 8 97
41 36 447
20 14 868
20 44 231
41 4 604
1 29 205
43 19 499
44 34 -9
26 30 912
40 10 696
34 15 635
24 22 315
17 24 69
37 30 98
23 14 395
4 40 123
1 7 145
5 22 763
1 12 346
42 44 771
11 29 251
5 31 -5
8 34 11
37 5 554
31 19 827
8 23 61
23 35 879
15 32 535
42 12 540
38 36 255
