55 550 33
21 11 819
9 45 487
37 28 104
48 17 640
50 1 739
37 25 58
21 36 -10
43 16 234
53 35 471
19 45 102
13 43 433
53 14 15
35 4 938
13 44 101
51 42 6
13 30 940
11 30 -10
31 25 449
32 28 774
53 11 81
18 2 419
31 28 191
6 46 631
18 12 936
34 28 675
52 31 881
19 8 437
8 39 169
1 8 36
22 33 117
6 53 456
24 52 228
39 32 992
37 15 209
0 24 223
10 34 748
17 18 212
33 52 120
45 9 589
11 38 810
31 24 173
22 9 633
24 41 392
12 52 938
31 38 27
26 1 855
45 5 816
53 45 590
19 24 951
19 47 768
12 27 831
39 13 732
30 1 853
26 29 109
27 30 164
13 9 804
39 24 467
0 30 663
15 44 974
29 8 392
46 30 848
17 15 281
43 25 949
7 22 232
47 49 954
42 43 279
25 24 969
35 6 374
31 11 644
53 22 671
40 4 -1
9 38 971
37 41 809
19 18 47
3 52 478
12 22 697
19 32 -2
43 21 216
20 28 889
33 0 885
3 13 535
53 0 755
15 31 838
33 24 713
46 9 37
7 29 323
23 6 182
34 46 352
26 44 797
39 33 11
2 39 333
46 7 -9
26 32 686
20 37 517
38 0 386
11 14 370
40 50 170
12 42 443
44 14 282
0 23 199
19 41 470
46 50 637
3 41 819
13 41 317
1 2 190
36 10 56
45 44 36
6 29 726
0 35 971
49 24 343
28 11 686
40 34 91
16 8 476
40 54 -3
9 50 -2
49 17 719
27 18 50
13 40 945
13 23 -5
44 31 151
32 7 473
9 11 71
33 23 209
17 45 139
40 45 429
39 29 684
13 18 499
6 15 413
24 20 193
17 3 747
9 26 668
34 18 355
51 34 181
37 20 116
22 30 805
18 17 509
22 28 103
4 38 97
32 52 324
43 19 264
41 19 614
37 53 134
13 25 443
39 40 -7
12 40 91
46 48 471
52 47 64
49 31 878
36 52 78
8 31 -5
6 11 774
7 24 18
34 45 497
47 6 308
22 40 528
53 16 878
5 46 110
28 54 749
42 17 653
14 10 77
5 34 913
49 52 730
49 14 411
5 14 984
28 30 763
36 22 301
45 35 189
49 21 160
22 25 580
44 42 522
41 31 546
54 43 580
38 17 644
2 51 485
26 14 740
1 37 173
13 33 -5
14 12 840
26 9 736
48 36 677
45 11 190
15 27 743
30 15 614
49 50 984
39 28 353
2 30 769
48 32 525
41 16 630
26 25 -4
8 49 338
11 34 924
36 8 426
0 17 578
11 40 808
0 51 225
29 32 525
50 8 522
6 4 179
39 26 43
51 12 821
1 25 82
23 12 37
24 33 924
36 17 118
6 26 171
20 24 229
29 26 670
1 21 453
18 21 796
6 12 967
19 27 707
52 6 41
11 10 30
40 37 428
3 9 729
32 0 135
30 38 34
16 53 985
4 26 32
34 33 999
39 35 166
47 9 2
4 35 129
44 26 586
41 10 734
49 11 -8
14 51 135
33 34 129
0 11 189
53 21 611
41 23 340
45 17 110
21 40 416
21 45 849
19 33 904
46 37 750
6 21 114
2 48 -6
46 10 901
42 40 376
40 7 502
18 49 287
19 54 603
24 50 266
9 32 448
10 30 876
19 13 -8
16 45 106
14 47 318
53 6 873
17 29 397
41 50 968
4 23 963
9 13 38
31 54 479
1 10 631
15 43 279
11 49 125
26 15 725
26 37 270
19 28 816
11 21 671
33 25 724
34 54 329
23 47 302
25 37 -4
36 0 239
7 50 656
29 41 435
28 2 350
32 21 325
13 17 102
36 31 850
37 43 954
43 44 410
52 7 592
20 30 437
54 3 34
22 26 270
27 22 214
38 16 282
51 1 376
4 46 395
25 17 710
16 26 961
39 17 751
35 40 479
33 29 -10
39 21 156
10 7 366
31 49 440
23 29 392
20 54 659
37 2 887
41 30 118
30 6 730
8 14 422
52 27 530
23 32 402
40 23 718
19 38 753
34 5 765
7 8 649
7 11 215
33 12 280
47 20 428
24 18 40
34 3 700
12 7 297
25 13 70
18 51 911
52 37 763
12 34 440
45 19 242
51 13 372
43 35 67
13 6 783
27 44 463
11 47 715
13 29 228
40 13 945
23 15 892
4 1 243
10 53 728
42 21 104
36 26 956
47 14 818
40 0 230
41 28 272
33 3 634
0 2 480
2 32 610
17 47 669
8 44 787
23 24 494
10 5 677
35 48 445
27 48 237
53 32 970
12 29 842
5 42 349
54 36 769
36 48 82
39 36 887
1 47 635
15 53 178
28 20 662
43 8 165
30 54 185
48 41 162
28 49 927
28 24 207
1 11 119
17 11 283
53 8 103
49 38 294
25 3 642
5 17 832
49 1 246
10 42 536
41 52 27
25 43 145
44 40 151
43 4 695
22 23 523
34 8 359
27 46 670
30 21 -5
26 30 725
19 25 653
4 52 889
14 42 910
31 34 143
45 7 718
22 10 647
54 27 42
6 35 957
34 25 376
38 14 892
52 39 468
51 33 889
37 13 405
32 2 2
7 21 267
9 44 820
35 38 107
41 27 913
43 45 195
19 4 894
36 51 -3
13 39 423
10 14 898
7 0 294
33 50 466
33 10 957
38 37 756
54 23 539
5 1 167
31 15 446
2 53 38
29 36 737
38 54 503
29 44 651
15 0 338
49 33 806
26 49 915
29 40 345
30 53 368
14 35 176
4 51 858
52 46 576
16 36 765
50 49 809
28 25 473
9 22 923
21 17 825
31 3 366
34 38 552
4 11 738
21 15 -5
17 6 117
35 13 233
23 13 775
3 11 -6
39 5 957
15 13 55
19 10 660
22 18 235
50 54 291
50 37 679
19 39 528
35 51 575
3 25 389
31 26 854
11 26 168
12 32 11
30 29 719
8 2 87
2 12 480
22 37 -2
2 50 919
36 1 -3
45 16 676
41 37 522
11 12 320
52 26 909
53 12 813
13 27 952
44 16 117
7 20 661
23 44 623
49 46 160
25 42 720
41 48 683
0 31 910
36 29 726
36 47 541
5 51 354
25 29 330
35 47 106
35 29 933
42 35 -5
25 15 922
9 0 126
31 29 875
24 54 263
33 39 960
37 16 169
44 33 618
36 20 509
24 44 781
29 51 58
18 10 662
44 46 636
40 29 892
9 52 759
18 46 468
32 43 218
14 30 362
39 2 815
17 16 962
5 44 618
37 29 258
3 46 477
42 41 643
46 38 23
32 20 307
21 38 191
5 37 238
14 41 247
41 42 80
14 48 472
25 7 745
10 22 356
27 26 624
29 14 57
8 51 418
45 13 394
23 46 302
35 23 876
36 53 596
26 47 722
54 44 658
9 7 438
23 30 161
24 32 889
29 5 902
39 38 393
47 10 637
51 6 650
54 9 53
5 15 737
40 38 372
16 19 438
36 7 433
49 26 337
53 41 771
11 53 81
10 54 424
8 0 420
7 47 884
25 0 332
48 42 381
17 33 31
5 29 577
46 20 704
45 4 -2
19 29 493
47 3 705
37 26 157
27 23 839
28 32 215
22 12 286
52 49 712
25 9 680
3 48 372
6 5 400
5 53 470
6 7 404
28 22 191
43 2 60
9 19 782
9 2 645
42 6 269
19 9 417
13 10 782
43 31 568
12 51 431
37 17 739
1 0 223
