65 650 62
38 39 572
28 51 311
10 45 794
16 60 783
29 30 853
24 62 819
52 10 736
51 16 497
51 30 382
32 62 358
52 4 60
21 37 236
40 58 119
19 26 475
1 57 854
14 40 900
18 32 471
16 22 752
35 54 327
39 45 735
18 51 27
1 38 466
23 31 593
24 46 746
22 45 320
19 49 994
19 6 763
55 5 88
5 27 116
6 38 874
20 58 576
60 28 842
6 37 453
41 4 804
42 37 320
1 16 592
9 16 879
59 20 378
55 25 932
1 48 1000
42 12 -6
48 9 453
8 37 88
9 8 912
13 48 516
43 20 583
41 48 344
57 38 985
28 9 917
58 25 -3
35 15 750
2 49 191
9 35 444
60 15 592
34 10 165
49 29 189
60 47 753
35 10 443
12 8 895
45 29 680
64 49 135
34 17 693
52 16 257
16 13 372
53 25 915
58 31 196
56 45 450
13 49 740
6 16 676
64 47 465
52 43 127
42 64 536
41 47 258
50 35 990
6 11 752
6 46 998
11 64 850
39 21 791
22 24 841
40 42 605
38 40 994
60 40 451
11 44 376
38 14 266
39 29 834
56 32 987
24 11 841
6 22 449
50 34 476
4 14 162
38 60 883
25 35 520
15 58 387
58 57 895
0 3 489
37 20 284
8 57 775
35 1 136
55 21 154
0 1 435
54 27 12
11 60 83
1 3 992
31 43 639
48 4 418
60 13 610
10 39 113
37 28 594
40 18 184
21 64 304
13 29 271
36 50 801
52 36 -8
40 34 563
5 61 396
5 64 -6
2 13 -5
30 31 482
45 48 526
30 8 16
44 10 426
7 8 528
33 34 458
29 63 698
14 22 646
46 49 131
57 48 179
47 57 478
60 59 151
17 47 273
8 6 419
16 52 257
35 50 723
44 7 773
37 5 991
34 57 930
3 17 272
47 33 911
32 58 72
31 33 460
23 8 189
55 39 389
59 62 405
32 7 368
61 19 904
63 3 303
55 41 698
61 60 259
51 20 230
44 14 92
42 53 -1
56 47 -6
54 21 735
35 56 599
52 39 46
56 35 684
29 59 998
16 23 561
62 7 656
62 59 19
48 50 733
10 41 658
57 47 997
55 44 193
25 1 974
45 35 249
21 46 73
22 0 532
47 46 98
32 35 378
21 25 944
62 24 865
44 62 673
29 31 928
44 42 487
34 58 919
6 9 560
38 64 311
43 0 579
0 40 22
47 9 866
50 14 508
46 3 388
33 38 873
54 56 621
53 12 341
46 11 487
50 64 641
37 10 77
17 34 -4
26 41 832
54 3 368
46 43 720
62 1 813
11 45 155
46 26 398
40 28 794
10 14 60
2 56 421
7 50 344
18 11 320
8 44 253
46 62 389
29 19 53
20 27 690
22 47 84
34 63 864
38 13 386
13 2 446
19 52 536
38 28 81
3 14 980
28 64 214
58 27 214
45 21 11
57 1 516
53 1 468
10 6 912
31 55 702
7 4 686
24 19 626
26 62 286
24 10 343
7 11 -10
63 59 694
39 4 371
37 55 979
53 14 976
37 36 784
57 36 504
13 30 848
4 39 797
63 24 60
33 28 781
50 49 365
30 39 223
26 35 212
22 42 977
16 44 38
36 57 192
62 38 865
25 45 366
5 47 156
12 62 832
62 11 402
58 21 89
20 52 426
42 24 575
51 35 653
49 34 661
56 14 224
2 61 612
22 14 247
12 26 933
39 61 391
57 3 665
45 17 614
16 40 400
52 30 317
25 33 372
3 21 437
49 3 663
26 32 222
22 27 299
62 54 354
19 9 178
49 30 -8
22 59 -10
30 34 505
51 42 452
64 5 260
38 30 249
9 0 996
25 8 659
52 32 726
42 16 -8
34 32 7
52 53 613
27 48 680
45 1 203
15 60 476
59 54 783
44 12 44
27 49 -2
0 27 796
59 28 629
27 23 566
2 52 152
3 0 561
28 15 521
38 18 760
34 22 95
26 56 726
31 21 176
42 52 889
64 2 977
25 49 944
14 56 318
24 20 338
40 35 550
34 55 -1
63 2 781
55 43 13
33 11 105
19 63 934
16 32 898
4 41 763
64 4 222
51 63 168
8 30 810
36 31 366
54 2 628
12 58 763
27 34 799
46 37 977
34 42 722
22 10 210
12 23 469
4 17 206
54 28 249
22 18 892
58 47 218
59 36 716
1 50 88
56 58 795
53 27 190
29 34 753
41 13 645
4 44 155
51 52 722
2 5 959
33 9 982
40 30 634
9 43 762
55 46 -9
3 64 -3
26 37 10
33 3 959
59 15 991
50 11 516
6 55 294
19 16 10
30 0 913
36 13 50
31 19 793
8 0 805
42 50 733
59 11 572
49 54 195
45 27 631
22 15 394
11 35 360
29 22 867
30 3 75
23 41 -4
13 26 677
29 38 471
37 18 663
17 15 273
54 46 181
52 41 831
45 11 11
28 52 812
51 49 449
18 16 55
27 15 726
38 3 166
49 33 87
24 38 637
32 15 784
48 40 518
2 3 227
17 8 264
38 25 304
23 59 849
20 8 512
21 5 247
58 37 595
47 24 120
12 48 209
50 47 724
56 5 493
8 34 636
16 59 683
22 39 315
25 4 721
7 0 409
26 22 378
60 36 239
16 10 418
15 59 968
42 62 439
25 53 192
56 7 381
50 0 93
60 25 375
38 29 514
18 47 219
64 9 835
41 49 733
4 24 685
44 40 799
40 32 -7
46 64 192
35 9 375
48 53 169
35 48 669
30 6 643
48 41 719
33 10 578
41 42 584
17 61 -4
8 25 471
29 60 239
6 17 716
3 13 532
17 21 148
28 54 124
16 18 176
18 58 354
35 30 843
29 0 218
33 35 266
11 29 256
13 9 98
10 54 700
44 8 -2
24 30 865
32 13 214
55 30 868
50 31 663
13 10 594
43 4 159
17 45 948
61 42 897
22 28 187
56 19 192
56 3 133
7 31 560
56 40 215
52 54 453
56 43 -1
32 8 709
24 45 497
23 38 480
2 15 722
60 18 234
29 12 875
36 7 665
59 49 -9
21 11 641
7 35 75
53 7 817
21 35 -3
48 2 469
24 4 695
12 6 178
45 24 319
20 11 862
58 24 958
8 27 628
2 14 859
44 25 -10
11 38 838
54 20 961
2 25 584
51 0 153
49 4 155
22 36 995
57 58 636
29 16 831
5 32 422
46 28 315
27 63 206
6 30 958
44 29 173
30 26 17
39 41 2
21 13 455
24 43 160
13 61 -3
62 29 472
53 15 808
46 20 634
58 6 968
49 6 352
0 47 184
30 60 818
17 0 740
37 29 -4
41 22 3
44 52 935
55 60 671
3 62 10
30 22 345
64 55 904
26 53 804
31 13 287
20 39 691
10 48 786
12 59 790
48 54 573
47 16 940
58 48 656
54 60 125
21 63 955
7 26 231
44 37 786
54 5 67
31 32 972
33 64 266
39 24 348
34 37 799
3 47 630
16 1 -4
54 12 219
16 36 582
28 12 368
20 42 677
31 23 711
31 59 489
14 41 37
43 23 527
30 42 645
43 64 98
10 58 -7
33 13 212
30 38 776
32 40 660
3 46 618
23 6 168
35 8 606
39 5 309
36 3 940
23 52 187
34 49 276
53 8 208
8 9 -9
39 49 467
7 28 405
43 53 432
31 11 184
64 54 992
62 44 103
45 20 730
50 8 24
55 57 816
44 50 119
50 10 853
0 19 275
61 13 717
40 2 778
32 2 51
10 30 813
57 23 419
19 60 861
64 37 607
23 54 864
54 31 648
61 33 52
37 43 556
5 56 783
48 16 68
61 55 352
25 37 301
55 37 377
51 43 904
41 27 416
2 32 170
55 59 487
23 7 47
3 1 316
5 57 895
60 62 882
3 26 408
12 39 197
57 60 794
26 25 20
32 24 606
47 42 783
52 20 640
44 5 801
47 44 267
0 7 414
36 38 901
43 31 446
9 41 993
33 37 969
8 53 246
63 48 788
60 14 316
35 2 361
25 21 482
11 47 333
27 18 398
28 34 120
9 49 885
55 26 430
12 43 278
52 9 856
0 17 137
60 54 667
36 1 472
42 51 430
54 19 -3
16 25 313
27 24 555
4 7 584
19 56 94
13 31 690
14 35 943
55 20 -1
16 49 935
2 37 -4
10 50 263
24 17 887
10 52 876
17 53 210
32 3 671
3 42 345
44 61 75
18 54 301
15 18 234
17 27 326
36 54 770
35 14 322
23 19 -1
9 6 435
57 34 427
16 6 846
49 12 807
50 2 326
47 32 144
43 35 84
56 26 395
28 13 575
32 23 158
49 58 297
36 60 59
51 26 627
20 10 722
28 32 330
3 6 546
48 1 88
25 38 628
52 35 599
5 60 680
44 33 568
38 35 916
3 43 320
