75 750 9
18 11 62
26 73 456
74 10 531
37 33 998
60 67 200
58 52 803
43 57 752
66 47 469
72 30 993
66 69 988
13 54 737
56 8 508
62 60 855
68 10 744
18 68 779
15 30 992
68 21 688
54 52 901
38 56 918
6 47 689
56 51 856
26 24 125
23 14 228
23 74 333
42 49 961
6 70 -10
27 71 225
70 73 988
72 45 422
19 3 110
68 8 956
52 20 6
9 5 835
55 11 479
8 54 511
74 73 246
60 6 314
6 3 108
18 59 909
8 42 -5
64 45 270
6 30 58
22 12 869
70 9 293
27 32 808
3 63 60
42 14 329
15 50 562
52 10 282
16 71 627
42 53 9
54 42 942
25 52 723
6 55 527
16 0 588
9 58 311
11 0 148
51 47 -2
18 60 69
34 0 994
51 2 767
22 67 365
11 68 558
57 55 287
27 4 266
32 23 853
38 30 919
2 57 899
42 18 434
9 46 169
71 33 699
48 32 213
32 12 778
38 4 212
36 59 491
1 9 9
15 20 911
61 66 248
69 33 433
19 49 972
63 27 767
48 21 271
42 66 251
58 65 339
43 40 429
46 13 400
59 63 -10
64 28 536
11 36 722
26 46 200
10 60 133
55 14 245
51 6 291
3 38 858
24 70 386
10 32 239
23 18 906
25 10 -10
44 73 967
3 42 933
51 33 396
19 47 771
34 37 493
51 50 938
14 66 901
6 73 741
20 68 195
3 9 736
69 26 261
36 64 390
59 51 570
43 25 40
34 52 -4
48 50 128
21 60 553
19 53 297
65 19 477
28 7 621
0 37 43
64 44 -3
59 35 65
9 49 796
42 61 381
10 52 50
43 60 637
35 36 257
67 66 637
66 43 978
22 24 45
20 46 73
45 4 925
38 67 467
33 22 511
35 3 483
13 15 57
43 74 16
28 8 287
21 61 435
51 61 888
54 66 444
73 39 123
6 67 491
37 15 434
41 33 443
39 20 755
54 57 825
7 30 843
19 31 190
54 44 461
52 1 568
0 29 320
45 3 342
73 8 414
39 9 932
74 65 -1
5 69 494
14 40 994
59 32 171
16 17 259
34 24 705
5 37 256
41 69 -10
2 41 725
72 25 122
67 22 89
10 0 113
21 24 847
48 37 782
70 43 742
12 22 381
53 51 789
51 23 32
11 8 972
74 67 -5
27 10 936
25 7 383
13 22 -6
72 50 898
25 42 747
62 16 67
61 55 734
35 71 950
39 40 634
17 40 712
41 37 952
63 57 269
19 1 686
74 30 280
29 55 94
21 10 287
2 7 273
29 40 791
62 44 578
43 50 878
2 59 898
43 41 878
30 2 746
37 26 -9
14 62 826
47 39 536
17 1 697
62 70 978
4 35 97
5 17 537
64 68 902
72 68 36
57 69 271
50 35 459
26 1 650
43 35 556
58 2 117
52 12 628
3 64 461
57 15 60
2 48 58
70 4 554
70 69 771
61 32 492
28 30 54
22 1 224
51 57 751
72 21 20
19 36 270
74 70 704
20 38 912
57 31 470
4 40 47
46 40 754
58 39 984
20 73 678
2 67 55
44 21 535
41 62 711
68 63 -5
36 13 988
12 40 670
4 43 889
39 63 335
30 64 360
67 10 626
12 46 238
11 57 270
7 45 588
68 70 308
29 11 848
64 4 7
25 67 217
71 41 807
43 31 885
70 72 29
13 21 734
35 44 685
34 60 593
47 40 449
41 58 399
40 53 -10
17 71 297
35 33 164
31 39 803
0 32 666
19 5 152
0 68 362
55 49 601
30 52 610
74 18 893
56 66 -1
72 38 35
4 70 253
54 73 349
70 39 419
73 41 408
21 40 -4
6 39 553
55 62 818
55 23 659
40 20 619
18 55 373
23 0 146
46 29 499
22 20 453
68 67 900
26 52 718
21 31 801
9 66 881
56 44 9
58 50 893
9 44 592
58 28 841
27 8 142
40 36 831
59 25 539
45 2 284
5 23 794
33 7 506
37 74 194
16 74 244
56 7 677
16 34 130
16 24 400
30 28 113
61 40 855
2 58 399
6 19 810
61 51 339
72 4 61
25 70 216
69 38 956
44 72 319
45 10 461
27 52 295
29 70 150
48 35 638
9 64 30
41 20 773
26 6 234
26 28 296
58 64 949
62 58 550
46 27 549
48 27 862
30 10 314
69 51 436
73 69 647
1 59 256
51 38 929
51 27 548
73 11 588
21 52 562
13 26 383
43 10 661
59 69 426
22 13 888
21 25 478
61 57 172
24 32 -10
69 34 60
50 43 426
4 29 342
72 16 498
51 7 267
13 44 886
7 66 618
52 4 16
24 64 401
53 61 557
40 19 515
57 4 272
36 74 821
15 28 642
52 32 20
30 1 436
22 64 410
49 19 348
25 16 256
23 20 505
45 53 689
9 39 3
72 32 116
74 3 615
36 15 635
46 73 937
24 2 452
13 29 411
17 64 -6
6 68 28
53 50 289
41 59 954
51 30 514
63 73 606
73 7 498
31 9 870
45 41 452
33 39 778
5 32 58
2 72 470
16 66 439
67 29 224
74 11 828
39 34 607
30 19 755
8 65 738
23 62 587
0 7 894
53 34 167
65 73 562
46 14 880
73 31 316
43 46 476
44 49 942
23 34 431
41 67 861
52 38 583
53 20 802
6 41 401
6 62 625
42 35 533
66 35 529
68 49 392
16 32 956
26 64 476
2 1 676
25 46 652
26 54 742
7 74 57
38 25 470
23 25 102
18 8 88
26 34 290
74 68 188
66 7 51
68 60 545
7 40 313
38 1 290
21 0 263
30 51 88
70 25 908
59 31 797
13 43 978
18 22 519
11 4 817
59 39 537
48 6 621
40 46 783
17 0 356
55 47 700
57 66 371
25 26 125
57 29 175
73 53 771
35 63 239
26 50 884
42 44 10
7 0 436
67 57 772
46 22 521
68 69 747
31 65 458
1 28 380
50 11 299
30 14 488
6 26 384
55 2 982
47 31 102
71 1 -9
30 27 360
50 2 123
33 38 635
29 46 574
5 46 803
10 51 370
8 12 187
15 0 839
14 37 722
40 1 662
39 46 796
50 1 670
2 54 977
64 58 506
17 2 550
33 62 914
53 71 868
2 43 55
31 62 639
28 17 245
57 10 597
34 19 828
3 43 895
66 4 831
49 0 -4
66 74 -1
31 11 54
5 44 187
61 30 210
62 38 755
33 66 466
31 18 583
37 1 133
17 26 745
47 67 891
47 9 174
64 10 133
70 10 642
54 56 727
57 12 737
19 23 441
37 28 597
35 55 589
27 58 666
73 48 758
40 17 844
63 51 783
16 36 178
19 71 672
11 3 399
55 31 774
66 68 689
59 48 833
31 16 91
3 68 926
54 72 419
69 47 303
17 63 426
56 30 69
46 38 409
12 11 731
48 62 49
52 69 334
6 57 819
60 38 209
23 49 785
49 73 5
53 16 782
27 61 326
31 23 169
68 12 812
6 8 989
39 13 451
55 3 444
49 2 677
32 1 149
47 63 652
68 71 409
32 9 370
18 20 554
46 21 463
50 25 16
40 55 884
17 45 178
45 8 167
66 41 249
17 58 890
32 50 710
32 66 402
66 54 509
21 45 631
66 65 633
0 18 665
67 32 674
19 37 331
34 49 967
74 63 169
67 41 -8
63 14 872
46 42 518
7 51 833
40 35 934
25 64 717
20 39 -8
38 14 316
62 17 759
20 45 460
1 19 407
32 58 -2
39 70 -2
38 2 813
47 54 913
4 56 522
1 67 949
74 48 517
1 29 543
7 38 987
62 72 262
73 60 133
35 15 995
0 59 379
55 48 874
61 48 531
8 6 945
26 30 119
13 10 317
67 42 351
0 58 833
1 72 895
67 71 637
25 2 375
5 56 235
22 45 488
2 45 476
16 13 521
58 30 568
72 28 176
1 46 382
13 69 286
11 20 249
4 21 580
13 19 906
4 17 880
2 40 434
37 5 712
58 70 330
56 46 965
13 53 152
61 4 215
62 55 253
25 59 218
28 5 253
0 16 513
55 37 243
73 54 117
52 24 960
8 51 167
7 52 204
1 12 824
29 21 222
74 0 -7
55 12 785
9 67 457
69 24 936
63 22 42
37 66 789
70 61 2
48 40 649
51 37 675
46 9 631
66 40 423
59 73 780
40 34 815
67 24 321
4 54 640
31 70 956
0 39 256
24 39 -4
71 47 186
2 26 -6
10 42 339
4 67 113
73 2 352
41 40 152
43 49 373
34 42 882
6 28 588
13 72 732
17 20 441
37 39 932
19 62 -7
72 2 567
42 36 760
72 9 633
41 19 281
46 41 326
73 49 909
30 41 390
11 1 457
11 50 -7
47 18 475
34 65 862
64 46 734
53 8 78
21 20 709
56 60 334
44 62 387
24 18 116
65 61 677
57 58 593
53 17 -5
14 10 788
19 64 590
69 30 952
21 19 -3
53 63 -4
52 63 283
49 55 625
15 42 41
56 16 662
17 3 347
59 53 638
5 33 -4
58 24 610
31 41 124
11 32 159
44 40 492
20 70 380
15 35 187
55 35 436
57 45 26
7 33 106
57 13 897
50 70 464
54 62 983
26 2 402
51 14 997
46 31 253
49 61 256
0 70 947
24 30 535
50 69 456
5 55 223
34 64 1000
62 21 973
59 23 847
32 29 516
46 58 532
69 1 89
72 47 958
33 10 244
65 8 823
34 4 -8
8 0 234
62 34 495
23 65 320
17 60 626
61 33 554
41 26 65
26 4 783
33 57 182
4 12 412
64 53 940
51 21 182
40 13 851
3 62 355
44 71 330
46 69 719
17 70 821
59 26 421
39 12 214
69 63 370
38 70 437
24 6 319
64 33 452
11 70 980
33 40 450
20 30 935
53 12 5
1 2 555
67 20 125
52 57 513
18 6 289
66 11 468
50 56 59
27 18 177
64 0 -4
59 14 259
71 50 364
20 50 530
42 46 92
62 59 81
8 23 517
65 58 675
67 60 300
38 52 57
1 70 47
0 44 25
73 55 670
2 71 492
38 9 752
0 72 391
51 12 395
22 39 25
29 51 528
61 44 665
