85 850 14
57 74 666
50 77 831
7 77 438
79 60 470
54 59 530
38 23 752
9 4 395
49 41 824
22 32 224
69 39 999
18 49 585
19 80 610
80 70 979
67 41 857
47 26 567
61 60 272
2 40 814
2 34 611
46 68 777
81 5 348
9 83 299
15 0 752
27 71 195
0 19 483
5 52 421
83 23 391
67 79 711
60 83 677
54 50 -8
11 60 284
2 27 591
18 66 868
7 37 -1
25 19 829
35 45 61
12 41 829
20 84 524
84 27 706
41 72 596
23 10 497
84 35 253
36 50 42
72 84 948
15 13 665
46 31 872
35 23 888
71 56 581
9 61 109
31 53 -6
47 77 371
55 4 901
69 15 161
3 65 125
50 76 33
5 53 -4
84 30 237
57 42 668
76 66 278
34 2 471
80 19 641
82 42 706
1 29 279
62 47 659
29 16 -1
10 22 31
7 30 502
78 64 654
20 28 942
48 21 336
76 63 950
15 49 219
39 24 195
4 15 486
30 29 248
60 34 71
15 6 844
81 68 2
4 81 498
43 11 248
44 61 793
20 78 -5
58 64 467
54 25 630
20 35 646
33 12 94
10 47 804
65 78 841
61 0 148
67 31 145
24 28 738
5 33 405
25 4 96
42 58 985
64 77 535
40 71 855
83 5 2
45 12 161
59 9 320
41 57 120
12 45 493
4 73 647
34 6 176
9 18 709
76 12 460
2 17 469
50 15 536
62 60 875
70 54 556
70 42 202
55 78 218
20 15 477
32 52 182
84 65 436
19 39 955
17 45 271
76 45 694
1 64 969
11 31 999
63 0 884
29 21 729
59 61 988
25 81 -5
16 69 801
60 48 598
53 40 -9
62 83 167
76 68 838
23 75 86
53 61 564
49 3 604
29 23 343
83 74 416
40 6 105
55 67 326
45 49 709
5 39 923
84 70 410
78 24 -9
38 83 410
28 69 543
50 60 741
7 28 296
57 27 789
66 64 507
70 61 511
8 33 140
40 23 669
42 6 148
59 1 689
50 17 238
20 37 629
60 7 928
43 25 322
80 14 881
48 39 740
60 61 790
3 35 402
56 67 752
77 56 280
27 39 165
60 79 917
44 68 536
5 28 935
26 8 249
64 14 255
23 42 787
36 39 315
9 14 471
60 44 90
62 8 205
35 64 509
5 43 419
4 71 458
74 34 492
47 57 805
22 1 497
2 13 856
65 14 502
47 67 997
65 68 619
4 3 258
16 59 28
3 22 640
69 8 51
44 31 169
69 41 818
1 54 917
69 43 511
49 51 -9
1 12 479
20 13 690
38 19 436
62 33 649
27 0 854
46 24 138
69 46 617
62 38 557
7 26 267
2 10 727
35 84 101
67 63 112
57 22 970
15 51 703
55 65 584
48 63 176
30 48 722
63 6 326
81 11 545
29 80 666
26 62 59
19 6 816
64 71 63
0 69 653
65 56 643
29 60 320
1 21 301
5 24 732
11 68 496
69 28 639
16 58 954
70 59 214
50 65 328
53 23 321
84 21 478
29 81 713
18 19 948
62 17 314
80 84 -3
64 34 491
40 2 508
9 47 710
0 79 60
44 73 170
26 25 47
59 6 320
36 37 137
5 61 407
19 55 200
10 25 83
60 72 687
5 79 968
12 70 710
0 55 550
8 9 899
51 13 550
60 66 425
27 54 463
16 14 381
17 15 461
53 68 751
53 28 946
29 62 495
45 7 3
16 36 511
63 29 958
31 79 560
28 41 634
83 18 122
25 1 816
35 1 164
11 3 420
44 52 193
9 40 568
55 54 768
81 75 790
36 6 23
15 28 350
60 32 -4
79 61 702
33 48 113
46 48 957
34 69 -5
8 6 998
78 46 16
76 71 462
64 20 685
51 11 865
12 58 25
69 51 535
33 21 217
53 22 425
48 28 282
4 39 604
36 65 695
78 75 49
13 11 888
84 55 788
4 82 59
37 9 548
7 63 216
37 4 231
82 36 627
69 47 836
39 53 749
54 76 938
51 23 -3
16 8 -7
46 12 960
57 50 619
18 37 300
34 1 261
35 83 975
73 3 141
5 36 106
23 34 294
39 17 749
61 43 918
60 0 798
65 23 626
35 75 -8
72 61 169
61 48 54
43 12 785
53 77 370
26 7 608
55 44 270
55 72 238
17 32 660
55 33 565
79 7 -6
82 24 -9
28 1 924
23 50 887
16 50 379
72 3 721
26 81 53
55 38 -10
65 13 779
62 69 140
60 15 572
10 2 396
56 40 124
38 2 552
32 61 232
10 58 -1
75 60 538
10 3 405
69 77 445
59 62 452
26 67 -9
55 56 183
70 51 715
55 82 770
24 56 434
58 20 879
16 42 401
49 75 550
49 61 6
12 4 142
46 1 757
7 70 138
12 13 191
55 10 675
13 54 631
19 83 452
40 29 561
45 62 850
0 6 912
25 3 468
12 59 -5
78 47 165
37 17 923
7 21 67
84 67 786
11 70 962
4 20 596
33 59 861
31 33 356
61 59 446
44 36 30
27 73 11
71 54 443
24 15 -1
5 0 710
68 81 228
71 79 323
80 3 790
25 78 184
34 84 103
61 50 249
73 9 450
46 67 569
31 76 695
84 24 229
59 13 997
45 51 193
61 78 984
72 64 955
42 8 512
26 10 402
29 46 601
6 15 63
2 61 -4
76 2 241
56 24 -5
16 24 710
46 45 393
63 8 453
66 80 706
22 21 797
10 26 462
12 18 462
13 16 992
56 55 545
79 64 150
24 32 919
22 35 869
32 23 580
1 16 830
64 40 645
60 59 891
70 60 500
47 44 595
41 64 201
58 49 185
54 69 877
55 77 36
8 38 284
41 37 -9
21 11 -5
13 64 968
7 84 981
40 14 196
25 0 378
10 64 397
33 67 188
65 25 257
6 46 856
63 12 165
0 31 403
27 62 627
64 82 191
16 61 208
22 80 575
67 75 762
71 33 924
70 32 974
6 83 908
59 7 299
70 83 100
8 66 366
76 38 683
81 27 755
56 81 222
7 9 53
67 81 543
65 15 893
52 14 345
84 5 262
7 36 365
81 12 25
42 60 221
23 71 341
36 0 163
59 72 984
7 16 959
72 21 287
5 25 403
62 54 877
74 76 177
19 13 967
63 62 977
11 12 726
22 58 581
4 41 209
57 76 -4
77 40 845
79 82 732
18 14 421
48 73 923
6 29 760
51 40 692
30 53 17
48 52 999
42 12 306
1 26 591
35 39 392
24 6 166
37 39 -4
83 32 635
35 70 673
65 71 903
57 55 698
6 23 784
36 47 802
36 76 971
33 36 990
62 9 114
64 54 529
3 45 790
23 27 746
52 84 634
52 71 607
64 16 264
74 80 439
35 78 870
37 8 196
31 28 250
77 37 133
41 77 686
80 7 714
77 23 949
83 75 759
82 30 98
14 61 95
23 26 479
41 74 41
15 32 550
72 65 481
82 37 637
34 47 373
26 31 26
13 67 849
31 75 233
66 58 586
77 83 803
73 74 352
61 81 744
58 2 282
17 39 209
60 52 200
63 78 401
5 38 -1
8 53 785
12 20 141
71 4 781
31 49 -4
70 10 592
46 26 551
7 40 795
64 11 178
5 4 974
34 31 -5
31 77 582
83 42 887
73 36 979
29 34 34
50 13 797
60 73 712
8 36 649
65 6 915
3 81 227
14 31 704
22 64 847
59 36 720
19 15 -4
13 59 799
27 78 644
2 8 757
12 2 659
56 49 766
79 77 656
83 1 49
30 18 734
11 24 433
50 75 702
37 0 119
83 76 485
73 56 278
2 4 619
52 33 713
39 55 585
24 78 494
33 3 645
71 25 227
75 23 192
8 71 104
30 40 612
74 84 211
60 74 141
49 25 181
5 32 193
55 26 689
79 67 32
59 16 546
27 6 846
67 76 394
21 34 794
57 37 234
48 69 30
22 31 980
48 41 362
43 38 990
55 29 812
15 61 961
32 8 320
37 60 750
42 32 480
41 78 113
54 3 880
78 2 242
69 76 543
9 1 688
75 9 724
37 73 408
78 30 989
24 60 125
70 26 967
84 13 811
53 8 631
62 19 339
83 56 459
79 1 381
29 8 -6
37 52 271
0 53 868
56 41 196
83 0 618
30 26 414
27 1 52
72 74 193
20 59 452
43 82 977
31 39 259
35 43 376
80 67 932
65 18 214
81 29 326
10 12 846
38 15 -6
13 14 735
66 19 412
60 33 988
32 24 986
59 40 577
43 65 84
41 83 34
30 28 123
50 32 611
60 4 881
23 18 288
67 61 636
42 76 263
63 41 22
42 50 29
64 70 798
27 2 476
1 31 752
34 82 213
12 60 198
45 39 230
27 5 544
53 72 919
45 80 834
26 21 202
67 40 694
46 40 14
0 57 706
23 16 747
10 78 533
57 47 141
35 42 603
59 26 444
84 29 83
42 48 952
17 30 876
73 16 156
74 0 335
56 47 49
84 83 91
29 42 315
66 37 155
17 11 563
60 26 652
32 81 70
74 2 449
81 7 336
41 9 739
51 34 548
46 76 508
47 48 346
43 45 392
10 39 365
70 5 674
21 10 217
36 25 197
3 31 490
63 82 933
27 58 933
13 33 144
3 78 285
68 24 663
54 64 665
16 57 743
17 20 458
0 83 435
69 63 503
44 51 686
83 24 254
21 7 783
62 13 783
81 23 65
12 81 544
40 7 424
45 81 602
84 32 941
27 37 6
83 72 888
14 36 836
63 44 670
50 59 970
1 17 595
57 54 -2
22 33 615
35 52 597
40 3 659
61 6 702
32 15 426
65 17 644
60 35 98
30 59 307
23 36 214
28 55 325
70 22 340
30 12 432
81 67 574
78 74 756
14 29 905
45 53 423
32 66 812
50 24 158
35 46 -1
42 21 467
14 73 600
53 60 958
40 48 578
47 72 282
57 66 858
73 28 397
30 72 597
52 9 517
62 40 614
79 21 613
50 23 200
60 37 66
22 67 683
37 1 298
64 44 15
62 58 886
82 25 617
31 10 667
57 48 766
76 77 862
23 44 611
35 28 849
2 23 497
64 10 415
72 73 393
5 42 727
35 66 385
27 44 134
32 62 105
50 20 487
80 49 437
72 8 536
72 71 83
70 0 823
71 9 713
36 56 686
17 64 478
56 8 62
80 29 991
68 72 667
39 34 89
72 14 772
53 31 220
76 41 248
12 35 52
76 27 661
29 3 629
28 46 957
25 22 520
56 34 524
67 78 469
13 24 323
31 6 305
24 10 803
39 64 975
44 83 76
2 11 456
47 46 931
13 46 371
6 39 323
48 22 939
77 15 299
79 81 401
49 57 939
21 38 179
68 38 515
7 54 277
37 58 259
14 1 585
34 5 111
77 75 509
37 7 789
10 57 643
52 70 137
15 16 171
76 7 743
45 67 446
13 84 618
44 16 422
5 37 660
9 34 515
75 76 72
38 34 775
45 17 852
7 56 703
51 6 870
25 76 511
18 2 479
84 0 164
27 35 636
3 63 468
72 56 136
12 49 168
72 41 538
73 50 850
19 73 797
16 83 229
22 11 488
39 37 263
18 17 198
69 4 151
14 52 426
9 81 983
16 68 98
2 52 738
24 79 922
8 64 -2
54 38 592
65 66 815
0 35 539
7 6 480
6 13 140
58 35 451
45 47 508
75 26 815
73 61 992
51 19 126
25 29 -10
48 60 585
59 58 136
33 74 528
21 59 741
14 66 991
28 79 193
60 6 57
80 44 208
11 50 653
