30
989 521 842 873 884 748 690 650 282 729 253 257 935 494 489 792 859 944 780 217 386 307 299 277 352 769 643 446 992
794 224 655 422 808 546 7 924 472 213 445 961 698 628 114 99 358 607 492 454 748 386 859 780 65 793 867 138
873 333 334 876 631 663 747 684 369 504 321 957 986 218 571 657 197 939 762 425 524 975 953 682 118 189 149
953 648 971 720 332 953 382 771 277 861 345 336 225 16 855 523 203 433 88 568 29 677 828 67 471 46
813 578 104 660 898 46 595 840 854 264 874 980 214 283 596 415 83 852 81 649 151 408 459 552 784
97 788 337 998 374 878 276 159 289 245 525 524 580 707 44 857 73 759 777 233 195 541 374 889
981 206 907 423 384 559 4 670 490 201 585 621 30 535 410 694 688 776 495 542 481 961 425
274 315 888 449 5 890 993 333 977 907 155 360 694 932 634 532 626 555 499 524 710 392
513 143 678 172 86 537 171 724 18 71 81 113 325 787 352 229 889 896 200 740 874
798 369 784 501 607 489 501 841 606 658 809 400 20 589 880 971 774 569 840 74
328 989 463 735 558 818 950 847 999 558 986 92 917 722 628 459 735 726 203
172 870 119 941 591 233 259 411 825 196 515 561 331 798 845 583 474 693
753 378 892 301 714 825 721 170 992 172 800 477 386 763 662 458 511
429 887 723 529 64 603 192 367 674 237 730 603 377 997 649 295
265 567 231 433 20 263 765 324 497 477 792 531 192 480 817
770 202 838 966 836 875 502 139 244 469 73 117 817 169
579 683 848 428 379 715 656 156 454 776 677 468 163
63 684 297 442 282 512 632 365 827 794 367 830
183 726 504 971 723 161 307 770 69 602 114
117 924 512 591 54 103 885 546 888 191
735 554 481 188 748 12 381 440 134
182 420 429 205 538 888 952 810
4 444 731 194 308 866 182
126 311 943 715 213 814
467 120 783 206 491
293 593 352 901
80 823 91
55 140
62
