50
929 643 949 339 657 156 248 884 576 511 800 474 235 246 776 600 709 424 231 5 986 251 126 814 106 397 817 539 541 106 125 967 646 591 122 173 5 489 959 484 102 648 686 506 684 428 625 969 713
255 343 2 139 644 418 771 179 397 900 895 77 858 923 442 14 506 282 860 831 759 780 831 498 782 832 414 9 393 687 425 939 100 211 905 6 306 367 95 354 686 296 318 953 590 641 807 834
669 844 666 716 858 118 948 54 619 300 827 92 865 23 296 653 178 211 304 414 46 547 597 919 53 25 213 770 275 525 375 468 439 886 32 959 593 890 345 82 897 23 922 725 494 35 504
333 691 786 719 865 358 889 875 603 328 859 301 235 642 834 709 337 112 116 238 29 798 619 334 371 422 306 505 702 527 945 225 276 811 409 209 222 485 359 264 17 682 590 876 1 205
449 896 890 685 118 375 64 80 608 720 556 102 158 968 640 926 91 859 36 238 349 321 635 394 174 92 145 846 612 850 642 724 757 732 320 939 694 276 722 691 750 44 677 162 809
63 334 412 496 527 892 108 443 6 280 164 80 70 535 628 25 146 146 730 149 836 618 656 791 363 424 178 748 38 459 334 485 208 388 617 742 167 521 272 469 610 731 684 430
786 490 697 315 213 159 474 858 661 470 507 850 504 991 351 689 293 4 882 201 843 291 634 564 977 890 672 646 816 59 462 145 116 204 910 92 660 590 806 241 207 655 62
852 370 669 202 222 665 538 420 523 962 493 661 280 364 32 300 334 582 360 965 969 556 115 111 888 208 981 507 745 957 898 585 639 97 259 516 641 282 558 364 145 190
577 175 109 240 573 462 348 396 456 407 166 878 331 380 280 600 160 477 615 996 167 367 800 672 995 450 429 503 338 360 703 272 464 267 978 613 37 361 812 95 992
488 487 545 753 541 147 790 193 204 404 528 259 46 198 516 52 308 424 216 713 819 98 995 770 120 61 501 614 322 762 885 506 580 212 278 499 22 833 347 941
119 779 104 847 915 419 527 211 278 462 664 672 532 82 251 304 63 443 326 467 802 744 912 192 645 88 21 43 62 383 562 305 442 440 72 852 920 8 113
332 431 475 207 797 593 745 32 91 599 991 576 540 326 450 197 944 7 9 509 569 508 832 20 790 745 827 573 706 839 596 990 35 370 833 809 830 277
201 606 676 41 610 823 193 838 409 896 71 642 133 24 762 189 552 815 306 428 122 327 727 956 270 521 138 917 882 293 514 514 221 79 920 163 427
931 624 514 483 321 407 897 430 429 407 164 223 670 297 902 679 290 458 130 658 990 690 68 760 215 397 674 96 207 623 528 936 462 563 241 20
651 791 660 799 348 966 326 891 939 23 47 146 994 681 552 241 985 910 705 350 328 132 723 149 432 733 826 442 33 728 329 872 15 526 185
238 210 488 556 507 516 910 980 701 87 807 917 858 897 952 129 88 984 728 938 858 12 66 634 804 604 280 324 691 924 97 762 204 795
549 53 792 488 340 429 711 43 729 600 896 103 904 273 319 511 266 745 451 483 31 466 669 602 294 993 804 147 171 675 734 695 857
507 897 646 823 491 533 669 517 640 652 896 114 147 15 696 864 891 104 523 668 678 13 724 34 196 981 56 69 117 771 484 754
134 758 646 718 369 13 135 89 23 385 853 860 367 442 369 21 890 957 697 466 174 85 851 635 364 949 339 411 993 784 823
880 859 915 544 945 487 92 569 466 666 390 74 731 268 155 461 422 565 909 131 881 950 798 255 439 156 722 778 429 168
942 374 150 147 611 525 766 344 874 543 68 231 954 287 836 797 200 321 791 399 356 986 852 882 727 721 399 309 300
517 882 611 277 947 944 909 226 612 268 651 805 983 250 710 722 669 969 877 632 85 862 207 821 569 435 592 864
9 728 127 307 893 478 138 93 795 284 380 734 396 440 163 169 534 966 836 974 807 871 719 580 875 514 940
643 704 109 415 104 596 551 348 23 594 361 954 817 286 857 72 291 571 305 509 831 109 319 682 434 178
113 375 84 460 323 370 787 545 82 789 653 33 682 235 529 991 518 62 642 301 753 959 515 960 561
35 306 698 973 530 956 25 289 462 922 499 98 13 885 360 939 839 393 467 151 465 715 596 978
702 281 156 37 970 898 860 611 942 873 264 463 38 382 966 423 625 36 524 498 836 182 465
656 137 237 884 303 571 195 680 528 985 213 435 671 278 31 949 172 592 389 232 88 32
33 289 119 245 551 713 138 518 796 807 114 678 275 733 910 630 378 109 807 227 978
997 760 161 979 117 679 617 640 827 680 67 115 984 100 157 603 284 82 832 953
765 963 469 928 768 908 679 812 848 496 517 296 178 600 866 30 770 112 93
351 737 737 223 703 309 254 678 225 509 221 45 266 314 288 706 315 125
544 284 387 839 474 413 707 704 223 590 575 70 702 434 119 736 652
789 911 482 551 461 175 16 982 662 344 808 94 958 353 565 305
944 708 241 471 754 759 774 260 188 300 113 865 210 134 546
902 259 529 198 945 231 612 879 757 219 513 362 729 497
475 679 464 279 197 311 896 240 149 337 53 692 116
978 475 0 452 561 760 257 260 682 235 32 862
942 267 179 208 652 219 277 877 653 33 772
822 618 180 751 649 7 671 482 631 377
856 155 690 864 358 618 183 338 585
255 388 471 612 868 797 367 970
351 580 516 204 856 735 140
319 523 449 909 50 785
480 762 122 403 394
290 350 666 733
106 577 584
872 842
692
