100
0 442 625 251 73 560 386 787 777 473 416 67 899 628 484 222 25 328 616 686 910 382 66 935 331 623 298 351 546 227 612 527 448 421 62 887 426 79 535 102 152 268 838 581 401 874 988 304 623 160 402 164 357 734 196 656 984 550 691 343 423 210 213 146 603 295 939 989 957 967 323 481 163 923 561 59 936 213 655 424 458 8 671 726 209 220 497 758 338 616 146 681 364 111 597 183 428 453 755
664 789 640 640 191 573 586 38 161 236 422 288 476 569 33 788 840 839 666 828 893 409 329 481 919 306 22 485 207 870 255 924 667 861 493 868 741 894 312 267 182 585 858 613 171 682 32 758 592 320 575 292 979 514 237 173 182 930 326 605 238 949 284 7 96 30 516 194 160 786 539 726 78 438 524 500 547 831 251 265 65 380 798 820 246 263 436 635 652 540 911 699 759 525 931 851 235 828
933 730 551 847 317 413 160 564 44 245 919 768 540 720 762 822 159 128 171 259 425 971 346 989 242 911 856 467 635 131 218 986 262 560 396 829 748 95 704 817 321 889 257 377 301 913 875 814 634 191 387 696 831 551 833 606 356 374 399 354 196 754 970 857 149 866 905 983 246 19 533 129 565 62 979 901 578 858 405 152 288 295 615 144 778 526 921 172 58 768 605 208 151 779 213 902 792
426 780 182 853 726 945 622 873 132 288 509 202 877 467 166 791 345 371 700 733 886 483 530 224 891 101 616 112 741 241 993 830 647 634 977 582 992 753 901 414 818 115 602 817 845 770 163 233 763 981 234 783 74 936 257 344 107 640 587 459 849 792 180 969 334 247 898 80 231 635 363 191 307 67 101 238 244 200 475 475 82 853 897 867 287 882 777 441 930 721 254 789 197 787 541 783
416 905 487 642 38 888 763 719 287 185 998 791 794 887 315 380 981 27 518 478 857 722 414 406 549 956 762 74 485 918 415 645 536 450 997 363 137 354 790 481 471 974 978 439 24 74 599 592 980 531 374 250 305 116 911 683 375 911 296 94 974 838 145 146 784 824 692 829 467 772 83 272 119 681 74 379 434 107 372 719 297 829 166 921 466 652 50 598 896 907 707 336 786 953 889
782 635 637 884 362 933 390 233 762 211 340 769 400 814 285 432 175 680 345 270 365 804 823 307 995 605 967 567 463 791 938 334 560 751 660 215 524 995 964 168 111 773 607 954 150 132 232 987 921 114 347 824 662 591 443 93 741 400 153 140 770 954 944 807 512 809 530 242 288 101 820 74 301 174 178 993 231 37 393 499 19 473 246 139 321 384 930 336 174 531 589 159 828 348
186 920 743 442 776 376 749 222 775 477 538 851 342 431 646 130 925 433 713 234 699 177 428 241 588 209 374 698 280 854 421 45 678 678 402 152 21 542 17 65 43 655 14 891 910 594 47 302 169 597 376 354 766 390 439 212 964 173 832 807 294 356 545 506 443 449 198 565 545 756 454 577 716 233 309 959 723 268 399 602 480 226 985 264 875 69 199 286 594 761 972 652 501
473 111 382 345 653 368 498 251 0 671 303 767 385 757 250 488 945 353 691 949 357 953 415 314 209 321 970 32 63 987 975 489 482 612 772 511 779 540 59 121 674 89 250 337 187 249 127 304 370 572 188 205 685 347 403 225 383 605 559 303 439 179 388 261 123 806 314 410 613 236 696 498 882 489 859 199 592 123 800 901 754 578 727 74 806 59 13 183 292 718 989 74
615 736 465 472 139 255 536 300 287 215 572 727 1 310 193 925 207 513 575 712 162 283 813 364 486 307 562 796 728 789 341 80 388 190 524 79 35 211 549 734 466 66 330 506 658 386 930 953 465 233 530 653 617 352 161 127 814 923 311 648 252 885 689 210 71 658 632 334 708 564 364 135 77 516 658 674 223 584 999 522 966 442 10 219 184 595 433 160 712 681 370
140 947 176 953 42 794 579 98 492 251 256 87 633 447 455 109 472 290 410 646 808 638 95 295 359 122 386 156 482 752 199 819 850 685 946 399 722 591 283 734 781 561 946 64 120 69 533 177 774 244 235 707 333 995 933 221 905 466 205 104 13 453 126 622 39 559 963 949 759 564 822 145 154 396 314 525 970 453 678 743 129 430 79 720 991 705 636 106 292 364
654 705 811 940 732 227 216 632 913 257 422 628 98 468 951 837 499 424 719 872 367 659 503 648 714 941 173 876 415 337 464 886 509 419 228 209 351 27 531 335 43 555 538 482 951 21 751 965 798 347 154 796 384 371 483 123 416 273 696 445 944 671 922 854 851 385 496 413 92 747 430 138 736 181 118 61 693 511 954 975 685 791 285 866 795 842 628 301 990
471 561 415 50 599 915 813 87 388 424 428 509 110 718 746 169 112 738 591 368 251 480 544 665 593 355 37 940 463 5 882 51 316 49 593 855 782 376 332 660 425 53 891 292 714 399 147 813 881 698 779 502 979 720 137 599 796 539 446 695 443 700 345 908 673 302 48 109 470 880 614 78 269 766 295 485 506 850 530 661 330 498 58 309 831 32 519 745
208 18 344 759 881 642 373 149 101 108 483 56 21 731 919 703 17 106 176 210 32 394 263 973 878 461 791 502 510 282 691 15 910 354 105 194 569 736 16 576 870 589 984 118 638 7 412 870 881 410 626 294 83 42 326 467 36 30 223 880 827 797 583 835 299 722 282 343 768 129 593 380 271 494 470 607 509 258 127 553 538 168 673 138 637 610 868
269 792 837 19 813 83 849 633 247 171 698 217 887 526 609 3 623 334 998 833 932 87 543 530 263 326 50 841 234 941 68 645 543 431 904 696 385 976 621 125 46 597 846 596 414 701 379 947 274 981 949 750 779 358 763 910 834 528 338 824 363 309 124 120 920 421 892 804 629 652 396 159 941 915 191 924 116 11 228 378 33 696 652 682 394 791
29 355 124 294 374 300 649 803 310 560 167 523 848 188 579 390 193 500 664 12 137 876 304 472 257 210 918 426 482 953 504 514 48 815 585 624 313 946 482 458 363 408 62 19 70 285 393 206 803 803 85 126 762 45 532 566 117 149 155 185 481 5 486 799 129 313 158 486 243 99 4 55 864 261 224 110 193 123 983 750 417 534 201 231 65
608 58 277 540 860 594 61 96 36 9 645 260 419 635 93 5 99 659 754 49 508 716 992 420 845 605 236 501 516 159 197 401 954 887 274 570 503 879 77 472 628 943 96 536 871 999 258 97 365 873 827 502 302 684 951 68 402 658 721 224 197 133 154 742 26 778 138 513 595 488 878 597 862 513 436 281 822 177 737 502 16 520 920 157
525 29 277 831 402 752 363 750 239 109 946 206 664 31 897 698 166 930 787 40 556 668 32 679 247 77 136 673 831 464 46 244 859 106 443 449 555 258 10 26 487 977 4 105 254 406 993 925 700 263 106 385 744 924 264 419 186 124 367 672 292 934 66 565 318 962 432 815 200 264 219 68 197 987 597 526 697 171 873 872 211 607 962
175 530 675 787 461 497 769 652 832 852 523 54 624 466 568 303 784 950 781 755 513 667 159 374 269 790 746 315 418 277 778 877 339 6 283 249 226 28 560 529 443 481 87 299 932 342 584 623 720 593 137 245 311 865 369 987 642 339 20 748 904 959 79 476 73 551 397 923 524 851 688 483 295 963 0 851 956 351 714 372 506 614
260 682 21 430 349 248 925 822 350 434 597 59 626 476 219 995 755 326 302 956 676 242 107 606 72 179 335 458 194 974 898 394 206 159 558 905 526 311 921 395 413 56 204 826 160 627 15 768 353 749 159 509 349 340 539 448 809 787 654 489 630 62 602 718 486 969 287 561 663 953 13 980 249 76 972 109 531 404 826 513 56
632 236 143 376 864 401 803 631 664 127 34 249 731 718 752 457 859 195 418 918 54 719 328 42 582 552 684 987 977 633 860 329 598 321 798 79 247 567 507 942 783 594 1 267 727 255 444 133 171 364 991 469 370 684 573 559 532 914 685 239 989 808 694 240 427 486 133 598 191 239 720 312 523 625 339 786 129 707 91 621
173 261 343 35 835 757 842 816 379 132 433 815 608 641 952 257 561 445 894 1 587 116 8 755 32 398 621 435 921 554 61 467 170 744 250 439 699 96 453 354 599 554 952 918 461 641 772 949 169 561 509 840 889 659 723 85 865 225 815 161 931 890 700 256 175 346 974 785 470 272 763 245 48 387 287 227 198 463 791
287 80 721 427 893 711 481 852 625 89 386 996 750 988 846 53 786 548 290 0 852 124 353 220 456 275 695 246 642 252 306 503 78 474 614 500 76 243 32 138 641 671 376 326 14 455 627 776 898 493 855 52 368 143 385 225 944 331 219 839 439 717 151 5 963 144 59 911 832 334 226 68 13 893 762 430 407 474
332 942 100 577 336 660 203 394 681 129 853 267 378 341 744 536 437 336 758 309 477 144 789 754 240 786 281 254 760 374 418 820 14 858 186 979 234 822 651 104 671 494 861 718 870 936 498 455 527 347 515 205 219 604 288 385 550 259 426 601 131 734 236 904 112 800 300 49 142 946 863 11 296 907 430 466 305
785 590 78 677 627 841 649 607 104 126 820 744 911 996 252 785 32 117 764 669 872 83 498 540 237 844 51 239 286 489 171 577 621 385 867 962 950 311 107 319 494 479 668 105 861 965 744 252 701 576 479 572 94 887 228 442 517 978 195 852 517 173 407 361 615 430 884 945 212 543 663 795 844 133 305 413
135 640 781 973 637 409 575 971 986 910 443 196 155 938 418 768 409 544 649 783 930 242 505 356 361 216 785 542 74 892 11 403 525 926 859 756 181 89 914 776 762 371 943 371 629 236 464 320 998 997 606 3 439 421 463 704 36 569 305 83 104 581 961 545 752 838 220 713 194 157 560 360 220 789 286
859 670 655 77 137 543 599 841 345 856 29 898 614 398 274 553 475 937 558 587 561 58 698 144 983 67 116 311 935 792 436 15 41 940 373 531 596 706 674 171 280 236 106 787 526 326 569 407 761 143 888 585 208 731 455 976 369 441 789 963 33 278 532 419 426 115 304 229 961 451 571 251 939 843
874 323 767 742 455 305 901 198 123 203 250 77 498 848 777 460 816 756 936 749 629 137 293 244 578 33 556 706 899 935 407 190 66 746 808 441 930 51 735 749 340 868 713 559 152 417 46 535 948 59 778 788 503 960 533 78 952 795 561 701 3 803 537 249 812 149 745 409 392 410 540 783 39
800 6 45 182 80 577 578 655 243 108 819 538 741 816 392 986 531 521 606 922 386 653 946 39 667 538 194 688 437 119 157 649 190 727 746 481 633 816 592 508 792 950 205 545 313 923 470 715 144 814 997 627 312 469 163 566 877 170 342 381 873 744 797 408 564 492 786 346 170 889 630 545
383 950 553 226 460 535 905 268 663 612 178 793 510 391 52 205 760 119 684 189 612 717 463 342 962 679 683 49 563 154 965 840 644 614 942 688 262 942 534 59 98 491 822 387 40 957 161 41 676 123 260 392 969 435 999 709 543 789 632 759 643 437 6 199 44 857 402 845 994 788 802
761 525 885 738 296 69 622 963 969 949 13 527 139 602 224 376 930 800 66 974 558 346 879 469 119 857 47 110 887 908 948 694 813 565 894 159 300 76 580 68 940 636 388 509 972 244 370 99 62 220 148 694 395 572 810 932 790 974 29 542 557 579 856 778 407 137 699 202 919 309
952 200 510 203 725 893 320 118 356 561 200 651 323 928 500 597 889 523 833 743 891 573 479 20 921 505 954 892 450 949 722 235 763 682 642 131 475 437 757 396 370 870 864 322 762 751 28 830 856 555 543 793 194 367 128 137 235 853 6 906 904 727 389 686 248 957 605 590 799
656 655 717 639 456 713 840 310 886 102 111 304 700 990 721 277 735 370 540 153 66 282 823 134 317 813 958 442 89 90 519 744 37 808 440 76 442 455 12 881 771 846 137 273 757 65 426 107 459 269 503 580 814 720 329 59 656 854 73 995 540 712 303 320 129 250 578 733
553 782 418 114 466 716 527 952 926 866 131 754 819 380 643 362 747 989 547 737 822 50 551 423 557 45 743 797 721 528 25 371 184 130 172 892 108 602 323 443 469 82 534 549 102 970 290 218 936 189 819 91 202 487 984 857 229 103 343 614 894 200 234 272 376 90 904
378 533 768 505 779 583 517 517 646 311 186 567 767 5 303 605 967 91 707 860 216 548 251 318 83 51 981 220 674 775 913 724 105 91 745 513 378 159 131 386 753 840 650 21 70 744 639 903 695 999 674 654 347 678 284 667 565 584 296 386 171 614 83 903 658 369
992 186 598 426 818 344 699 377 402 739 751 293 281 117 117 231 78 561 706 258 630 261 93 234 75 129 927 933 500 280 671 686 683 461 597 721 538 811 733 261 868 703 650 131 335 173 992 525 738 324 371 773 166 478 384 399 497 137 292 867 977 206 364 453 233
344 101 349 97 407 778 746 297 677 152 235 183 150 605 88 280 427 739 932 939 297 447 723 948 585 257 706 293 4 47 74 422 414 176 255 207 976 292 501 713 7 265 304 455 436 754 700 810 380 711 891 495 509 211 644 84 928 337 987 166 519 403 397 882
144 282 348 479 599 404 461 214 260 410 176 846 462 447 881 88 990 384 531 179 25 310 965 712 719 276 837 780 130 211 340 41 400 522 276 245 184 376 391 643 988 965 155 950 62 223 463 247 228 576 82 433 771 211 22 558 157 77 213 511 122 575 7
30 741 584 609 660 149 56 778 912 792 614 310 39 565 640 599 739 11 599 1 478 780 372 427 895 319 286 635 809 385 355 961 472 625 248 915 629 182 813 494 430 419 557 399 842 923 580 19 547 741 148 287 610 938 722 229 562 496 726 262 553 46
989 916 220 341 170 740 494 492 903 364 420 726 782 503 702 711 287 543 722 4 37 810 966 607 946 796 752 547 794 838 512 705 475 337 402 837 899 594 504 793 408 665 884 510 738 549 282 282 39 984 138 812 586 729 470 130 427 898 608 777 490
479 349 275 419 819 82 954 634 575 767 67 913 602 70 324 577 468 115 693 119 658 298 112 314 461 440 682 497 581 256 294 540 832 207 551 7 357 17 349 779 432 257 290 681 723 915 173 789 958 157 932 320 512 40 159 203 774 226 501 903
395 562 699 23 442 283 545 69 532 221 139 998 770 485 876 711 124 111 67 908 138 915 630 334 257 738 518 859 584 590 280 327 416 132 459 256 100 18 575 342 603 250 442 631 401 208 539 272 979 470 90 186 0 875 587 612 949 758 855
381 919 77 82 641 971 927 533 912 490 539 277 424 357 522 876 967 980 320 446 651 573 809 977 89 252 540 468 96 661 482 700 633 729 232 158 909 555 8 165 722 11 560 976 32 83 454 198 151 372 880 133 858 365 61 261 98 306
645 915 932 428 777 473 833 292 452 204 620 944 19 902 383 615 693 511 814 590 209 451 900 314 985 136 918 67 632 610 755 186 830 384 185 993 299 532 228 997 580 381 904 973 682 635 915 770 544 331 640 911 19 259 583 134 725
24 158 289 348 39 928 521 345 929 563 254 318 439 93 838 269 57 313 57 306 563 652 267 274 616 856 142 11 375 109 641 269 717 179 612 830 919 780 654 324 606 118 280 903 515 592 382 17 873 152 403 114 499 591 213 597
839 24 886 679 928 560 499 642 654 248 986 364 777 264 299 454 316 397 632 459 264 325 159 754 558 559 4 311 140 933 443 618 143 334 588 191 630 659 342 313 618 758 501 76 679 772 392 150 682 526 851 522 95 913 395
216 267 315 207 716 339 231 69 129 527 258 612 556 862 372 981 650 401 826 83 194 787 131 937 567 539 965 445 440 898 664 921 356 213 168 658 529 77 874 157 989 50 593 255 278 645 633 289 629 276 74 329 493 388
827 858 429 229 826 853 365 757 732 752 57 357 598 585 169 983 540 645 906 751 234 417 426 174 386 309 275 765 147 199 665 4 605 467 261 246 921 639 129 954 438 473 467 777 261 265 491 297 51 840 602 748 589
509 160 483 537 484 586 883 432 729 454 986 900 544 74 557 248 525 569 896 840 469 831 293 240 366 93 398 810 373 562 19 482 412 533 937 351 781 610 453 864 104 675 648 653 90 31 221 279 284 580 470 657
961 867 279 909 643 913 341 569 287 509 194 347 666 767 488 232 480 940 410 884 646 401 656 825 951 471 526 657 908 684 942 389 770 255 924 791 218 198 706 693 518 534 333 663 140 918 886 635 895 953 692
459 579 911 212 598 789 560 327 575 466 859 693 537 436 245 268 313 346 570 497 41 752 893 154 866 17 161 356 141 750 891 302 160 365 463 382 560 889 667 78 252 68 86 242 747 198 796 187 312 565
284 230 25 424 517 145 106 37 639 123 914 175 597 666 25 208 215 736 707 800 841 921 212 981 40 317 26 26 176 615 481 542 459 843 307 982 802 46 309 977 691 621 857 865 265 152 5 498 680
57 413 954 69 377 201 843 726 975 929 750 939 269 29 947 163 716 148 315 372 864 291 775 861 282 349 758 242 870 912 510 605 988 744 898 201 222 962 418 876 838 22 52 400 227 116 852 143
908 556 200 584 947 714 773 764 354 441 392 56 389 533 641 54 644 192 396 631 88 370 561 459 958 883 517 597 580 175 363 564 282 507 323 926 304 181 38 316 71 932 618 863 791 768 111
26 390 98 911 110 468 967 781 492 608 273 645 186 190 377 475 15 521 419 496 685 819 37 705 810 103 57 987 204 425 511 786 766 840 674 797 481 979 644 172 320 76 206 768 689 970
126 519 249 243 150 424 84 379 182 938 599 464 872 600 859 634 419 326 900 298 167 676 129 943 625 997 923 69 398 185 659 220 628 707 788 318 655 873 306 8 911 430 749 276 592
415 470 806 140 614 10 214 808 783 211 338 642 269 282 97 209 707 101 976 9 357 983 745 835 910 741 329 574 493 894 504 838 339 189 685 724 548 703 832 631 719 11 465 494
192 30 996 927 655 674 143 773 288 811 2 44 736 339 438 560 814 273 76 567 529 363 813 149 283 920 900 783 506 253 59 278 873 664 725 377 624 70 10 647 744 270 330
223 48 95 756 806 408 731 246 559 586 228 429 614 485 119 347 291 762 316 667 913 353 645 76 359 623 883 775 910 365 188 607 639 964 790 21 456 326 864 756 247 947
171 293 703 885 352 269 78 892 476 392 636 153 166 113 273 311 165 651 584 809 263 37 934 712 746 123 404 234 924 64 353 949 148 657 184 703 193 336 123 241 283
721 31 384 881 551 791 482 92 853 605 790 487 585 936 129 720 149 721 104 130 666 822 246 872 290 441 848 328 49 355 317 367 438 660 669 454 38 585 642 141
87 955 557 526 390 734 305 881 472 837 556 786 419 355 640 661 240 715 443 181 47 223 155 711 957 682 928 137 831 334 837 955 414 134 533 483 326 226 480
74 949 957 568 742 98 203 754 451 704 602 549 87 514 861 162 621 892 168 810 290 299 50 658 881 351 756 623 293 824 592 981 764 619 428 994 485 230
40 458 234 588 307 765 907 609 692 215 661 60 851 614 563 254 288 466 286 631 742 490 785 385 465 593 392 713 225 772 657 914 773 723 982 295 179
941 280 187 857 149 742 968 128 482 809 306 791 526 288 715 218 71 493 916 545 477 814 303 858 244 651 10 206 467 24 142 199 870 490 761 100
839 644 812 550 266 905 584 284 938 944 579 353 16 990 577 127 607 59 766 609 449 365 930 849 89 422 524 233 980 427 706 287 727 965 595
899 579 839 42 523 755 823 397 409 966 66 471 544 319 256 553 480 963 316 550 388 992 498 734 654 997 883 869 739 750 145 95 293 93
11 98 779 664 482 615 783 541 554 979 451 225 685 664 819 503 980 871 622 618 303 171 572 17 880 129 581 977 346 118 490 597 894
482 187 486 700 590 33 682 155 361 110 107 518 13 507 179 918 185 878 11 547 674 340 203 581 779 340 64 202 724 181 469 997
294 768 844 557 696 134 290 458 436 52 973 275 297 431 566 471 146 711 675 611 799 659 10 615 284 876 613 820 933 248 49
155 154 897 701 316 591 885 919 172 76 634 53 389 208 923 890 236 751 855 432 462 284 904 838 114 286 473 327 914 53
941 841 824 982 372 330 716 209 206 762 415 499 523 523 284 557 382 992 32 808 920 246 499 810 458 723 443 314 186
51 204 925 851 949 830 418 747 190 781 359 101 189 491 824 187 999 610 63 803 870 696 390 186 170 132 53 332
956 965 117 714 807 136 30 625 200 638 916 530 488 683 0 375 828 881 352 12 44 412 875 698 255 839 982
876 689 89 682 467 366 803 885 691 185 66 381 814 762 704 439 421 437 588 868 862 210 444 781 271 340
529 7 423 294 653 542 447 337 964 561 195 248 971 251 743 717 918 832 864 428 394 307 912 455 4
410 539 944 590 330 197 276 964 482 312 330 627 469 412 313 978 412 674 197 940 392 4 225 354
182 314 628 900 934 81 582 255 352 827 283 776 362 622 561 222 732 165 984 621 35 347 544
343 821 400 602 228 392 526 785 368 908 951 659 769 807 743 574 308 808 210 516 29 155
437 533 377 73 956 232 204 492 272 157 977 918 924 375 620 591 670 903 746 373 191
282 823 866 906 702 93 216 723 481 611 510 355 998 201 896 628 800 800 566 296
515 329 206 596 475 527 98 836 353 24 676 122 155 623 150 718 931 364 839
894 211 845 174 690 703 364 413 488 883 153 394 79 290 634 614 716 692
819 895 648 858 348 11 646 323 576 864 360 335 463 374 766 620 821
345 42 425 84 244 635 795 645 377 707 635 752 686 235 782 167
249 729 40 822 690 194 797 409 735 780 760 334 687 210 862
747 837 592 274 323 862 467 875 431 239 784 432 366 782
114 450 613 473 826 78 985 489 326 544 991 711 215
471 786 446 435 124 863 34 407 81 806 44 170
207 303 904 741 246 985 154 701 535 437 566
68 788 711 664 477 687 766 41 234 390
100 341 578 716 659 876 287 193 35
332 799 869 632 403 195 564 625
596 259 99 559 742 352 708
135 533 899 432 521 680
725 328 512 264 124
588 305 554 775
493 476 918
491 388
597
