100 100
44 16
36 32
59 44
6 12
96 78
43 24
85 74
30 20
58 82
82 16
5 34
97 80
27 50
41 69
56 10
54 20
20 96
5 2
68 29
6 55
20 22
49 65
34 24
25 41
28 11
90 74
54 50
49 97
27 82
96 71
4 53
18 60
67 84
59 85
34 19
72 95
81 0
50 74
0 6
88 29
42 35
77 14
15 93
56 72
7 5
97 93
43 94
15 1
87 66
6 20
16 4
22 75
72 58
0 11
41 74
65 84
21 49
48 96
61 4
4 68
10 73
4 85
95 50
90 70
7 90
92 32
9 73
92 58
1 89
96 91
33 17
26 38
95 14
41 60
13 95
80 71
56 21
26 32
42 44
38 93
94 17
1 85
55 21
92 51
3 39
39 47
47 71
41 38
39 58
58 34
69 76
65 35
60 73
13 57
29 23
0 94
81 78
42 91
77 6
66 94
