100 200
29 11
59 32
54 42
95 80
97 32
77 32
89 16
15 59
88 2
64 31
77 94
57 73
5 18
62 76
34 37
62 16
0 65
20 15
14 78
67 1
80 6
43 73
73 58
11 42
77 50
71 82
62 89
81 2
78 73
67 80
19 66
83 66
43 28
54 47
7 56
72 29
91 11
78 8
29 67
36 73
57 83
78 83
1 79
43 53
81 26
74 56
42 67
12 2
7 74
55 27
14 44
98 25
38 77
2 58
15 61
72 59
9 62
39 52
74 45
10 29
91 10
1 51
30 99
28 75
28 83
0 79
22 39
9 67
23 98
22 4
99 23
25 5
6 69
22 65
82 16
98 20
52 20
41 25
2 70
39 9
75 46
12 75
1 98
96 21
47 82
16 59
43 38
21 96
24 99
82 76
27 32
88 41
41 35
46 40
50 34
95 24
58 87
17 91
41 43
51 68
48 55
66 57
56 7
16 35
51 37
92 98
33 20
30 28
7 83
80 72
10 1
57 49
60 61
82 56
19 33
89 46
50 7
26 79
19 79
2 41
77 62
84 43
79 81
95 38
17 10
82 52
9 13
73 92
76 45
70 73
25 32
5 67
49 61
31 40
79 36
28 49
79 15
32 7
44 38
71 4
74 72
5 6
92 29
49 74
85 64
59 28
66 90
10 66
39 3
70 38
22 41
58 84
80 77
94 61
53 86
32 98
89 73
44 90
60 36
41 67
0 51
16 42
6 20
45 49
98 11
52 30
42 72
61 69
80 5
42 28
65 86
60 99
10 55
7 74
12 96
41 30
48 38
88 58
47 19
53 3
22 6
92 54
25 20
55 11
64 20
54 83
76 78
72 12
43 41
91 36
8 95
65 51
65 87
3 52
19 23
49 44
63 78
67 91
51 2
16 36
