5000 100
3208 3415
2027 136
3834 1974
1960 3638
4643 791
498 79
1802 1106
4023 2863
3168 2402
4979 476
3690 4027
357 982
2543 3697
3337 4067
4080 2266
1143 2458
900 630
2405 4322
3111 799
2809 4604
1371 3946
1119 1134
4535 268
3747 1189
1368 348
850 4546
151 47
2190 1091
675 2959
3496 2620
1825 2019
2118 1821
1613 2816
2380 2157
2573 1909
2414 2626
2721 4662
780 370
3896 2390
423 4716
245 3964
4712 1080
3020 4685
4428 3330
1988 838
2706 687
3414 4122
2314 2646
4769 3645
745 898
4999 898
668 3516
3699 1660
3982 297
4053 1960
4706 3195
2217 2549
1395 2386
3405 2105
2632 2945
3002 4868
2472 4289
1931 1981
1805 309
3559 1650
777 1495
1431 1172
1264 1892
3535 3260
2588 3233
3379 4136
2873 4784
49 889
3149 3514
886 3477
2786 3673
3165 2991
962 76
136 2260
2129 45
645 4515
1456 1668
2426 167
4001 4960
2677 3183
4541 2169
2792 2521
2800 1784
2198 4151
2552 3627
1172 4657
4336 4888
4127 2221
1332 3941
2552 4801
3438 2553
4746 2443
407 2171
3807 551
3244 3458
