5000 10000
1958 3636
1885 2917
2155 3469
4546 3097
3086 1625
4910 189
3872 368
3053 2801
1817 2511
3585 1568
2666 1038
4727 3110
3401 2697
4346 147
4305 3380
2525 2801
952 1630
2806 4650
4714 536
3758 2565
2446 3013
4068 4184
4094 1763
4725 1032
4880 4384
4318 885
306 536
858 2507
3917 2578
210 279
3870 2706
239 699
2925 665
3642 742
707 1039
209 763
755 1650
3167 3865
2992 1116
3168 2619
4628 3659
3032 1897
4021 3692
3731 2369
4003 1031
4707 874
416 1947
1595 3482
4543 4263
705 3228
3286 2514
2544 97
3532 3695
203 2855
3929 1072
859 1816
4646 1578
4377 2310
2479 4959
3615 782
464 2146
57 3492
1682 4076
375 2437
3945 758
3761 2191
2834 3384
3317 4106
2654 1121
423 98
4866 4847
4028 3537
4769 113
2720 2789
2438 4152
1816 2171
291 2502
2689 2666
2391 3013
2213 4789
4772 2990
1470 548
3374 3416
4152 1079
3730 1820
2512 3367
2966 1787
588 1534
500 3833
1511 182
386 2859
1319 4988
4950 2784
3690 2074
173 776
591 4702
868 236
3470 2599
3950 4420
2778 4453
2977 4695
403 2487
1144 2181
256 1396
3730 3210
140 1903
81 1064
279 2588
1549 2959
1557 222
449 902
1794 4038
1838 2948
4407 1071
3929 3419
1538 2154
2689 1145
512 1503
1343 1257
4114 2304
4611 2460
2322 2436
571 2605
1878 3516
2101 2031
2283 1162
2191 4186
4961 844
4049 1463
4430 936
2754 3187
830 449
263 3971
3193 2970
2128 1294
4955 2422
1536 2117
4425 1230
3322 3468
2121 4892
743 1229
6 3867
1801 2720
1039 2218
1992 2968
318 1514
1723 2293
4297 3416
3242 3005
226 3960
4011 3429
3557 1379
581 3746
1831 553
3128 2651
2903 289
2404 3982
3158 3741
2014 3681
922 2341
3885 1578
4814 147
1178 4649
4850 3015
4449 1520
4332 488
6 3481
1657 2355
4497 49
483 4402
299 2294
4436 4557
812 3666
2556 1796
2219 4077
2696 415
4185 4514
827 269
4539 1993
18 2636
1794 2039
998 2297
1366 2074
591 3810
3434 2812
51 2779
1774 3078
2016 4263
3202 2619
1776 2849
2521 2528
3656 2861
3397 4534
903 2790
3596 1126
860 1247
1976 4626
376 6
3780 2410
901 644
1228 1720
1184 481
4044 2499
820 3470
1634 3564
3998 3302
3697 4726
138 2228
3749 2048
4142 2858
3320 4186
3947 4619
113 877
4918 1471
4404 1752
2160 3434
2582 1691
3380 4589
2334 2962
1255 1450
421 2558
2492 661
4158 4639
750 4256
614 1999
2600 1895
1030 4521
2554 81
2712 4023
417 2376
4219 1740
2048 4465
659 4584
3049 1964
916 4267
4612 3316
2403 3626
3444 3436
3278 482
4670 1117
1008 261
1098 1139
175 664
241 1243
3615 3895
3709 2010
1434 3975
3865 142
1356 2061
3441 3876
4306 4240
4942 2971
84 878
2597 2024
4840 3417
1296 2189
950 2426
4576 1711
1033 2503
4111 2683
3639 1469
403 3848
2209 3064
2639 1336
3011 4411
2582 2530
383 299
4223 494
2060 3935
3816 2233
4823 3365
1585 4951
4034 3959
1051 972
2474 2101
3406 4216
372 2199
3928 1431
2202 3364
4606 3852
3444 485
3830 3089
2670 4262
1850 4630
3907 880
4896 1949
2716 4396
228 3286
418 4100
2540 3391
3107 4605
1496 4817
975 4565
2849 1798
204 1507
4035 4413
933 506
1925 2244
1136 3418
3585 4711
243 3362
2919 4037
1822 1247
4840 49
474 4742
2510 3345
4338 3827
2315 380
1827 996
1324 468
4546 4665
4158 3028
2518 4835
2066 3009
951 2741
2551 370
378 3296
3733 1342
3436 1512
3412 4753
4021 3276
3521 3943
472 2201
4232 718
42 969
3871 2102
0 800
723 310
93 2697
1809 4182
1765 777
743 3869
1443 589
1220 564
1206 1207
1459 395
1659 4192
3258 4530
3851 4496
2388 1277
4620 2586
3128 3614
3597 224
1557 3469
3736 3518
2591 2424
1306 618
1730 2872
532 786
1198 4976
1440 4779
3736 2867
2758 2734
2524 4650
3759 197
2105 647
3225 3834
1551 4772
668 4220
3925 3122
1722 3679
144 37
3876 4045
2747 1436
3263 355
4434 2823
2163 1630
461 215
4597 1013
776 2559
4516 2754
1062 1060
4058 9
4207 4202
729 4233
3015 1971
1117 1171
2067 763
987 1314
2836 3146
4194 2354
2803 570
1460 4969
717 2002
3138 3800
2947 1056
4104 899
2116 1075
3801 3740
3349 2308
1579 2802
762 2806
3004 4495
996 4780
168 429
2718 11
2311 544
4094 2053
3154 2547
3299 1794
4202 4826
3770 4572
2368 4215
2693 2270
845 2581
3987 3115
3910 3936
4601 1276
4455 2013
1989 4292
2988 4027
2736 1065
2696 1714
1372 15
4809 1678
481 2424
2264 994
1668 349
3931 2634
1131 1152
986 2198
2018 1844
2552 782
631 4715
4153 4297
2641 1093
3420 730
79 4830
211 4954
459 225
3967 321
2890 871
3593 4949
3963 4379
4589 4462
1315 2745
2293 1697
2402 619
2907 2445
2787 1738
2227 2837
2865 1165
4702 23
3662 4769
3353 1394
4341 1351
2054 4494
2095 4977
1557 1543
3125 4117
3197 4357
2918 4643
2632 1072
1745 3908
1697 4891
830 452
3997 661
1044 4901
3712 1808
4155 4250
669 2238
2595 2724
4260 694
3316 2637
2744 764
3818 1719
2723 3689
922 429
4930 511
2413 947
3918 252
4818 3023
2551 3307
3467 4568
3529 2115
805 2351
481 1662
3329 1311
1580 3725
768 1067
4923 4879
4531 1898
4616 1605
2294 2612
3801 4421
2643 777
2058 3612
58 3617
180 294
436 1380
2017 2239
2855 11
4775 353
4421 4668
236 3032
867 2996
4320 3799
4289 2271
2527 2266
838 3356
3665 2221
4561 927
764 3271
3880 4853
3825 622
1278 734
4579 1960
428 4413
2588 3971
2631 2592
4051 4819
3806 1479
1519 4826
4323 669
1353 2848
1583 2905
1997 2436
1337 4550
1990 2131
4416 1881
4682 3475
3109 1421
898 4637
2855 1690
3945 2459
4731 1914
4980 1244
3442 3036
1412 1367
3757 1236
1652 1720
447 2108
3807 2470
3731 3430
1965 1232
2651 2351
2085 3863
4669 3189
3718 1544
3946 4205
2000 2420
4954 1710
3788 3036
3348 3054
3287 1497
1280 2266
3920 4420
4086 3632
991 3711
667 294
541 3175
713 3429
4230 2825
3643 1624
2481 2758
2386 1969
4768 1031
1739 3808
3646 680
598 595
3008 1273
969 76
70 4730
104 727
3582 4586
165 253
585 3951
4744 3096
3859 773
213 952
1171 2705
932 452
1548 1339
548 1637
3521 1238
829 4358
3572 4002
4765 159
3678 240
2582 1906
3354 188
1790 4223
4006 3153
3274 4804
2358 787
3114 4174
4785 2800
3667 4841
3259 2036
3267 929
1471 3571
3527 3629
4346 2121
3884 2038
732 4227
3362 2527
4248 2821
1538 1563
454 263
1420 1347
2124 4290
3964 1626
4359 1562
3673 469
4828 1522
1221 397
3952 4909
575 4612
408 4259
2845 2958
3676 1678
1644 3455
1784 1621
3003 2517
4036 4798
2341 4991
3627 1489
3342 1024
2084 3099
673 1978
1432 2739
3936 4253
2496 3963
3770 4246
114 1038
996 3521
2054 2778
4636 572
4950 1362
1641 653
626 2510
442 1855
955 4040
2378 4707
1632 138
4678 2163
4485 2798
698 3943
2652 1041
2710 43
985 1874
2786 3386
4327 2441
1771 172
3911 3600
3990 4246
3555 1007
1148 2004
273 2962
2607 2817
1514 2327
3036 977
1793 3091
4961 4671
4620 2806
3132 2521
2095 358
1493 1170
3267 4460
4681 2929
546 3425
296 2690
3330 1558
1406 4621
4783 3485
3776 3952
3298 445
3848 4283
4302 3721
938 2885
4239 523
182 695
1355 2450
4398 2787
2649 3214
3069 2593
2850 1667
3800 3000
2864 981
1500 265
2001 3463
2686 2625
282 2655
2802 4593
714 2486
920 1604
4908 345
764 483
4509 2283
2430 4667
589 2669
1551 4586
1798 3485
1765 1939
691 1890
4448 2503
3975 3281
1879 3351
776 2071
3156 742
1808 915
3549 3800
1740 4986
1379 3646
950 579
3738 1140
971 3140
2457 161
3830 768
3706 169
3187 4034
528 4855
296 1136
3346 4838
4610 786
4392 775
4417 1110
1424 3546
4100 2113
1265 1138
494 1433
1445 2651
868 4086
988 2746
1877 2853
2381 1939
689 3435
1668 4213
317 572
1008 1576
3734 3986
1889 3323
3216 3671
539 1884
4606 3284
4970 306
2610 4767
2274 4504
2330 3045
2745 2861
620 147
1408 2468
3525 4792
2668 4380
1290 323
4996 1964
1389 1753
2203 3315
2907 2707
440 2080
2001 3240
1920 1008
3803 3927
2930 853
3968 1282
214 3085
3254 594
4298 2455
2367 2070
1538 3644
3544 1561
2183 3578
3128 4951
2381 3771
964 1666
631 3992
968 3912
4094 641
3406 1403
1022 2494
4949 2691
4444 534
1345 1730
1767 1130
2623 4067
4875 1368
26 2707
1195 2289
2844 3498
2623 3597
4996 3471
3571 3461
2291 3317
2443 2790
1924 4313
821 2209
4608 264
2591 874
2378 604
3084 1857
1284 2720
1354 238
942 4435
4942 2285
1507 2661
4120 2236
4424 4837
2571 3588
1375 1572
1065 1890
4608 3948
2214 1715
4264 4499
4991 3958
3880 1717
3023 688
1941 1629
264 91
4318 3943
2613 3622
429 4232
260 403
4436 1723
1085 2447
842 3584
3878 3268
2334 2088
1230 3309
2238 788
840 1383
3188 384
2444 316
1688 4808
2912 308
4299 2736
4377 1708
1 571
831 2355
2113 2965
48 4059
2592 2776
2838 4443
1223 2870
4212 1403
881 3441
1666 4892
2675 3180
380 4554
1008 1259
2136 883
4971 3238
728 1829
4510 4816
1392 2813
2862 3385
1486 4407
2812 2503
1188 2828
2779 1814
4060 2760
4854 2365
2114 1728
3667 4644
512 1083
4870 4159
2574 4570
3480 2534
4458 797
4363 2636
4616 951
4038 374
1281 2493
3858 175
2218 3990
3836 345
4713 2197
4456 907
513 4333
4368 4852
4693 4113
1963 3308
2725 3907
1435 3654
2575 4394
4309 2304
3768 2928
4561 3789
1420 4146
2870 3887
1340 1944
1142 89
3474 4801
3047 4155
350 2788
3212 4971
1290 2369
4979 376
2741 2996
4130 343
3767 4628
4842 1179
3872 1417
760 332
307 11
2582 143
2073 1655
4362 994
1471 454
3705 2991
4169 931
1206 4122
3312 103
322 735
1333 2541
3843 4569
787 2494
1118 4548
664 949
3484 525
4246 4278
1545 4395
4036 4372
3369 3373
3055 3746
1328 2597
1903 3959
1451 240
403 2382
39 4967
2349 1017
1717 4527
1728 1437
487 2167
3515 4856
1531 4830
207 4763
3972 3849
2926 4760
3491 1297
4225 572
1518 453
1961 2904
1517 1331
3713 3848
4821 4520
502 1778
1011 1672
1332 4465
2188 3952
3015 2061
4410 1002
1636 1329
2939 1497
3105 2325
4800 913
4663 2655
4800 2846
2487 1433
4293 1502
1812 3070
246 2941
1642 472
3611 1138
1742 4654
4566 2781
4663 2074
4420 793
1258 3493
4795 2111
2015 3284
1916 1554
536 636
4975 3640
2010 730
1966 3039
2000 2528
1979 4369
782 2342
3506 285
2088 2682
576 3125
27 4138
1113 784
1548 195
2766 2120
536 4740
2913 2546
4918 3587
491 1747
352 2414
4254 156
3908 4654
4650 3169
3437 4913
523 2783
3842 1794
2915 2178
4671 2371
2616 2516
2921 4121
1272 1639
325 2351
3801 3094
1292 4233
2443 689
1840 4507
273 1604
2622 4225
4800 212
899 4926
1706 4349
2109 182
1535 1865
2517 215
3712 2122
3342 179
2721 362
4534 4757
3451 225
1078 323
3644 1024
3759 1618
623 1471
3947 2700
150 3321
3331 4368
1706 511
193 265
1668 3249
1034 1824
4007 2901
3723 4222
678 2676
738 3530
2219 4135
17 1684
3818 4503
1881 4691
2666 1575
751 2674
2193 4796
4230 1900
4468 1090
3175 4846
3217 692
3885 1843
2255 2779
1547 2132
3609 4922
4810 2489
1009 1697
4325 1262
4454 1175
3286 1474
1390 4388
3393 3548
1673 4692
2970 2552
2365 1197
3726 3840
4145 4517
447 855
2820 602
4849 420
3485 2643
4471 2405
2592 3956
432 2313
4263 3725
852 3286
66 2126
3255 3186
2599 96
2559 2610
3824 2485
223 1500
388 4578
4080 1013
1707 1492
474 2479
3370 2642
195 1041
3199 3873
2723 3391
1281 1828
4933 2296
4689 2638
3569 40
3814 182
3117 3120
3897 2000
4804 544
4985 993
2118 4717
1378 1766
4962 4157
3266 354
3758 1412
4350 2037
491 3785
4162 4692
942 3925
2298 2195
3665 2674
4446 2350
2720 3771
1147 3835
1271 438
2491 18
1269 434
4321 1653
372 3615
4470 1446
2837 580
3360 2836
4365 3406
2926 3256
1021 30
3812 4107
2484 1452
2030 3158
3597 2590
864 3576
2505 42
146 698
4819 4352
951 257
877 40
4949 144
1771 724
404 676
551 1795
3178 4058
1130 2844
971 3991
777 4311
253 2902
2800 4050
1588 338
2492 3755
304 4509
4600 3855
1504 4640
2002 3160
1480 4885
4717 16
244 3320
4914 1547
4987 2447
3040 1685
2788 2659
3177 2351
2177 2671
1445 1845
3590 3186
3870 1908
3462 4114
4930 847
880 3018
3919 3003
1899 3149
1632 3524
4653 4081
2383 807
222 889
1048 4760
2744 4250
1050 1812
1194 2412
3830 2454
4120 1459
2314 880
2205 1590
3866 4936
4931 1345
1567 1095
479 1839
1480 2754
2971 3209
4370 319
1434 2222
2849 379
36 1777
1150 2085
3097 2091
2956 3261
1551 332
327 2758
1816 310
2659 4278
1039 4858
4273 4302
4910 109
4795 4336
3494 4101
90 3960
1577 4987
2890 3034
2360 4395
4089 2369
4778 4427
2993 1412
1031 2837
4899 2053
4135 179
2317 3928
4378 3280
3739 966
4573 4184
3289 2093
1313 2934
4536 2638
3331 2790
4003 4349
1029 2630
703 2059
2395 2094
1042 2995
892 730
3005 1883
3430 4807
847 1599
3860 4355
4167 2438
3378 768
1084 1946
4759 2228
4284 4440
3433 4293
2381 1693
2343 395
140 3407
2703 1902
4993 121
1251 4554
266 3362
4910 1775
3359 1793
2094 2963
1706 3606
2654 4764
2506 4031
3021 126
3730 1155
3129 3377
2198 814
2897 3446
1176 2971
2985 3339
2447 2541
1912 3997
1398 2939
2259 3984
231 2711
3619 3361
664 3571
3592 431
2633 2351
1007 461
3022 2673
2174 3484
4435 4432
4221 3222
4767 4592
365 3701
1999 91
3485 1810
2622 1851
20 1493
645 4155
942 4891
3020 568
4389 3617
317 1448
1026 2450
595 2993
3875 4697
31 3791
1145 1755
2821 3350
4687 2436
3740 4527
2413 1242
2305 3713
3559 129
1491 3344
3396 2539
1143 1766
3069 2684
408 985
171 3754
1057 1539
605 3246
4176 2035
836 60
2017 1054
2092 4895
3908 3896
4279 66
1111 1065
2371 4848
4915 1402
3276 3799
3307 3380
4809 2245
3740 607
4555 4318
4820 3114
119 3961
348 2716
95 3394
2138 1710
3099 2073
3130 891
160 2742
1402 1848
278 34
506 686
963 1163
4312 4913
2811 3241
2066 787
2646 2455
142 3651
2683 305
430 648
1640 1969
3670 3844
1281 2323
1346 840
4564 1201
1457 4330
1292 3551
291 306
101 4778
1004 678
1354 2760
916 348
3886 584
1784 2738
817 3254
3164 4847
2907 4491
1569 2860
4106 4092
307 4969
1038 3735
4116 735
3773 4264
2302 333
1652 2472
2330 81
4041 676
3055 1428
3001 3435
4938 3307
1678 2256
2654 3818
4913 2179
3574 2663
2125 2915
4151 3971
2337 3262
3962 851
3905 721
1076 4376
1476 4604
2781 3047
266 1434
2177 2845
3164 2982
729 1189
3674 705
104 1031
4367 2831
3206 754
2206 627
3315 3509
1593 2866
3398 2213
2163 2382
607 1659
572 3259
1783 3514
1753 3185
1263 3974
3118 1543
4768 4130
3178 185
4118 585
3890 3929
1454 3024
1398 2535
379 4686
643 1323
2737 4592
1744 116
2833 2260
3021 3051
2652 3627
2851 2467
4628 4868
4306 3839
3539 4445
1214 3688
3833 4165
251 4683
536 1644
3545 2963
3251 1588
4332 1607
4054 1101
3773 1178
1555 1236
4246 2013
2823 1001
4296 333
3795 4075
2514 1263
4773 1178
3148 2350
79 4776
1498 3560
465 647
1906 4905
499 1245
1514 252
2792 3410
3175 4409
1454 4585
4140 2312
3013 870
551 2162
3626 4797
4804 3381
1257 3901
1608 2833
3521 3526
4815 350
2984 1259
4567 61
489 2601
4840 2457
2141 2915
796 3616
2303 684
335 559
531 1779
280 1709
3189 4859
4432 2863
2701 1136
2205 2448
60 4948
1846 4162
1988 1307
14 1554
2739 3520
331 2549
4897 4671
89 2174
106 4716
4458 3818
468 4893
2338 2870
3688 2171
2033 4569
3953 3725
4956 3587
896 2852
4593 2572
828 3370
3498 3601
712 2585
2914 1597
2412 1998
1793 1977
1810 1961
4975 900
2475 4860
3248 3859
3263 1394
2912 4653
3591 4329
1342 1789
4064 2640
2761 2077
3415 3637
4629 2586
168 4818
28 4676
640 4851
3492 1185
4551 3903
3865 663
1780 1103
184 4412
2984 1536
3914 862
4761 4531
2347 2446
3465 4729
4592 4244
1448 3957
2267 3293
3553 3198
4338 3745
3772 4684
4708 4998
155 4601
4512 3974
2798 2314
78 617
1400 2124
3423 2085
1199 768
2507 808
1860 2031
3781 844
412 1918
1834 3859
1330 1044
4116 2962
2845 4516
2192 568
4870 681
3681 1290
1784 731
1862 2750
4327 1108
1875 2083
3375 1567
3994 1872
3080 2215
4369 1154
2298 976
790 241
3869 2266
3925 1777
4531 3842
3957 930
3921 283
4315 529
4438 1149
445 4108
925 3147
264 263
1427 3914
1514 1194
2279 1804
3055 3675
261 3955
1902 1324
432 3993
3741 442
489 1107
4725 1023
1240 2898
2975 2902
1111 1527
879 4238
4060 3757
367 2044
936 283
3323 3451
638 195
4124 1194
1069 2320
2645 4989
2420 1344
4594 2700
2483 4263
3360 3589
4678 3902
3285 1527
765 3323
4884 81
1567 2481
2798 745
4131 4671
3796 2580
4646 1333
3308 2717
1294 1769
3018 155
3238 4857
1205 1822
274 264
1654 1494
4309 4312
2157 4305
694 2748
4621 3658
1123 4693
4020 1817
3247 1566
2459 2040
2741 1799
49 4548
1317 599
3277 3426
1420 1152
4261 359
1000 2676
4492 2576
4379 1021
260 1158
3819 3200
4022 2999
1741 4273
4861 4032
665 3483
4243 3179
4576 3664
3535 3885
1830 4681
1076 761
1084 4913
1179 3951
2338 2496
4694 3824
634 4881
3610 3044
373 4665
1101 772
3556 4182
3115 2899
3103 2175
2019 767
36 4511
3978 3144
1180 2248
2185 1821
1188 4904
1446 2354
4880 4631
3746 1150
2251 467
2863 3458
629 4533
3809 3335
3870 104
3009 3307
1760 3637
1676 4839
4817 3203
3368 4756
2289 3460
625 47
3269 3905
4781 635
2016 1980
1043 2681
2293 4156
4199 265
3062 393
3465 636
3529 1093
519 4381
3142 4703
718 4921
4227 3673
1508 36
1043 2917
2525 3919
4965 2292
1953 2253
4849 346
3171 967
202 2032
3837 263
4003 403
3027 30
2053 1013
402 2675
408 3752
3130 1191
3613 2997
2730 350
1024 187
2956 4075
2761 3989
1685 2029
3956 234
3188 1610
1215 4007
4237 1077
4803 4996
4305 2653
1903 3112
3278 3556
3581 752
414 1040
4101 2231
4839 2165
2326 2773
2523 4374
4654 4563
439 2565
781 229
466 2739
236 591
2159 965
1014 3001
1047 616
1084 1534
2333 1495
3062 3922
1544 4454
4444 89
3492 1052
1587 1547
923 4188
3176 1560
1486 2046
3544 1641
3576 3804
4057 257
3341 3070
4173 3897
4817 3392
274 3269
824 494
57 1694
2054 730
797 902
355 3247
1731 3255
1157 1812
663 1525
3923 4101
2683 2894
4055 1684
3610 727
4411 3452
1011 1757
484 4163
2571 4631
1656 4782
1018 2676
791 1730
4045 4124
2651 3012
3733 3998
4926 147
1286 1149
4639 3293
1254 4645
2222 4330
1922 1095
573 3046
2059 3926
3717 4543
4842 3237
3404 2310
4200 4910
1073 1888
1263 785
4127 1133
1833 2952
1014 2691
4772 676
2465 2738
3324 3083
3515 388
2150 4836
3530 4664
4294 4517
239 1447
2259 492
1345 2238
3031 2543
4566 3713
4793 1936
4997 2668
482 1127
2054 4310
4870 4142
2915 2890
4332 1770
4090 317
2934 3711
3254 714
2732 2612
2372 1308
1551 2009
4402 4812
434 1404
3193 983
556 4568
119 3176
1837 3300
2575 2682
4243 3895
4743 203
894 3828
952 4644
1513 3340
3421 4984
61 709
1473 1302
3353 3207
2361 3238
1592 237
4076 94
2575 1465
3141 3712
1094 2938
1820 3402
985 1266
4200 4684
1201 2867
2579 2175
1358 1037
3920 1239
1964 2747
4213 2520
3206 3619
2317 1157
2667 4006
1050 2277
4459 2465
4747 746
3971 1656
1892 2598
2928 1335
4352 4502
4177 3239
1680 4597
11 4576
3646 2873
3143 2774
136 690
1337 4208
550 1046
3505 1206
2435 821
4168 3117
3372 2341
3468 2800
13 4271
582 231
2916 2874
3048 4907
3644 934
3640 156
3919 4363
4625 3182
3482 4037
4106 952
1746 1628
3984 2783
4738 2102
4677 4544
3755 3713
3590 1204
4056 123
2505 1041
4721 1860
3396 792
614 733
1223 3030
2953 2199
3089 2631
2910 74
788 913
1461 4414
1706 1446
2609 4853
4118 970
1007 1015
1169 321
3496 561
2589 341
2066 3586
1140 1487
3613 1727
1051 1851
1119 1251
1666 4138
3724 1253
3361 2805
4945 1769
3181 3542
4463 4561
1231 1830
1905 1983
4875 1120
3297 1554
2411 4266
4540 2425
2283 452
3659 4079
4397 2083
2917 1289
1912 1447
4330 1468
1318 2596
4647 693
2568 1531
2378 4085
3270 3409
4792 2322
4776 1418
3407 2471
3629 4509
1746 1697
1617 4664
4181 3012
4137 1184
1753 1895
3782 3635
1909 329
4301 538
3148 696
4496 1012
1599 1826
915 2830
2337 888
328 1848
72 1162
1578 1209
1675 2774
4561 3880
2209 4827
448 3000
1778 3447
1023 621
2136 3031
2940 4211
2823 467
1657 2630
767 3765
1456 1708
7 1181
3496 3567
1723 3002
4877 29
3397 3391
2809 1370
3547 2924
3877 2181
4707 4062
917 4399
1889 373
2892 3566
4431 2240
2149 4071
168 1515
3279 4865
1405 2642
3891 3714
4112 2376
4023 926
1382 1340
2723 2574
3126 4929
3436 3019
2930 1751
702 48
4628 1058
4695 1119
2363 165
2311 4746
4863 3811
1142 2684
1187 3131
471 2756
3354 3871
2741 4514
2205 2220
2106 875
2142 3542
407 2645
4573 3594
1929 962
875 2888
1261 3817
2015 934
2620 925
4201 2025
706 838
4021 3435
279 4933
25 3729
2862 3202
1855 3182
4657 2974
2229 1559
4163 4374
1280 2588
1940 168
2790 4823
136 2806
838 765
4597 4715
1733 4843
4807 1477
4316 4907
3044 1036
1731 3395
3655 1659
3694 2309
3197 566
3680 3293
956 2256
3912 3338
985 414
3166 4421
944 3755
1178 1691
1778 418
2050 1959
2626 1194
339 1053
4700 595
2682 1085
3908 1144
4664 503
3172 3746
415 4314
4284 714
903 3608
3887 185
3284 484
4848 2918
4025 2683
1517 105
4192 1633
2931 3378
4999 4638
4237 881
1496 4963
3027 2443
4629 240
2462 199
4906 4073
1830 2803
3674 661
3254 1503
518 2197
935 2902
417 673
3410 129
824 20
490 3527
4009 1265
177 1955
1437 1470
4996 4533
3605 844
4788 3974
4594 2009
4131 770
1401 2447
3735 2344
584 4467
1174 3591
4874 117
3787 2761
324 1714
4974 1831
4098 3214
2655 780
2409 4620
4195 449
1988 4074
3413 336
627 3896
848 508
1715 176
3985 2169
1180 1949
1470 1757
2191 400
1536 2918
3310 1521
3988 2517
4128 423
2731 1693
4221 638
2237 2138
1001 266
4072 1064
1488 1841
4509 4859
89 1246
3590 222
431 526
1532 921
2599 1086
1200 1046
2659 3077
1878 2690
3507 1245
2716 3715
3307 2910
4484 628
3372 4899
3853 385
1018 49
2598 4214
671 283
132 3445
2697 2709
1968 396
1075 2995
268 4453
4924 2477
3170 617
3475 3552
1340 4523
1191 764
136 1612
1737 4384
2300 31
1012 8
4078 2792
3562 264
1838 3977
2969 1058
2626 3764
2000 2903
4313 2894
1650 4791
867 2064
3589 2082
2418 2046
3176 887
3929 1554
168 2704
2817 4858
1756 3199
590 3774
4812 3190
1860 3754
1684 1603
1705 4767
4262 2996
1269 1498
855 2077
199 1361
2525 894
2656 793
4672 3525
1932 994
3844 3482
118 1060
2648 1673
4814 1114
1969 2811
4907 2842
669 1249
1867 4741
2667 357
456 1186
4369 3628
2055 2194
2754 458
1183 4242
834 3557
2345 3830
88 2795
4052 4409
1799 2038
1582 1753
2315 4264
1850 1658
3103 3413
1644 3890
1228 1007
2313 2650
1263 3840
223 2445
388 4627
2529 4080
4790 3091
1452 4020
754 719
2192 2558
4113 3164
3109 1177
4405 4535
887 3363
1985 2237
3172 1764
1163 2297
2497 4450
3249 2524
2963 520
43 870
1874 4980
569 4265
3740 2120
672 2498
31 2338
4636 2692
2581 3852
2619 1273
2146 3560
2046 4083
4693 1304
3353 1121
898 2026
3603 4319
2304 106
4032 2643
2549 444
1676 2362
1279 587
321 1691
962 3778
1460 2750
1946 4142
3730 298
2682 3249
4458 2625
2571 4203
516 3336
4834 3826
2877 4680
4891 3251
543 2538
709 4819
4594 360
438 4902
2976 191
1046 486
4134 3716
2827 331
3422 3391
2264 1833
1628 830
1081 2005
3440 40
867 3228
4980 4772
168 1282
4745 375
2213 2831
4704 4443
2984 4521
2060 4150
1316 3965
1842 3185
3394 166
3941 785
4574 891
2272 1685
3230 4640
816 1582
3745 3976
824 4554
457 4341
984 922
534 2854
332 125
686 3394
4136 320
4767 3041
2878 1827
4837 663
1469 1670
1970 1921
800 1603
2432 1246
1515 1225
2753 26
4591 1543
1544 1885
1060 2000
1330 3665
1421 2413
3874 3060
2981 388
554 4184
1233 3585
1138 2584
4861 1178
2454 4995
1700 470
4612 4679
240 2610
1232 3005
358 3202
3939 1166
4116 3169
4825 288
4549 3069
619 3484
1465 3722
3090 3937
247 196
33 3673
4821 579
2706 4273
374 4726
1056 4586
3162 4285
1655 4072
1968 2848
4269 3497
2447 3252
2550 2752
62 1780
4046 3284
730 2411
4566 242
4705 460
4561 4174
2973 2676
2982 3740
2547 1741
4439 4032
2890 4916
2672 2432
4446 336
3735 600
507 942
4502 1127
368 485
1588 506
1153 2369
2046 4652
4621 3468
824 1704
4820 2496
3449 1439
888 330
3117 3012
1207 3646
3795 113
1381 1810
3088 4327
4572 1380
1772 792
3952 3339
3996 2437
3513 3557
3647 2063
2000 1592
4204 1094
4621 4279
3946 1943
3556 3354
350 1222
121 4251
2975 3191
4787 3938
1612 324
3943 2876
3815 2579
88 3991
4624 273
3452 3133
1741 2994
421 974
1634 1380
2237 2271
1557 1131
3454 492
546 4940
2968 1646
4605 4879
2318 3546
1345 3810
2074 2467
1178 1857
2872 557
2369 1871
389 171
4739 2050
1195 25
4112 2511
2076 4288
3484 3514
4158 2525
4232 627
1190 4629
3021 4597
2614 2173
1878 3399
11 2841
2563 4128
3766 1105
257 2314
2647 1947
2364 2623
4395 2304
3209 1169
766 2444
2218 4467
3889 2345
2092 818
3695 1243
2663 1344
1694 4880
4397 2799
4338 4768
1593 4269
1552 12
4566 1492
417 3713
4837 3560
3903 1266
4668 3522
3650 3510
3448 3031
4171 2020
1589 979
1717 100
131 3489
2337 400
1685 1190
1356 3983
3684 1547
4822 3089
2467 93
4204 1325
3323 4182
3853 2143
500 6
3202 2204
3498 2857
1844 1263
2859 1783
211 1002
1094 28
4283 1076
2272 1741
4011 4964
510 3193
2988 4642
3960 2043
4718 3153
3988 1180
1449 4966
4108 3423
2663 3149
1568 4539
818 2807
51 2263
2505 2113
14 233
1496 3454
986 930
4898 1461
3793 3459
1761 431
1463 4505
1878 4767
2500 3916
1908 3620
4626 4026
880 4015
1748 363
2076 1742
2126 3868
4553 3628
1965 3622
4390 1927
2321 940
4355 626
992 1145
250 4827
531 4464
3846 873
4538 3714
2121 2398
2861 644
3337 1024
2988 1502
1551 2701
347 2396
4649 4836
802 4327
523 3386
1715 431
2689 4327
331 3077
2570 3046
4623 4176
2420 528
2005 1295
1345 2138
4343 2096
726 3944
1065 3584
999 4691
3577 3744
1821 2260
4435 248
3937 3721
884 1718
4040 4774
4982 799
2412 4029
3971 4980
607 2459
1464 4697
4155 3957
1922 1674
102 2588
4552 3847
2268 3620
2064 4357
1328 4822
3093 4779
2864 2755
4085 2948
3176 4171
118 2832
209 4546
1346 3247
3972 2321
960 767
2581 4619
2479 4237
286 3081
1470 3083
2552 3303
4699 4523
3356 1587
2451 1593
739 2322
1976 3449
4577 2757
3947 4681
455 1754
3744 2602
3038 1142
4466 1058
1165 4066
891 1219
3803 464
2705 2840
2969 2075
4530 3957
4820 3031
2345 421
1011 3279
2648 4854
3862 2326
2976 3827
3948 1694
4669 3711
1318 2783
4726 480
264 669
1713 4262
3137 2504
827 1912
2162 3977
1251 1767
2207 3554
4274 4917
4324 1368
4251 1498
1331 2994
1800 37
4237 3377
612 4093
461 2383
104 417
2685 2485
3869 4961
4036 4914
1252 235
3937 3454
3668 63
2492 976
3911 3898
1456 3462
542 3106
2872 2998
1153 3552
3236 3475
1080 2865
4008 2487
396 4321
3635 41
2484 3093
874 1192
1480 3208
961 2550
139 3893
347 4206
1522 2628
1754 4067
2234 1491
3684 2345
4526 1275
4902 1770
2714 4072
2673 4468
766 3588
4248 2166
4152 1228
1325 2063
4854 3331
4092 3338
3499 4018
4376 2631
1471 4863
3908 4144
1628 1307
1852 1498
942 1352
1260 90
752 3075
2852 224
413 4903
4416 1665
1760 1101
4440 4254
4523 3505
1379 2059
1961 344
1662 2767
407 2829
1258 2077
2942 729
939 1852
2805 3844
749 3128
1231 2939
4519 4548
1872 4555
2506 521
1817 2679
3323 4355
1463 3258
833 1991
3340 3115
3389 543
4138 4506
3443 3953
400 2543
3831 2980
3538 1551
2315 3421
2487 4474
4573 4434
4496 174
4537 2474
914 582
4700 1306
2225 2894
4737 2766
749 3096
1503 2262
4453 43
2879 2181
2262 3860
3484 4660
2189 3143
4778 910
3589 2602
1126 4087
4967 2394
356 3801
2397 3728
2518 3262
1124 1335
2354 2324
2978 2890
78 987
3051 2918
391 15
791 2287
4390 2796
3223 4973
113 1599
358 3514
4306 836
2673 1552
109 1311
3175 3051
3124 3763
1163 134
2131 789
1810 3118
2646 217
2587 1761
1563 3450
644 13
2671 3722
4032 612
2304 3960
4438 4835
3949 3261
275 3190
2509 983
756 220
3984 3672
2646 2788
4436 3674
4248 2823
1054 707
4989 2863
3502 713
560 4619
3855 402
4505 3025
2387 2806
351 156
4350 2229
528 4081
978 3317
806 3831
3825 2172
1479 2365
4662 4931
4048 4906
3532 3837
3356 3733
4695 1584
4043 3123
1099 3794
3409 4300
4081 3078
2504 301
2628 1383
4590 1883
122 4310
3555 2076
714 4311
712 640
4471 146
841 2436
632 3633
600 2616
1946 154
89 304
4856 2967
3125 3979
1445 3551
4063 765
4019 652
2614 1140
2257 1738
216 1844
648 3906
283 4155
4129 1242
3744 1093
568 3255
1882 1765
635 3155
1606 2992
413 4501
395 2018
3334 1960
406 1178
4345 2932
3453 4894
937 3077
2019 1592
3760 2196
3432 2690
4238 863
4743 3785
2524 1402
1777 16
1504 1819
45 1529
4806 469
3230 3950
4226 4605
3354 1554
2069 2331
1442 1342
3837 4988
2590 1601
4117 1666
2720 3384
1115 679
700 1982
4654 1871
1435 1426
3202 3665
348 4297
3220 1483
3751 251
1235 27
2901 1310
1342 1860
3117 4025
3914 2347
3418 403
2340 3635
4335 3933
2036 3130
2187 252
4831 3447
637 1341
4785 1951
2082 2420
1849 2760
4640 3666
118 1636
3119 838
261 3760
174 2892
641 3326
2568 45
1736 751
4821 3882
4819 1080
2926 4308
1667 998
2814 2967
1250 4606
2132 1376
1997 4157
1369 3079
529 110
4723 2527
1529 4078
2732 2167
1608 1230
1448 3928
840 2987
832 3690
3512 681
3720 4738
1211 3517
2327 2658
2238 1658
876 3659
4595 3908
1756 4414
4904 4384
2876 3686
1951 3813
1973 4085
2182 3062
3680 3216
2853 1655
4595 1680
4564 1226
2418 2989
1807 362
2250 109
2255 206
16 2790
4104 2782
4561 3067
3472 3501
3109 3421
3061 4246
3539 2455
4204 1070
1054 4758
4847 3856
3625 2104
4469 4797
1190 1332
3302 4352
706 1471
4578 3630
514 2853
3550 3016
2437 768
858 3559
363 4424
305 2785
2756 2870
4925 2890
3727 871
1349 36
4852 2352
1353 4358
4739 206
222 112
2141 2770
1748 576
1914 4326
499 4163
3255 3463
1776 1566
1135 4521
4143 4825
4851 1850
741 3201
547 299
2929 4865
1297 1902
504 1719
1826 2384
4403 4024
2477 3112
4790 3590
828 1016
3488 3907
1594 1863
968 2770
1179 3688
4307 2204
3759 2433
3655 4191
3952 1966
2138 3756
2510 3379
4271 137
3725 4209
3342 3874
4728 3315
2991 632
1779 1699
2162 111
4550 3416
154 1156
4310 1569
3677 2112
3741 301
48 1347
1029 3902
2759 3339
4446 1630
1114 3534
322 423
3178 4710
3797 1922
4010 4246
3363 3960
1410 2796
3492 868
1976 4833
20 3811
4001 4850
900 4422
1881 436
4729 4129
3122 672
1351 765
4004 1599
1575 1073
4148 3124
264 3113
4188 2842
282 1290
2065 4865
993 4596
4171 1606
1767 4298
4848 653
687 4992
2799 2548
120 4014
4405 2670
74 2193
3414 183
23 2977
2680 2598
500 2419
2838 4972
4480 3792
2610 166
499 2515
1129 781
1924 4184
86 2069
272 146
2656 2895
2569 1595
468 3342
4306 3332
3902 1978
4268 4770
4064 552
1688 481
2824 2594
1258 1054
1303 4738
2830 4901
2425 1616
4255 442
4958 1651
1554 1587
3002 4727
1107 2104
3684 4958
2828 1617
3480 681
3819 4054
1540 1418
4276 3912
3980 4540
2986 4994
638 2337
2942 3985
4499 3121
2984 391
40 2467
1992 1817
1590 2680
3290 3593
2539 2167
4923 4819
3570 1371
3051 827
676 0
1231 3157
1734 1682
3945 4050
305 4505
1851 4068
3479 1847
144 3158
3510 1952
2866 3750
2807 2990
4784 1047
4583 3659
661 4656
2254 2644
208 1579
4067 657
2908 2923
649 3931
753 4440
843 4983
219 4506
1516 2317
4272 3217
4578 4540
527 3878
4603 4745
359 2171
4139 4953
3443 2569
1411 2113
3555 4260
1402 3051
49 508
3489 3512
2148 3466
1491 1020
2766 3631
1015 2017
3736 4327
3485 2275
3128 1055
2150 4489
1245 2998
1392 578
1759 99
1023 2792
972 1304
2442 452
4855 1932
1455 431
640 4560
599 3088
3682 4210
4690 2772
2047 2123
3428 2150
2263 4255
3729 2081
477 2056
1709 144
1669 628
3765 767
2968 496
1181 1750
2624 689
4295 2904
95 1962
4600 3705
4745 1268
1772 3865
2554 3826
1142 1833
2153 4849
3818 2804
3069 394
3098 2927
1853 4370
2217 3445
3013 4792
2726 4540
2652 3026
2844 4328
233 1556
3001 3296
516 164
1326 24
4068 4539
4879 4154
4461 4913
4554 802
194 2386
2723 3609
1233 639
4035 4422
1690 4564
2791 1553
2753 4710
793 354
890 548
1635 794
4502 3096
2578 2220
4537 592
4412 3833
729 955
2551 376
4790 2342
4640 1245
4517 4697
4876 3668
1636 25
2471 4192
2668 2451
3620 4003
2371 2873
4764 2987
2864 3662
2248 1895
2840 1346
1197 1410
3705 4547
1967 786
322 1713
4148 2435
2861 3171
4681 3417
616 373
151 4227
1056 4370
3352 2138
4931 2747
1730 3916
619 3829
4686 1096
3831 4261
4208 3575
878 1950
2449 519
3097 4267
1154 355
2929 4359
1341 2818
4721 3226
4535 1413
2927 2757
1602 4475
3572 4240
1645 4649
3268 506
3357 1305
2724 4008
2868 798
4137 597
4692 3019
1027 3488
2565 3321
4418 3069
348 2151
4168 13
707 3042
1756 605
2757 1407
2911 4450
4449 533
3933 3152
4898 2480
3591 1272
2782 1387
4769 2869
1252 3767
1782 24
2823 3978
4437 2382
4824 3099
912 1950
1996 2291
3396 1620
3237 4714
3929 2613
1650 144
458 2855
140 877
451 3265
3831 777
4867 2425
4844 4454
2793 1048
1600 160
338 4650
779 2137
4992 232
3498 4220
1437 230
2618 3653
1373 4120
4044 2563
2786 1348
795 1258
774 3988
2779 3053
1507 3226
1863 487
429 3949
4281 1930
3789 1255
601 3376
3596 4061
1326 936
3360 1663
389 3422
2053 1795
4831 1818
3004 415
3108 1086
1272 1100
651 1232
1438 3975
4574 704
3976 4472
3554 3936
1829 1182
4677 725
1609 2614
3276 4052
1070 4804
1888 3894
1682 3943
424 3919
2678 792
4971 2672
4574 3309
4917 487
1611 3301
1381 2675
3663 3587
3687 2162
3947 3133
1205 2834
2609 706
735 3266
365 4429
3920 4469
1469 348
3639 3526
1057 1717
758 3701
1378 4355
1584 1611
1825 1455
2022 2018
429 2927
3089 2971
1208 41
1256 397
1759 3156
3437 3891
4351 2804
2920 2280
779 1474
4833 4265
1365 3319
3233 859
2467 2212
3469 2124
3866 1873
2584 44
4057 2126
2059 2581
3743 785
3145 1461
1034 4269
2005 2114
1049 1290
771 3495
3252 1452
567 251
614 4308
1280 2901
823 321
1619 2584
1063 649
903 4219
1090 2190
2746 606
61 2972
2619 4123
126 3128
4818 3882
159 346
3301 2690
2664 1008
4574 51
3294 2683
1424 4633
140 2640
1426 3796
3493 4305
4680 1397
3472 1688
2699 3198
660 3986
4123 2644
2918 148
2084 2815
844 2332
3907 1643
4745 15
2401 3313
2173 3208
1718 0
4457 3791
2153 374
1989 4263
4005 54
2285 1749
638 4244
1428 1112
4656 585
557 2267
1659 4021
1140 3549
3646 1162
283 1636
1443 4378
4349 3872
2987 4192
2271 3117
2581 1739
3000 4689
3736 2641
930 4445
593 3356
2416 4846
2859 3933
1432 4544
2318 4258
4055 1312
323 989
4863 1157
1110 3392
1702 2389
1678 2983
939 678
128 3189
2633 1371
2018 2917
4070 435
1229 3228
2565 1523
2722 3619
1897 1233
4182 16
3148 658
854 2207
2898 3962
3376 499
663 2285
4786 4227
1912 3123
1525 107
379 2245
3029 2035
871 4512
3923 649
4043 3864
3401 4335
3727 3542
4895 1466
1852 2050
249 902
3832 3941
4612 2725
1107 3454
2235 657
2185 2263
3995 3813
4120 1140
1689 1880
3523 4717
1535 4700
3488 1350
983 1686
1811 2177
4185 1966
568 1061
1826 4412
4473 4701
488 2114
3393 1981
1217 4845
1554 4463
4865 2420
2599 1792
4198 4931
4311 1868
3402 3931
282 3012
1103 4446
3623 304
1200 1111
3782 4110
3525 313
2567 29
2198 1734
1046 4349
1639 2376
4386 4166
4239 1025
2784 508
1978 3000
375 2217
2515 1412
1835 1127
545 872
4850 1663
2649 3323
3734 3462
164 453
3013 1308
2756 4897
2835 3781
4597 151
3971 2884
3258 2488
3407 2997
3609 926
2241 3328
4949 4671
2433 3027
2171 248
902 4049
3280 2869
1459 4116
1013 1250
2909 4314
4676 1033
1541 2122
3736 1782
2281 4481
1044 3179
352 3950
3822 4305
2507 1994
4994 1834
3850 3178
2757 3477
3355 18
1346 4719
3655 3034
1784 3601
657 3706
4068 3481
1911 3160
2651 3440
3144 2884
2550 4746
914 1505
2011 3484
411 3779
4126 1070
4507 4330
2591 4359
3519 1122
983 1174
1155 1873
586 4936
3482 3318
2354 381
4760 3704
1210 1537
3407 2669
1850 4931
1414 4186
3841 550
2901 4596
3883 1600
2064 4586
4647 1859
3277 739
2882 371
2559 3411
2326 86
319 2655
4092 2418
2714 4268
2342 1512
974 1560
2735 968
1924 1305
4503 957
4184 1855
673 970
1971 3869
1422 1219
590 694
174 1751
4305 804
2963 4007
2697 2971
4711 4296
701 2110
4106 590
2078 3644
3252 4352
4580 3687
4417 656
390 3578
3 276
521 3341
1833 2650
2189 2057
2696 4178
3776 1408
1663 2247
3463 4511
359 3344
3664 1616
2718 897
4113 4916
755 2906
884 4784
995 730
378 3366
2939 3
1640 2913
326 1859
1989 398
2831 4777
198 1234
959 915
2419 2098
4110 2623
3653 3489
2668 1223
2920 3896
210 4873
3000 1386
3191 909
540 3728
4541 3454
858 1689
1505 2464
1824 2282
2844 3201
2989 827
4481 1700
2261 4261
2900 770
2979 4185
2291 3241
4566 3813
2580 4030
4033 2148
2807 1589
389 2489
3461 4415
2631 1649
4500 2116
4942 549
2864 705
739 3709
4259 107
936 3238
4087 4226
3788 4089
1435 3342
3865 1576
231 1482
606 3583
3551 3912
531 4205
3017 300
1853 3979
4113 490
309 1986
3607 4207
4950 3618
3522 4489
680 3589
2528 1299
4159 4782
1272 727
724 2044
1100 3173
4678 1515
3443 1079
3742 3085
1737 2529
3832 3381
4483 2132
2393 4191
369 1881
2379 3362
157 2677
4068 4891
733 4857
204 4907
1991 1807
241 4190
4117 1883
988 4984
2082 4420
710 4249
4920 3420
1827 4915
813 3499
3991 2285
3651 86
4262 1060
1940 3905
4983 2333
4285 4541
2292 4654
2944 2735
268 2582
4628 4029
1076 232
4778 994
625 433
2951 4287
2094 4840
4331 947
3859 412
4542 4876
2266 1711
2586 112
3905 116
2064 275
803 3178
1540 2616
1436 1595
2749 1087
3569 2928
737 3437
3754 2820
1500 3981
3618 4759
889 1003
2505 4379
221 1283
3190 2118
1587 2250
2181 229
4615 1977
4833 2740
3359 60
4060 3575
3541 1732
1026 43
1010 2531
662 3107
3948 1752
1235 4372
4950 1515
2716 2637
1450 4389
70 2735
1473 277
1999 1117
4628 270
2017 2998
1095 1620
3027 4815
206 2454
4540 629
3916 2753
2092 1619
4843 2354
2034 437
2806 1638
3574 571
2458 2394
1803 918
1733 3012
1105 2963
4190 3933
3610 547
4980 1330
1391 1059
4176 32
4592 1901
2628 3240
1056 2466
2900 3462
2532 163
1016 3059
3355 4116
4028 692
3661 751
3140 4183
3131 4166
4326 476
1852 4813
1076 4466
3730 4982
4968 3169
755 3218
1201 30
2304 2832
4194 4618
4378 1442
1806 3976
1938 445
3288 1129
2363 420
4084 918
4179 2270
4068 3616
221 4797
1259 410
1739 513
1992 1701
527 2602
726 1657
3104 1879
3908 754
3910 4582
3867 3572
3580 2959
4811 1002
3481 4576
1255 3449
2363 3166
2303 2353
3228 4653
4753 2557
919 3772
2942 4755
297 4328
1370 2994
3462 1093
129 3479
3743 205
3687 2033
210 3054
1404 969
195 1525
2966 512
4655 845
4775 2564
3523 4960
722 4972
142 1982
4560 950
3363 4955
2027 610
883 2895
3795 4644
4199 1441
3613 3001
3875 825
3983 4154
4285 3828
1576 2823
2784 2229
4982 1665
4756 599
2803 1117
3463 2154
2247 3565
4958 2835
1258 557
918 2587
660 1090
1695 2905
1113 3489
1400 3273
3753 3027
3012 777
4219 1713
4249 816
4145 684
417 4368
557 2395
349 12
2578 1736
2066 4004
3782 531
660 389
4247 2081
2272 2482
214 1535
3568 3845
4440 3217
1222 2301
2436 3834
3304 4819
1699 254
4395 1001
1949 3404
2781 3456
1083 4355
2560 4025
2420 3857
1534 3682
1363 1435
4830 3715
2700 86
3694 143
4636 1019
4593 3591
3228 1224
1800 4923
3832 131
989 1125
4104 4438
4403 1344
869 4369
2668 3378
163 3961
3497 1904
4238 2669
2147 4930
1682 1129
2651 3288
3096 2096
802 583
4158 1724
4247 700
803 2389
3736 4879
1022 547
4603 4734
1161 1481
59 4809
3796 2250
1802 3197
2008 881
3200 2056
3702 1017
910 1836
617 113
25 2881
3263 104
1773 3417
2550 4879
2369 4497
3639 1647
3889 4588
419 4516
2541 3374
1709 4241
4403 533
3705 1978
3495 425
2334 3071
2942 4504
855 1084
2353 1738
1994 667
4207 2521
1744 1799
2299 4379
4825 1290
1050 485
88 4213
822 3257
974 3064
2187 4314
327 4382
2622 3755
4894 1316
1959 4696
1657 4099
4749 4437
1509 4084
1109 4495
3100 3213
1247 608
3810 3853
3624 3972
1175 42
2691 914
2026 637
3712 2816
1584 4875
4883 3338
3393 3628
2945 4074
4307 4237
4968 4146
2293 1884
2142 222
649 3424
1974 2678
191 554
1034 1367
2162 434
3798 2104
1628 2907
4250 4791
1911 3578
3407 4124
1053 4316
1755 2598
2468 4975
1237 2025
4017 2580
4992 2089
4823 363
1679 4881
3798 1513
4312 1579
2381 3922
1178 4556
4392 100
2495 2570
3203 1303
1857 2638
3855 1208
1597 4331
4518 2971
840 4614
3159 2461
3699 4333
2772 4578
3552 3370
2262 1314
1069 1698
892 1789
1704 2059
2451 1063
918 1881
1349 253
2307 3309
2059 4259
2870 1887
3142 3154
814 694
3423 1416
4409 509
1835 179
3601 3657
4960 2211
3967 4159
2004 4077
423 2523
2061 1814
2713 4875
3723 661
3272 2857
4087 1618
217 3521
772 530
4541 1161
2392 921
3550 1355
4227 12
4452 1382
2581 291
4547 4793
1923 3956
4162 4307
3512 526
3423 2820
80 1034
45 3704
444 2734
645 765
1882 1619
2925 1755
2077 433
605 1345
1091 1472
4916 2271
2375 446
2424 581
3314 1206
3895 70
1000 1355
4692 444
1397 4308
1018 4588
1761 2469
181 2026
1080 4995
3794 1315
3732 2598
34 4871
4894 4891
3629 4752
3730 4224
1143 4992
4993 1342
1813 1492
4553 2148
1021 1415
3518 960
4674 4503
2104 247
2740 3386
207 823
1426 340
856 1840
4330 589
3745 2579
1305 2465
1315 1725
819 3604
2647 40
653 4306
4769 3729
118 679
3611 3097
1360 1930
4544 3535
3849 308
585 1413
1229 1063
1906 4934
4964 85
3651 1912
794 2422
3359 343
946 2754
4379 2766
3449 4154
578 4407
291 2997
4895 150
4838 1292
1784 2586
3292 211
3683 1395
279 243
896 2665
2167 3967
2469 678
1538 4610
4863 4802
1616 3041
4881 1072
756 2973
11 2620
448 4347
3725 2863
4616 3999
2652 2360
2941 2493
341 1833
4761 280
775 2788
3854 1166
1582 3235
3367 807
2151 725
4202 648
3515 3842
3403 1508
565 845
1804 798
960 4758
4611 1053
3687 3046
3083 1833
3395 905
1119 4610
4033 4610
1114 863
2257 2926
3913 4212
57 94
398 874
524 2083
1397 710
2710 1861
1373 3197
2204 432
33 3705
3139 1143
4138 3419
4599 416
1855 3215
614 3016
1726 986
3801 2263
2577 3860
2774 2944
1608 2934
2590 1384
239 792
3270 4632
636 1884
2518 3345
2540 1995
1606 1401
4018 2635
1601 4217
1164 2233
1580 816
3077 2374
4496 3113
4713 2824
1594 665
106 3775
4402 2868
2827 2825
328 4329
4922 2439
2504 2322
2834 4946
4423 4075
3805 1261
3957 4270
1187 3803
952 1752
703 4660
1928 1413
174 127
4078 4804
1320 2877
2177 1013
2046 3458
4485 3691
3520 2036
1495 3890
931 189
4227 411
4775 951
2333 4582
580 4023
4803 2684
2317 1717
52 1621
2855 3074
614 1549
3905 2407
726 2812
2264 486
2253 123
4793 3259
4478 3913
944 1141
1085 4829
1634 4796
2249 1924
1963 757
4948 1803
2139 2439
3260 2336
2162 1191
4606 4136
567 2875
946 1373
1590 2073
1536 1840
2126 927
1595 2127
2420 1878
404 4560
4905 4452
2166 4348
2180 3002
4843 1819
2923 1842
2077 2693
3544 477
2869 2020
2573 2766
307 2612
1504 3010
155 4778
1691 4793
4675 2160
1083 2384
800 4479
3971 4869
2647 501
3784 1789
3576 1093
275 3513
3785 2991
3823 1319
2524 3113
2319 1046
3149 2176
2901 68
4881 1703
3231 3567
1033 3438
1341 4427
2685 215
4117 2866
114 1398
2529 2017
2045 1157
2020 2484
1272 1767
4072 1161
2477 973
3962 2938
1135 2834
4363 431
4032 899
4602 4307
2096 618
1725 1644
675 2716
772 2677
1561 3454
2727 3617
666 3346
3467 2232
4922 3757
2665 1654
1796 257
429 4507
3839 2763
3327 3447
2298 337
2105 4641
2128 2679
3278 3362
1383 3341
4409 2780
874 1406
3798 4283
349 3146
1593 1614
2543 908
4324 2692
3601 4188
212 3866
821 3442
3854 3731
488 4985
3207 4431
787 4766
4557 1897
716 125
4825 2087
1705 2772
1108 1350
1721 1888
1425 876
4045 476
3481 945
1446 4796
4831 1583
4646 4911
871 3550
4637 549
3428 4527
1588 3883
4872 2905
3361 662
864 1894
4580 2679
4668 1275
2069 2863
4451 1321
39 2877
2400 1231
600 3574
4376 124
4191 1803
1617 987
4433 3111
2320 3861
1027 3923
3499 2206
2200 4128
2622 4920
1126 2757
1770 2824
506 4354
4384 3316
1663 2748
1344 1922
1059 1408
1426 3062
1578 2592
4560 4814
799 2828
3929 4643
2888 4694
4403 2480
4729 4715
3425 2311
2717 334
4141 2288
4553 1332
636 4607
1131 3183
3836 4968
4668 3892
2113 966
1107 522
2098 493
1032 1392
2022 1281
1215 4604
1294 2325
3153 696
4386 2809
1775 872
1717 3852
2109 1163
2461 1670
3542 1323
4659 4108
3930 1423
4425 3260
3055 1163
1603 204
3320 4104
4955 4703
4611 1262
2536 4777
642 4306
1781 4432
2807 2656
1028 4233
2594 234
316 1861
825 4844
95 3403
1302 2615
2777 2832
4058 2047
4088 3091
2181 516
4485 2224
3971 2708
4984 4187
1256 4640
4181 4539
1517 4746
299 2856
4625 1526
4337 1427
4242 3822
1582 580
2866 2451
1055 2517
1902 3284
2928 2115
3374 3979
4946 4314
4474 1566
1971 476
4216 1930
1814 2410
2511 2083
128 3385
65 4639
3191 414
467 816
3325 1881
1861 3049
3529 2696
4007 3015
2845 1022
2642 2781
3783 3800
4799 4764
2014 1658
4552 193
1341 3548
1880 1800
1070 2155
3710 1832
2190 2560
1393 137
4118 4268
4985 4002
3044 1620
4229 2026
3533 3821
228 539
2495 4239
4768 3815
3758 2994
1368 2584
3633 4091
84 2701
1547 2264
3012 4349
2948 4360
2047 3996
3812 4141
3249 3
2375 3374
4952 307
4541 2226
4307 345
3877 4607
4946 3999
1916 512
647 3194
2042 1926
3948 4474
3100 1694
2727 719
328 4149
2317 4602
2454 471
4787 3149
567 1409
1286 4517
1493 3257
3658 4912
4296 1347
2216 4064
2015 4476
4053 4517
3645 1911
2064 1126
1347 702
4161 4157
4769 1706
2318 3843
4750 1032
4134 1927
2480 4473
2895 3578
4519 2889
4937 3233
1054 2736
4335 4458
536 4043
344 4786
3830 3638
4590 4399
2889 218
2862 1228
3439 986
4775 1498
1860 1738
4295 4174
1597 4318
4523 2770
2944 3268
1113 1477
1442 4057
211 4487
995 2268
1975 4678
3227 428
4703 1018
567 4690
2216 3757
2313 3420
1431 1583
3421 4898
1180 2220
3327 2406
3190 2911
4130 782
347 4429
1863 2318
190 4840
2430 3315
3587 1500
4642 436
2191 2730
1729 3378
1057 123
1653 1641
4169 1422
2675 2392
2813 3847
3832 1017
1747 204
522 982
1373 1608
4590 598
4779 3534
4170 1277
4561 3666
4163 2526
1447 3157
2434 2449
4062 463
1128 3015
4934 1043
1545 1906
3864 1784
3371 1491
2199 1527
1576 4448
4159 930
2626 2640
251 2586
1532 684
36 4816
2303 802
3660 2291
2776 1598
2706 4867
1648 3124
4062 3885
1176 1187
4464 3150
1236 4529
1751 2870
4271 3201
1761 1630
269 727
4454 2492
1389 1879
1650 4771
4295 66
3351 2473
3159 3563
2008 4595
173 260
4750 1826
2839 1390
4757 3442
4530 2156
1279 2817
3179 4919
1427 4259
3868 3808
4308 819
2645 2528
237 1741
1579 1144
3962 3613
716 2235
4305 2024
3967 387
4274 2838
1981 2932
3432 3281
2608 2693
2255 1443
4657 4665
2477 95
349 4021
4476 1393
4433 396
391 955
3384 293
828 3361
4329 2623
4722 4348
4378 2560
1601 778
402 2173
3012 2932
2018 1817
630 4062
4236 2428
3635 4727
173 1188
341 1025
1010 67
4608 1445
4344 221
4326 3215
2596 1738
2780 836
3868 2014
2064 767
3663 3977
1312 1377
1920 1204
3464 1557
3177 4493
3144 3711
3349 1917
2678 2988
1333 4293
2652 1116
3605 760
2817 4270
3800 2357
4391 2027
2259 3687
1978 1382
249 2671
4262 4916
4179 536
991 3636
4793 4415
2827 1113
1273 2876
4289 1565
3014 2941
0 2240
2281 2949
2579 3271
3903 1938
667 1726
2736 3885
3806 506
4423 634
3861 1241
4202 4387
3112 1660
2520 1438
1978 4434
312 2396
2087 1306
4129 190
3995 4775
3181 3821
3049 759
2379 1197
3695 2845
2509 2428
3186 2728
2205 4516
65 1276
3727 2571
983 2028
1907 4125
4119 1376
1779 4407
4243 2541
1080 123
802 4630
2974 3599
981 81
3559 512
4464 2610
498 602
2702 1436
4497 373
1927 3074
647 2564
1506 3268
2191 1632
573 3471
792 1005
678 2156
679 3377
1849 2618
2144 3796
1403 402
2126 291
2151 239
2008 804
3889 3131
2657 2899
2768 4698
4695 4992
1054 340
1342 784
3899 2312
842 1857
2355 329
1059 1954
1804 72
2648 4263
1329 3576
2388 550
4956 3503
3223 2967
3514 725
3072 4791
659 3394
2039 3402
1065 4201
4569 199
1793 3591
3672 706
2599 2373
1115 1224
1559 3919
850 500
1750 4350
2220 350
3017 3894
4069 4047
3860 1640
674 4854
724 1459
3223 2070
3343 168
1046 2431
2164 3745
2068 324
1449 501
2883 3928
1104 646
2366 4745
1938 2337
3867 1163
158 2764
4825 4802
4199 4724
2545 2250
2275 4682
654 1869
1110 4125
3788 859
2750 4166
4974 111
1955 2594
4113 2566
387 1962
3803 2725
3953 3263
446 586
496 3759
4440 4365
4358 2623
3025 3078
4569 2552
4527 554
1552 1361
4886 377
2652 1906
928 3066
522 597
1966 2049
890 3299
2720 4472
3697 3811
742 1787
3938 4534
910 592
1290 3365
1285 1408
2469 3147
2520 2917
4354 1123
2670 2307
3173 2165
3119 3425
4995 2549
4198 2455
192 658
1226 4748
2018 637
4332 3490
1549 2994
1227 1155
951 2963
1635 545
97 2134
650 2762
3982 2736
1717 3657
2415 3687
2690 300
2480 107
3877 3379
754 2005
3783 4854
1050 1245
1752 657
492 3651
2566 2995
2895 4339
2650 4699
1856 4543
2475 4329
1779 192
1165 4870
4409 3380
1966 4525
3373 4320
3115 845
4959 2518
466 1863
2496 2481
1871 4140
3408 745
2669 1992
3072 4763
3873 1159
4636 4041
1673 241
2146 551
1804 321
1660 1817
1103 3548
1837 4782
530 1099
3820 1820
2379 4433
578 3415
39 3365
4786 3491
4828 2593
3387 4797
1505 2703
4804 2692
1081 2654
4871 978
3203 1378
3408 992
3482 1278
595 2189
3112 1536
1634 3673
2802 1413
1678 3747
2009 4798
4807 1857
3775 865
1300 2875
4961 446
1229 695
17 3297
2002 3330
2853 188
459 4220
1201 3107
3902 298
1230 1252
3427 1450
1205 862
4990 164
4928 3119
436 4980
928 2943
4887 2443
4529 836
4793 773
3055 3443
1330 380
3753 1160
3201 391
3158 1577
3963 893
603 2968
4300 905
84 942
3377 3142
2106 3585
3810 2989
1742 1428
1598 4960
2378 1290
2784 4203
1324 2955
4424 2023
2089 3120
2290 997
3579 2975
1281 2327
3720 1024
2081 4937
269 476
4404 3346
465 4464
3863 1199
1425 4491
3443 1258
2580 441
621 4441
382 1081
3218 4875
4990 4812
876 261
748 1183
3263 2984
4403 1463
3917 2584
2256 4830
4415 2976
3948 68
392 3957
329 308
3939 3424
3753 2175
486 4041
196 4051
267 4466
2199 1293
4130 4471
4876 4128
3234 1928
1409 3597
2735 4751
4350 1068
3451 1856
4487 4528
1174 1126
1247 2149
3095 1785
1862 1979
3022 1177
4972 3322
2730 3270
844 1063
3469 3762
4749 1393
3793 4321
2469 218
1254 3640
3695 1162
3767 2188
96 4354
3504 3944
1060 4281
1652 4324
1200 1886
2400 3783
2372 3811
3480 2934
621 3678
40 4950
2127 1163
2709 4669
527 2412
4161 177
1000 3462
2216 1112
1701 1144
684 1076
3497 1257
1403 4240
2806 985
2904 1089
420 817
4136 1678
4532 2129
4009 2173
113 3234
1286 493
2444 270
2795 1055
3705 4399
4698 1709
3148 3388
1560 3726
2855 4663
4771 2666
4863 266
4859 3746
1253 1092
3987 840
3848 2161
4304 3650
4218 4276
2257 827
46 233
4865 4520
1956 803
3032 3168
491 2915
4757 1713
3086 304
2019 1207
4741 3636
2562 275
3753 2925
3077 3889
1544 965
4765 3135
788 2237
446 13
1454 3807
3611 2240
2068 4833
2799 1466
760 1369
2276 2127
3163 3726
4233 4789
2786 3854
2515 958
891 4845
4858 796
4616 3605
3840 2401
4533 968
3840 2151
299 3383
408 3371
2672 1196
2740 1884
2950 3496
232 4748
1071 831
4373 3175
1607 3157
685 4492
1725 2790
3310 4157
3758 4361
4976 314
1764 2592
4479 1475
1282 3735
3090 2871
1795 3441
3500 60
3434 2557
4608 3037
2828 2928
4015 1756
1744 2998
698 3796
36 313
3503 2473
4393 2722
765 3198
4848 1903
2450 3056
1944 4765
3260 288
1748 2728
1635 318
855 116
608 2317
3526 1563
3059 4689
3502 4132
3811 4175
1037 4559
4724 2887
931 3648
1911 1219
2015 3798
2850 3053
3201 3175
544 1031
4975 347
2881 95
2958 2403
1048 3346
1576 1035
2317 4861
2076 2203
978 2270
2028 2736
3693 1439
1411 939
1671 1629
1310 1880
928 2853
1549 2385
3872 2592
3617 4486
2885 1497
3731 3078
2819 669
1927 3332
4650 4676
4687 1654
1734 4716
3702 4580
4087 4312
2130 3779
3033 10
1796 2848
846 3682
360 4422
1185 1648
2764 71
2525 1970
4279 1642
603 1401
658 878
4313 2872
318 2759
4491 4149
2597 2771
1462 4108
442 1869
2382 861
2256 1165
536 2398
2723 3996
3971 3440
1669 1274
3688 583
3844 3130
54 3079
3597 856
1975 4921
4549 1603
2883 1062
2365 1072
4143 4408
4891 4806
3323 2046
1641 4414
3418 2921
1415 3795
353 1305
2308 1684
3012 4339
345 1776
3726 2814
152 3729
4694 3710
71 4523
1548 2705
2454 1232
4246 4348
1447 1704
1593 3279
342 4222
2067 4196
3193 4379
3702 148
1548 4237
4720 2090
10 270
3875 1441
2133 3953
2536 3792
311 2013
345 936
1138 3061
3228 2525
2094 1741
4373 4694
2765 3475
4395 1817
1455 2069
225 2406
1002 117
351 2784
1755 1268
2941 1950
2581 1620
3411 3618
2349 4807
3030 3584
4582 152
2444 3816
877 996
774 3572
2015 4010
1097 746
4165 4402
215 1284
4133 730
2785 4055
3799 1647
4822 3204
3799 2376
1113 4284
2252 3206
1614 131
2637 4054
441 2467
1953 509
3609 324
2519 4229
1808 1674
4264 2359
1788 363
3806 3220
3818 1925
1765 4136
1889 195
673 4663
1934 4358
1230 4713
3758 581
989 2161
676 3832
3438 2181
1459 2380
1622 4525
4617 1895
2443 1948
707 2174
4877 4007
4271 1461
19 1117
3171 403
989 997
506 3522
4158 3212
2054 2491
4387 4486
4046 531
1319 1784
4803 4931
3705 4961
2190 3488
2347 767
2014 1375
3112 3257
4949 1858
4638 2179
2547 2314
3422 4154
4096 3052
3785 2246
2123 2382
3420 2998
2029 3374
3991 2587
822 956
4769 76
4205 1792
4196 473
4761 4419
394 2363
132 4663
4616 2038
3712 3639
1802 1615
2098 2511
655 1762
3291 2648
4732 244
2008 545
1124 3787
4383 3928
487 1865
1932 3061
1417 3933
1411 709
4617 185
3228 592
3573 1396
4210 2762
491 3393
381 2391
1144 1804
4194 1832
374 1044
2714 1698
3083 4801
2665 613
728 4405
3954 4984
4304 1698
3486 563
3157 4071
1849 114
3913 2836
598 3279
4398 395
2528 2801
3087 3906
3298 218
2509 4141
4490 3409
4997 1068
1840 4176
3749 3469
3165 1539
4186 2533
3796 1138
34 4617
908 1355
4142 4760
4672 1534
1205 3602
4577 4556
3805 1530
3504 2287
496 1503
3301 4968
1605 1705
3630 1687
2300 402
4110 1652
1114 378
1217 3687
2165 4636
121 2815
953 4705
2714 4345
1757 3235
976 2135
2843 1207
1345 2
1355 2232
3284 1910
4640 1172
3535 4890
2638 94
1407 2428
2561 535
3601 864
2128 726
959 2114
3560 3495
3877 663
2333 3674
45 2548
4646 2684
4512 1205
55 2589
2504 2801
534 3630
1555 1409
1787 3860
4693 1878
763 600
655 2884
313 924
4646 2017
3835 4843
1870 126
199 4208
3892 128
30 1580
2865 679
1938 507
1235 1156
4801 4673
2845 3534
1117 2406
52 218
1894 3851
3104 1901
4853 1042
2000 4337
2473 2583
4423 4086
2310 3609
1165 112
4687 4855
279 1793
1040 1864
2689 2492
4243 3226
2225 3572
1832 3369
2286 1516
3843 1009
631 3601
389 3458
1014 3298
1516 977
2847 4239
4643 1011
727 4613
2994 2075
4059 938
1139 1310
3303 1710
1909 3124
3512 3511
2947 3106
3894 738
531 2681
1782 760
1403 2644
562 903
2770 1354
3785 972
3305 60
1291 2285
3290 1297
1932 4444
2955 4152
3443 3668
2702 4209
1021 2600
1294 3935
2412 4154
3588 758
3600 4687
1540 3754
1730 2043
4177 153
4549 4966
4281 2777
4716 14
3036 179
1905 2388
2686 4309
1306 4741
3757 1487
2144 898
2165 3120
4580 2024
227 2510
853 3971
3856 1873
2059 2596
1792 4937
2429 1945
4915 4891
4954 1206
1807 3969
3811 2431
4575 3708
1319 677
1568 1813
865 10
404 1055
4650 94
2950 1841
3767 4052
2221 3464
751 3209
4022 4632
3246 3756
3732 57
669 1723
2670 3167
2890 4408
2126 4537
3904 2069
649 2136
426 3699
2520 2753
737 3904
3999 668
4082 3050
1388 799
2144 3592
4828 3211
664 536
2355 258
2846 1121
1070 3880
300 3642
4797 2348
187 1252
1053 2022
1279 2229
1178 3271
1879 2662
792 3229
533 1500
1819 4989
2711 2995
534 4124
4181 2973
3821 1425
3962 2678
2342 2806
4900 3774
2346 1854
4919 606
2631 4867
2951 3666
4873 3802
3378 139
4986 3131
3357 2217
4493 2291
4318 2012
2709 4043
673 798
155 3966
3097 3334
3230 3613
4961 3827
545 2336
991 2993
1159 3368
2987 2189
3517 3259
1470 2553
1145 830
2294 1532
3492 1347
2029 1661
1930 4301
4373 4522
753 185
1984 4920
2977 2048
1086 2124
3263 1872
1504 2973
1606 2337
887 4431
2647 3101
2117 2397
2623 4867
398 82
1495 4618
4031 1593
821 1019
2915 4176
3821 4407
1417 3157
353 415
468 2287
4842 4720
4271 494
3856 2525
4686 4793
1363 2580
4424 4071
2837 56
1134 2871
4700 2049
1361 2635
3052 4952
3824 1968
1418 3824
3217 2501
2916 2544
714 2618
3149 2270
3867 955
809 4961
712 3286
4687 751
3763 1168
472 687
3108 2785
3419 2250
3989 4193
1814 2632
2063 3547
4901 345
4274 2375
4407 1273
518 4526
1907 4916
4464 309
4319 3707
4871 4570
4742 561
911 4337
3956 4850
3417 3587
1962 1046
211 3585
3294 2553
2284 2209
2782 299
1844 1268
974 4877
2438 2790
3060 2382
714 3206
998 4746
4932 1318
3732 4571
3554 4485
2023 1779
4808 2149
2367 3147
946 2178
4106 2652
2580 302
1410 315
4274 2446
4191 2
3591 192
363 865
804 450
4706 3983
2487 1589
322 1208
3494 3802
4893 4556
3300 3981
4410 3618
653 2853
204 81
3169 3966
329 4722
2085 2198
1122 4139
4947 1562
4498 406
4590 1686
3015 3270
3941 4587
4405 1506
774 157
2747 1924
3592 2195
3253 4822
4806 4932
4672 588
3860 669
3925 719
666 1839
3857 4151
977 3019
4289 3318
4938 3260
3178 160
1157 3836
116 575
426 3853
4481 2341
4288 3718
3327 2681
1220 3303
3586 2620
2935 3009
2722 779
3082 1079
2721 3621
1284 1573
3122 4490
1297 2729
756 2930
1905 710
4056 2458
522 1846
200 4079
3193 1305
1934 838
1898 860
1900 2954
191 2492
1034 4832
2974 4010
1915 3908
2365 3967
2340 4031
2954 1641
2394 522
3008 2093
342 3300
677 2980
2948 539
1906 4411
3037 2056
1676 96
2424 2009
809 1784
1121 1251
98 160
2915 3351
4998 2410
2347 4384
7 685
102 166
3164 1483
3290 4242
3733 178
4681 3424
2862 3526
4609 1154
4775 181
3895 1619
1228 133
4915 1306
1204 1325
4724 2937
561 4316
2671 3892
3879 3000
679 626
4330 3195
2198 4800
427 3468
1983 1913
1437 4503
4932 565
2495 770
4452 639
2690 4124
4788 1586
1273 558
4326 3304
4206 3346
3657 623
1877 2394
4986 648
2871 747
4991 4111
4605 3735
4129 4834
3133 939
724 2670
707 2538
1935 4424
685 1574
4182 630
903 827
3047 3221
2782 2510
4422 2461
3603 3387
291 2939
364 1829
799 3628
3906 4411
4689 4903
646 67
2789 1282
43 1051
689 1328
3765 1613
4679 3992
1723 697
4615 4878
791 3162
2397 4089
2780 48
753 4860
2152 2123
3956 398
3598 4013
2380 3273
832 1554
1168 880
2418 4592
1190 1440
1440 146
1489 1312
1053 3574
2857 1026
628 53
627 3671
1387 2277
3966 3688
4621 3779
1960 896
3866 3546
867 1542
2334 847
3090 1795
1363 4254
1638 706
827 3265
831 1947
2463 740
4955 3341
142 3193
2583 2731
4678 1090
4570 4520
4987 2625
2962 3166
3588 2276
119 616
609 4225
2667 3629
1791 2621
4239 1556
1356 307
1684 4407
1248 1031
946 3722
3245 4111
4461 3048
629 1075
2014 198
663 1551
1539 81
3019 3795
4730 3335
4002 4270
2122 2295
4026 794
416 4253
3788 4027
3395 410
3913 3164
1759 1893
2052 3828
3353 3235
4900 4205
466 3083
49 1520
4445 642
4985 83
1269 4012
4360 2161
9 2773
3047 4328
936 911
615 2199
4359 488
1750 2453
2930 2972
2248 3438
4161 74
2211 624
2180 4065
2729 2637
4929 3814
337 4277
2320 4004
581 3840
2793 1627
4336 890
2024 3238
832 4458
1983 3363
135 1449
1106 3439
2148 1468
2619 3032
126 3598
3649 2937
4970 2253
3726 816
663 4579
732 594
1827 1272
924 3454
2966 3108
3899 2186
4349 4701
2449 3195
1148 3612
3961 4260
4802 1770
142 2873
3140 30
1630 1001
1336 3325
2119 3598
2012 109
3403 1630
2476 1959
686 3325
597 2698
1610 3488
2704 166
3815 4313
1864 4232
971 575
3356 2765
4939 1747
3131 1969
950 2740
2319 1722
1581 1621
3172 4702
1103 1835
4841 1509
3168 2606
2587 1668
1563 4460
3409 2075
471 2089
435 4948
1116 4511
3273 4717
837 1520
4760 2909
3250 4516
4938 3310
2046 774
2494 2410
4067 3617
4884 1832
602 2694
441 1057
693 1183
2656 4710
852 3196
4282 1270
1646 800
529 1901
1685 500
4175 2325
4748 2987
2598 1626
1487 2657
1091 3079
2628 526
4426 2457
1266 2536
1672 4274
1955 678
2372 4995
1854 3780
2509 3811
3414 3693
3183 2714
693 3499
3555 1693
4119 3100
1716 2915
1419 3688
3142 3833
238 279
953 406
3338 3892
1747 3542
3781 11
175 764
3860 2204
635 2619
2790 875
2065 2881
4265 2141
4755 4894
4048 4872
3019 546
4266 3429
3615 1853
3381 2350
311 2522
4297 4472
3721 1066
2059 2882
3008 3593
4457 259
4350 2401
2524 4738
3625 1567
2202 2933
4640 2491
203 4538
2820 4494
2054 965
4363 3991
3665 339
2123 1064
1210 2991
2552 541
239 2357
4135 4565
3998 4253
650 3150
2800 4795
4490 2406
1803 3238
2881 2292
152 367
2279 2544
312 1576
2454 1853
360 3923
3256 1577
1947 1607
2868 2849
3605 3623
2799 3065
4670 2377
264 1769
749 3754
514 2862
2522 854
2865 1424
3178 4129
3989 3971
4437 557
2449 122
4184 2568
40 2625
2421 1295
854 691
1195 3174
4173 4449
3842 3361
2387 4168
3875 4339
1467 919
3779 2413
3116 1570
3290 1100
3567 1903
4535 4356
1250 2192
2580 1417
3026 1382
1498 2006
1802 3850
3206 4089
3252 2618
117 3979
194 1773
3472 1117
4245 67
1982 4126
3191 49
1971 2181
618 952
889 83
2597 4092
1276 501
138 3727
2382 4632
2046 4724
431 3448
1202 583
1604 344
3674 2776
4342 4217
1973 4291
1385 660
1771 4923
3436 2229
2223 2641
1542 3251
3964 2190
3255 4251
3686 420
2847 3839
3966 1635
4979 1689
3375 4360
2876 4639
843 3403
132 620
4234 907
1837 2553
4119 1846
3984 2007
3184 1089
1345 3958
2136 3263
718 3851
383 4773
1085 252
586 3844
2206 545
520 4384
4186 3859
3938 3099
1909 508
2887 3788
3240 4911
1581 542
247 3108
3517 236
4961 3988
2659 2369
3895 2166
2022 4954
3237 1640
761 2818
4526 1232
3779 1577
2884 879
2740 213
1081 1079
4408 1374
2604 1067
3470 4878
2208 3677
3689 3165
514 2314
1733 1018
504 4126
3199 1129
3677 2127
2866 2966
1321 1309
1061 2296
2481 4361
2642 354
4349 3576
1633 1699
3284 3747
1859 4754
3343 325
3194 2287
1844 119
448 796
4179 1484
3971 562
384 3279
2669 3480
4241 3749
3185 450
3595 747
399 3484
3155 938
4011 1894
4091 3752
3741 2041
2248 2763
3921 4350
4621 4401
3971 4494
3506 3299
2366 4424
4489 2875
1343 1531
4633 1779
2582 2278
2984 3829
1076 1450
1519 4234
1611 2846
4629 1638
2444 3769
3331 2021
2685 3878
4101 1964
3614 3597
3410 1397
1595 1186
1109 4245
137 427
3083 594
2714 867
1267 494
4026 188
922 4396
4836 3533
3362 2000
323 3358
2784 334
1205 822
673 334
2878 4076
2347 2738
1858 844
4175 3525
4709 3194
818 4251
1689 1247
1266 2024
4883 1447
4965 3954
661 4696
297 231
2793 735
1609 153
4329 1203
3992 1644
2759 2334
4807 1994
4878 2333
3567 1349
1391 4918
3910 112
2602 1695
2520 217
1112 826
3995 2734
4808 1421
2247 3775
1950 4479
4644 3935
4467 1944
4651 4261
1761 4271
1108 8
1380 967
2461 4972
1587 1513
2948 2382
321 4605
3226 4835
143 2092
2154 3021
2334 70
957 4987
815 2843
3786 1726
4895 3854
3992 502
335 249
4009 2421
3583 1352
1611 3951
4546 4139
58 2664
1272 24
2089 4154
1952 277
4655 178
3986 3446
2288 2934
395 1865
147 3983
2072 714
315 2170
1542 1283
4417 2683
3317 3318
1465 3800
4094 3422
3547 1221
1855 3600
2829 2578
820 1150
4249 4353
2235 2735
4033 685
984 4608
2839 1619
1235 880
2166 4622
1226 3317
3106 69
2804 2769
754 607
1313 2335
3460 3396
3052 298
3174 3028
254 1765
372 2322
3449 3151
1487 2868
3184 669
2292 524
4002 250
4539 1800
3650 2831
567 3439
4684 1301
281 3771
4840 4352
1869 4306
701 2636
3425 114
2626 3115
4544 1035
4599 4534
2131 1667
1036 4681
2885 1040
4772 4809
3472 4133
1430 4834
2270 4882
4734 708
2819 2306
592 4377
3613 2400
1555 1981
964 4292
328 1733
4437 4556
3774 1849
2251 3428
3129 4260
4601 2777
557 3374
2184 3085
3259 4024
1491 1874
1593 1333
356 4255
3886 653
2625 1763
3530 929
33 2983
4497 820
2217 1140
1964 1294
4967 2104
992 3840
2012 1222
1585 321
1481 3193
393 363
3477 4816
4591 4530
3508 1624
2645 1198
4306 3765
201 440
2838 2000
2850 329
3835 2155
2285 4850
3343 4566
1716 1200
1060 3461
2404 2550
628 3027
4839 12
1144 2947
1854 4422
1716 354
4255 2408
2331 3250
2960 3330
295 1236
526 1662
1402 2230
2710 3716
4630 1966
4711 1473
3754 4683
3697 129
1701 3340
820 1063
3438 4673
4016 1411
3966 1477
1086 1632
113 4468
2678 658
3790 3531
4592 1737
952 1793
597 3711
4602 1665
4567 356
857 2195
2776 1269
4468 2903
4369 1387
1970 231
3609 1313
2921 670
24 4814
3011 1116
4781 2336
2692 2034
822 4483
1216 947
4150 1660
360 315
471 3708
4187 3822
2509 3768
697 408
1046 558
4983 4780
4592 2187
3731 2616
1297 2539
3222 4232
1728 155
1750 3721
481 2496
1197 1995
2607 4682
2381 82
4920 2510
957 76
1163 679
4021 276
4072 4318
4400 4627
125 2648
518 3393
237 3882
943 1018
317 3135
4809 120
82 565
1746 3359
2484 3490
478 3882
1736 303
1314 1076
470 3725
1850 597
2115 1099
3552 679
4207 930
1988 2690
4645 2452
4409 4119
2386 4022
3703 3877
2490 941
4403 2918
1414 1943
525 1238
1450 1548
2211 166
451 114
396 1330
3318 3940
4399 1550
545 3136
1904 3246
1987 2792
4752 2325
2652 1798
4097 2659
1643 54
175 2907
1115 2802
1556 3273
3138 4802
111 4050
3777 2811
2893 3013
233 3717
3308 468
3242 432
4234 3594
1226 4114
4185 1561
3625 174
3720 3793
84 2506
728 4514
2344 1392
3973 1548
2658 2236
113 135
4870 1488
4735 3159
1178 3618
1457 968
968 313
2489 4452
2019 2800
2811 2716
465 2523
2508 600
631 876
1886 2758
3167 4506
4549 4409
1772 2694
275 846
4936 2101
1588 3453
2687 3925
4272 1163
2899 1396
2218 2854
3765 910
2083 3730
2542 1647
1294 4612
3850 4126
690 57
4113 4507
996 3772
4990 4567
732 2192
4117 3580
483 4984
961 4576
1244 4955
215 509
2532 3099
629 3923
2373 2334
2056 916
3709 4032
4484 1757
2210 2305
1013 4219
4792 2397
4743 507
2271 1587
498 4332
3083 3441
834 1266
950 2308
4225 2441
2104 2931
2017 2900
3723 4255
4344 2561
142 2806
1294 2420
197 2166
1044 2155
4090 1309
4669 4265
222 3685
2973 683
3371 660
3414 4671
2842 293
3866 2468
2364 3851
2919 3279
3097 13
931 2911
4174 1844
27 3526
703 2280
4583 2084
1965 4917
1697 3360
4469 1412
3557 3670
4016 1897
3136 3453
3906 801
4428 1936
4313 1613
1102 2678
1158 3980
2270 3762
3688 4908
1541 3808
4025 3515
3191 986
4227 716
3805 3714
2228 3604
3225 1840
3434 3513
4813 116
719 2054
4102 4649
4395 2751
4590 4351
4514 3073
2450 3195
2418 1961
1610 2853
264 3996
4547 2406
3445 2188
4597 4273
2897 597
461 3720
2287 4355
116 2065
359 4740
3946 1954
4326 4998
1122 3052
4325 2165
2111 4751
232 4503
900 1546
169 2950
1577 1466
2452 1093
2236 2569
1661 1439
4754 1518
3011 1764
863 2857
2386 179
1832 2683
1101 4595
2235 2343
899 2975
142 2142
3781 2105
1728 117
1697 1077
4700 4244
547 4271
2241 4118
4885 4528
3479 3746
4758 2287
2718 4608
2727 3728
1450 792
328 3253
4744 2188
4363 2116
2225 3813
2906 736
1396 677
3986 697
248 960
47 2042
3603 973
4256 722
3079 972
707 3666
1798 800
3114 2639
935 461
3827 7
3501 332
2586 1209
3578 3022
677 1226
4045 1383
2958 3304
573 2253
4157 2587
144 2029
1188 69
1454 572
3993 2358
1227 2524
4476 2225
146 340
2123 4436
1046 419
3710 1605
3042 4936
140 766
531 4802
3367 2868
3670 2631
881 2355
2995 2216
4840 2284
3448 3326
4029 3578
3588 4905
4697 3622
109 2052
4603 4779
522 230
4122 1487
3572 2629
1628 4092
4874 1785
1995 310
1654 155
1053 1578
773 715
3117 1372
1536 1486
1975 924
147 1068
198 4100
1259 4798
4748 1143
3613 4188
2043 1243
3360 2108
1757 1926
4592 1346
3220 3921
4006 4391
4092 4337
463 1282
3947 1965
4604 427
3046 993
2392 3222
2501 2783
728 4331
3968 3768
4644 2942
1820 2486
1350 4448
796 3759
3548 4494
4361 334
3267 1048
4049 2745
2849 4863
4706 981
3043 1549
1603 1279
4582 1470
4515 3767
2514 1329
4598 3959
2962 110
2844 459
325 4783
3640 2382
3587 1025
2523 4992
2748 3628
4189 4315
4839 2314
4391 4469
997 240
683 4766
2028 4268
3313 1908
3994 3224
3601 1325
1895 1327
3744 879
2842 3648
765 3942
4130 1867
3651 4673
1575 516
1820 3472
1726 3329
4444 357
1182 2705
941 71
1613 2184
190 4015
2384 3478
1200 4961
3293 1321
4947 3380
325 3239
543 3593
489 736
68 3982
1405 1953
4734 2699
1384 3955
1185 3762
3437 4847
4375 2030
351 1438
3867 287
461 1177
4546 582
89 3042
1282 489
3442 2973
4399 3462
1276 2019
2596 2784
1529 1362
2346 4255
4564 2723
2969 2133
3042 2105
2016 4756
1941 3968
2059 3631
814 4128
2119 1702
4209 2329
3025 2749
1950 2688
326 1886
2029 1697
1286 399
679 3128
409 1215
4037 3493
4262 3433
1454 1924
47 3680
4254 1206
4881 4702
2686 1230
739 2528
1131 1125
1838 1563
113 4219
1203 3469
4284 3116
3700 3833
124 1778
4737 730
2343 3698
4666 2893
4931 645
1391 698
1363 3489
1332 1703
602 2153
4394 1934
3445 473
4900 4305
3693 1912
1950 3931
3912 1666
4442 2957
3881 4344
2332 2354
2928 3688
4800 4056
4053 4768
4551 236
735 1499
4114 3553
1105 4076
4328 1427
1007 4704
1723 1080
3466 1204
544 1779
3701 2385
3233 2777
4800 206
4900 603
4913 20
2873 4444
72 2455
2992 1241
1525 2497
4149 3305
1073 3745
2105 3987
3889 4725
3131 3863
1331 2041
587 2830
1405 1954
3334 4307
4227 4426
4387 166
2964 3799
4137 119
3663 3361
2356 3288
707 795
2368 2518
4319 597
604 2721
4555 526
4021 51
206 3135
931 4977
2288 3792
4628 2655
2567 925
4856 1417
4336 2424
3102 3983
3707 2224
3334 3116
4153 2396
172 3548
3321 1275
3753 3506
4026 1881
2837 2006
3591 154
3084 3220
907 3033
3923 832
1733 308
3214 2191
1861 3057
1660 4689
1045 4537
2495 4849
1375 1681
4662 4252
3201 1389
3513 2507
4740 1824
1114 1638
1315 1586
390 4945
3649 2392
317 3887
170 3931
1898 4571
482 2556
1117 4441
61 1828
4531 4824
3759 491
1651 4396
1395 4569
2175 3567
3290 4154
1746 110
3413 4992
455 829
2308 1750
1977 4567
168 568
932 2641
4088 572
3265 4642
3581 2430
1122 56
4146 3179
4985 4016
1367 1572
2466 766
2064 1862
703 2716
2352 4227
1493 4004
4201 205
2937 3661
2628 1243
1897 2732
2815 4637
3712 1725
3696 2800
4762 679
1556 1381
1540 1569
4443 3286
4975 3854
2726 2202
1605 2989
3413 3408
1240 1722
4799 4789
313 3734
137 2683
431 4090
104 933
2188 1518
438 3719
1538 4931
1324 523
217 654
3875 1674
2423 176
2721 821
2712 3185
3081 3243
2353 3075
2179 1812
162 4592
2832 3274
555 3471
1334 1440
4059 1809
3151 2017
972 1436
382 2352
4947 1412
3389 1609
463 3488
3167 1165
3427 3767
3466 4006
74 3279
4063 1598
3595 800
2880 4700
374 3342
2454 2609
1213 4238
417 1585
3715 1853
1108 555
2770 2218
4766 1702
3011 4017
3548 3409
3806 4058
1886 4418
3761 3113
4966 4004
4702 2028
4685 1671
3758 2856
2464 3706
4888 847
4167 4691
26 4785
4480 2496
4414 1142
127 3266
953 156
4223 4516
3648 4001
3505 3897
593 3567
4476 1527
41 2600
2234 1254
3663 4973
2755 148
2724 732
477 2455
2606 4704
1104 2250
2282 2294
470 1221
1536 4489
2097 2133
2087 2809
3138 2454
256 155
835 4544
152 1767
1879 203
668 2330
1704 4064
4165 704
260 3232
1445 3381
607 2730
1146 1035
1201 1601
4550 1810
2048 3280
1868 2590
2484 2101
3743 352
1368 4331
2255 1392
1507 331
3658 2803
1845 3669
2175 4197
4282 1509
2341 3629
3491 647
1316 4292
1878 778
4487 3742
3147 4486
4239 3599
1170 3622
1023 764
2830 237
2453 412
3361 4717
1915 1439
1180 2702
3063 4442
1300 4045
96 301
2333 4887
111 326
1901 266
2594 1522
3226 879
94 789
2678 4918
2090 4708
617 817
4942 717
637 4976
454 3660
1102 1263
454 338
1695 1091
1135 3234
4315 4382
2154 366
3351 4114
3182 3800
1110 627
3459 1747
195 2172
4625 3059
1046 2099
4981 3128
2374 2737
565 3558
4699 217
4199 1350
2296 1470
3266 143
3730 4496
3456 4477
2991 344
1546 1488
831 1728
921 1039
44 3779
1912 2371
3953 1378
1492 1180
2284 4124
4328 1986
2746 3560
3249 3036
3944 991
483 181
3876 4718
4370 3710
4893 1117
4879 566
134 2109
3619 1759
493 2851
3409 4737
3464 2776
2192 43
3518 3396
4575 4762
646 4264
694 107
410 694
2093 1380
1235 3833
4414 2839
1920 4492
2488 3600
520 1804
754 994
3998 4940
1960 543
4952 4309
1086 3851
2765 3316
3015 1518
3363 1781
1766 1240
2152 3007
3232 4517
426 722
2120 396
4159 1570
3551 3235
4180 4949
4033 3738
896 4339
1841 3281
297 3663
4972 4369
2641 1488
534 1015
727 4078
401 345
4098 147
670 195
3364 903
863 4131
61 3128
2648 1576
2840 558
3516 3480
145 3577
153 802
840 2839
2023 1741
2241 4478
3655 4403
4946 2722
1238 1622
19 1695
2481 56
4504 2940
1092 1584
530 2061
3662 839
888 4725
1498 3101
199 715
3971 3764
2305 1984
2449 2554
418 3691
2982 4859
3011 282
3746 2554
1984 3404
2078 4472
2394 3498
1176 2433
2659 695
603 2611
3989 1623
3254 2046
1556 3699
4686 2569
1221 669
3351 1248
459 987
1671 1856
2629 1232
3403 3981
3675 2541
2349 3564
1878 1470
1958 2448
4161 3539
4633 3787
3292 3178
1676 2810
2795 498
4017 2355
2352 2051
4036 365
3814 2952
2714 145
466 2975
2816 2471
1231 524
3240 2418
451 1374
4492 896
1533 480
434 1833
2406 3893
3514 1567
1488 2828
149 3383
1422 3580
149 4555
4000 1804
4781 2528
4707 2565
399 1494
3374 1934
4843 2734
73 4633
2295 1255
1320 4499
1070 2618
3911 4561
2391 2034
1085 4197
3448 2945
3407 3400
4684 3413
361 3205
2243 4250
2280 1109
1036 2525
1829 3909
1137 1856
2108 1870
4311 2276
3784 925
2803 604
4714 851
2793 3663
1259 2513
3356 897
3400 2492
3905 4262
4913 4524
2193 3112
2325 2046
1146 491
3648 1312
4033 2666
2885 78
2790 1181
506 4955
3861 974
3061 3715
2330 4385
4319 2990
4795 4918
2549 3546
2700 3137
1155 1298
3469 816
1850 2166
2583 3141
4673 3096
1978 435
2969 2003
2106 3522
1555 3686
1298 2021
682 2878
4514 749
1454 2024
435 1201
4403 2118
2281 2370
4113 1344
2851 1550
3811 2073
1308 4200
1418 2485
2044 1890
3471 788
1140 1448
1386 1557
1051 1654
3687 2018
4012 34
2156 3534
452 833
1989 2179
2238 9
4842 3651
1762 4453
4904 2296
1684 4762
1647 4252
4420 1522
2017 1443
646 1443
2246 197
1280 2939
741 4172
2006 118
3167 328
1536 4036
1239 1009
1993 698
722 4506
1985 4723
4111 2914
2343 4476
897 4562
2325 2189
2040 1199
718 2888
1234 3457
2142 3493
4969 274
2613 2476
4636 2259
230 726
937 368
4305 2605
3172 3640
4245 4799
4598 4900
1246 3556
2088 89
2535 155
4418 1541
972 2229
1149 2820
2173 1258
679 3621
3846 1725
459 3520
359 725
4578 324
1105 1155
4033 2318
3047 583
4722 4873
772 1065
551 4859
2854 1563
3509 2632
4933 2020
1571 4688
1348 505
509 2316
2261 1750
1208 3711
694 4654
2135 1326
4496 249
131 1438
1275 3241
3780 29
405 573
4161 1791
4389 2776
2483 4258
1177 2763
757 2737
2340 4141
4350 2326
3421 443
3883 2551
3793 1634
1468 4550
2736 1881
4893 3256
3790 3746
4015 450
23 3260
4490 4081
4260 2933
4274 4798
2702 1140
3480 2744
3001 1164
3861 3795
231 180
2681 1296
3618 3547
1097 1871
867 3205
4115 735
3200 283
4248 1670
4310 1690
3659 1157
2833 1748
3261 1564
4770 4377
4037 1041
607 996
3813 570
3066 403
2705 3982
3479 2775
2289 1074
3883 4372
626 1690
1166 2917
2495 3959
4266 1529
2478 3587
2564 628
3545 1073
1362 1824
884 4513
3299 3867
426 4598
2767 983
269 2937
4511 2987
4039 2204
2136 3085
4056 2598
3916 4090
260 1121
229 99
3175 1054
1097 50
3683 4470
1270 2114
334 17
368 2210
3325 2610
3347 3305
1681 3901
64 439
4322 3416
3052 1801
4089 1284
4912 3419
695 3193
4633 4526
622 1640
1665 2716
1279 1848
1739 2299
4465 2402
1437 1313
4568 3561
4758 1349
1863 4015
1403 379
4396 2680
3530 4017
2566 140
4 2850
512 2434
2847 2907
2124 488
1124 3550
1142 2951
466 2779
4077 1336
3223 2693
1084 2749
1506 2137
3128 1239
618 866
2873 1937
2202 1297
903 945
1103 766
4648 4662
256 3460
4871 65
4379 3094
2069 3656
890 774
2678 4291
4266 3136
700 4467
2188 18
1393 3388
343 853
922 1413
3825 1205
3929 3842
2200 769
3560 1624
2262 3521
2041 4332
1548 3697
1251 957
833 1315
4317 2547
2404 2551
4553 905
1638 2133
4583 4159
4227 1181
1476 2697
1150 4559
1130 785
4237 563
2360 658
271 3905
1538 1848
4184 608
2167 3646
2259 2525
382 3938
973 3643
881 1029
2979 4222
2747 4178
8 4908
4565 3614
801 1174
4899 2723
1677 2390
1681 4751
2730 4576
890 1752
1212 128
2707 4807
1322 3090
3315 96
2628 2649
4858 3174
4570 3742
3681 3330
564 1614
154 1584
124 2119
200 1097
2486 4845
4849 3469
2930 2598
1651 3756
2732 2509
1597 4909
4549 4515
3868 662
4815 2032
4541 2409
808 440
4505 3108
1741 2966
4167 3436
236 4733
1745 4227
3879 3965
2787 2712
1035 1994
4403 2878
2102 2373
1902 1920
3076 3245
1426 2945
4058 2021
3333 24
3207 3714
1335 2213
1817 2394
242 2483
433 120
591 1404
2873 659
3842 1193
2 1438
1751 2669
3446 1088
2396 2920
468 2997
1715 3635
2626 2069
1242 4408
1794 2447
4061 1529
833 2861
2565 1168
3193 3317
324 3421
3190 2793
1571 4641
364 3081
4550 2507
4549 1312
1281 3297
1253 1788
1254 4830
4444 2552
3587 3212
3077 1652
2384 3841
2642 902
1425 3185
596 200
2370 2753
3316 1658
4625 3585
1204 4229
2101 1322
268 4117
1977 1913
2024 2747
2769 3044
4303 3263
4684 2295
891 2454
2328 340
1466 2535
2598 376
4729 1059
3759 1838
3358 1266
565 4006
2188 722
2666 3825
326 1364
1760 4134
1090 3234
2158 3009
3581 3614
3083 4107
541 2966
1826 734
2789 3040
3945 2442
2866 1229
3072 1135
3854 4733
2843 3938
346 1964
812 3114
760 4262
4098 912
333 3693
889 3444
834 2371
3921 3619
4782 4894
2315 1780
3425 4753
2004 4749
2343 2789
4728 1044
2757 4767
2720 4587
333 3656
1846 695
4846 883
3792 595
476 1921
2978 2828
1965 3752
1063 4971
1476 1384
4449 1384
4464 1643
873 2181
4472 1272
1831 1981
2395 4134
4201 2380
4625 4140
3342 4407
796 4792
4526 2299
1703 2864
1656 2012
2334 1519
2164 699
1439 3088
894 3114
1613 4528
487 3287
490 4859
3440 948
2012 881
821 4776
1809 4402
2849 3814
876 1739
660 2707
453 3899
1616 1245
2460 508
196 4449
1421 338
637 4578
957 2221
4744 3073
4302 2013
3894 4809
3451 3896
3719 3507
3399 1710
3002 4526
2798 815
4218 264
4848 2881
16 4884
3970 2846
1133 3551
4633 415
4188 1334
4800 3772
640 3513
145 855
2348 3904
4404 2509
2180 475
2309 4278
2004 1305
1078 4592
4483 802
2809 4824
433 3489
91 1652
893 2710
1177 4496
1343 681
4943 1686
1763 1614
467 2881
3502 1519
3401 3696
2179 1189
2307 2784
1877 1374
166 3116
3336 1359
405 928
2068 3986
346 1350
4503 3424
3411 3844
160 785
3347 2343
1593 2472
4856 158
4437 3405
3282 2812
1948 1300
2500 2990
2392 4857
2971 36
551 4899
2066 3519
3266 3887
2686 322
2466 1728
4568 346
3115 2373
3794 241
2774 3680
2450 1488
1398 1557
3655 3805
1887 123
1682 735
4396 1698
662 2475
2368 4484
1795 2105
1697 435
2712 2919
4295 821
2778 4206
3582 389
3093 3784
2840 3429
1066 252
694 2757
738 3828
2741 1035
4788 149
33 1999
594 4722
666 3214
4030 4280
4129 2944
4173 2286
682 2437
4617 4263
3686 4829
720 1691
2134 199
674 2875
3067 1605
1037 1583
2882 1920
890 1511
1296 1049
1998 4895
238 4451
4139 2398
4921 2508
202 4855
1222 52
3711 4535
2347 4750
4380 1767
2633 1332
1607 1456
2361 2679
1176 1758
4896 272
4843 1378
436 636
4304 4833
706 456
3578 1959
1461 1163
914 3646
3326 822
4525 3320
638 4357
3364 1447
3280 703
4613 1874
297 2151
4525 2167
1791 1877
460 4913
651 2669
2710 1227
1752 4738
2358 3449
4281 3198
921 3635
1661 1782
2809 1071
2445 4141
1935 3179
663 4377
25 3615
4239 458
3468 4033
998 1084
1774 4212
3058 4353
1496 492
2887 2231
943 528
3077 2473
475 2873
2956 1182
1267 4277
2640 3790
3273 3685
3612 2577
4413 3245
1102 1144
4944 181
821 238
4922 613
4951 2287
3359 1057
4610 1214
1751 3299
3929 4411
4751 4621
2085 2837
3516 4421
2764 2469
708 2211
2382 3673
309 2728
831 2204
711 448
2643 2933
2864 2207
1866 4521
4717 1454
4519 3662
3847 3744
2311 1605
816 786
2318 2717
2591 859
3526 3302
2979 3502
1220 4278
4141 3943
4597 250
3630 4037
504 867
2808 1398
1107 4640
1667 99
4684 4920
4669 716
2604 3399
2285 81
4664 596
340 2063
3810 2845
1019 2807
4797 1739
4415 3984
691 137
4725 4969
1159 4040
3916 3137
1606 2644
3803 3959
4152 3646
865 1454
3203 2755
2739 3187
2986 3929
309 443
816 4663
2361 917
954 3
146 1643
2093 444
4356 4732
4955 2548
4151 79
1600 2151
1199 2567
924 1646
3149 4714
1481 2045
2304 4971
3657 4523
1807 35
2588 3290
904 655
3892 2595
4067 2196
3922 1668
889 3465
4031 2137
2068 252
3247 4946
2685 4101
559 853
2239 3135
4372 994
3107 4856
1650 666
4589 2824
4352 443
4374 2615
407 4168
1422 1205
2 1672
3333 3745
3089 948
865 430
760 2811
2937 4358
1538 4086
3035 2339
3330 1236
4446 4500
1747 1789
1954 4738
3205 3365
2783 634
90 4543
3800 3832
2261 1266
118 1607
2329 4097
4685 4987
1974 3787
3104 685
3065 2779
1192 461
969 2852
3184 4723
1871 1147
2756 4139
470 3911
4517 405
1489 3624
8 56
1160 3268
3068 731
3742 2024
4164 3586
3264 369
2970 4850
4711 1220
2879 3842
153 3256
1380 3384
3052 574
3919 1349
2896 202
1533 890
1100 2122
4469 4451
1440 116
1949 2160
2389 331
4659 1769
1253 613
4074 234
200 2542
1233 54
1187 495
1964 2158
2116 457
1736 4918
4881 415
2180 1694
1677 1195
1941 794
3167 3822
429 88
90 1459
2863 678
3712 1233
2594 824
2687 2305
2927 1686
3096 3238
2620 1269
811 4861
3680 1499
1442 2629
2891 3467
4054 3320
83 3979
2770 855
71 2566
431 2184
1387 3411
4865 813
501 587
26 1950
850 1490
893 3098
119 1715
1454 3318
2442 2033
3115 3878
3775 309
3860 451
1240 2070
3071 3247
1311 2299
598 1956
4343 4778
3690 4286
21 1261
709 1018
111 818
4088 1853
2118 2348
4672 4925
2250 4746
3219 4254
2596 4150
320 1640
900 4990
1477 2918
2135 1075
3015 1788
223 4834
446 3171
3113 568
4152 1123
3296 4481
4102 3991
4723 887
1927 2706
2165 1204
1695 2634
2187 4862
4554 2603
3222 4619
468 2451
2978 2927
3378 339
55 4369
1256 390
1135 2017
4495 3598
3601 2715
1671 4975
2692 2118
4243 4486
110 1354
2144 688
4644 3040
2728 4569
2650 2546
1943 2357
3406 353
2550 2888
1561 3121
3789 4401
276 4882
1046 545
2265 2979
2436 4234
470 1516
1636 4120
392 3566
4903 1498
405 4981
2740 4735
2875 127
103 4547
322 3817
3880 3020
2554 3514
140 1591
1959 4826
1190 2239
1425 422
1242 3084
3500 2103
3190 2576
3010 605
4481 1870
188 4761
1563 47
4447 1500
2237 3409
3231 3093
3567 4560
1449 518
4524 3857
2662 2972
1924 782
4156 3740
2327 2710
2958 142
1740 275
2139 2962
3642 110
3447 2789
4095 1509
3449 3073
1313 2440
3440 2563
4682 4656
3977 662
731 1226
3339 2553
3994 1496
299 4164
1164 4190
761 475
4551 4583
107 362
2205 1783
1677 1528
539 232
4894 4996
3274 3767
4576 2160
1097 82
1959 2903
821 3891
4833 371
566 3123
4662 4133
1519 2942
2734 706
3363 3128
4338 2234
2919 3521
4803 3317
3766 1397
2792 4510
4195 3738
3030 3160
4460 2529
1978 3600
2232 4838
2066 1271
3178 4602
770 3169
659 2417
513 4913
4594 3027
674 3405
1436 2426
1212 1675
2935 898
2567 4240
2130 3978
2075 4113
2563 2613
2687 4904
2473 4565
1638 846
2697 3102
311 360
2003 379
3519 4456
1186 3899
2601 1429
4491 2392
2546 2601
2205 742
2978 900
1766 4648
2502 2405
1269 4583
1934 1529
4480 3058
3240 140
2923 2157
2425 934
1023 4969
1836 2012
640 1287
4120 3810
4452 2230
3060 3656
2713 4846
3934 1546
1888 3141
1287 4383
2491 1725
1278 358
2677 3674
2964 1766
2488 1838
278 1463
3823 888
3181 3732
2788 2957
884 118
1318 2216
2058 4755
1612 1143
1088 2746
56 4072
2004 1640
3614 2331
328 1627
2277 4305
2583 127
3835 4201
4717 4792
3783 1676
1359 2222
2536 2046
619 3430
3339 3019
4654 1046
45 3627
26 2286
3651 1157
2328 4078
828 4852
1835 2093
2030 1479
2031 4533
862 3353
2099 275
3822 3796
1592 348
30 1636
992 3044
889 1703
2583 1167
4793 676
2321 503
300 4500
2432 352
3719 3479
2408 4363
3509 4062
148 3956
1504 1170
1511 4413
1173 2636
4234 3067
4370 2874
67 3777
2725 3223
3843 2269
913 482
723 3331
1415 3641
1530 4185
3492 2359
4679 1283
3006 4274
4590 4449
446 348
1209 3514
3248 38
913 1856
54 2696
4277 2072
2995 3621
775 341
4013 1833
4102 3105
1927 1443
1252 4680
1462 4360
1844 2106
2072 311
4726 459
4104 2605
2368 1267
3833 26
4941 2838
3531 4532
3217 3868
1755 301
4016 3768
1539 1071
3696 1066
2326 1797
3373 1755
2180 73
2796 1417
2848 749
4538 1984
1342 32
2055 2389
2491 2077
3413 3226
2635 4503
3407 702
4307 2565
4611 3558
2042 1222
991 2573
513 3795
316 4888
4734 2263
2011 1002
4800 3984
2123 3053
2985 4549
2020 90
3610 3311
3081 3595
3505 3486
4074 3903
3912 1044
4015 1905
3442 934
3955 2952
4439 673
3687 2746
2911 1592
4184 4052
4410 4556
3514 2630
3234 1347
1494 132
1502 3116
4075 945
649 4503
841 3477
3230 3812
2953 218
4153 4057
3050 3682
1704 4456
1837 2554
1288 3762
1428 2243
3660 1601
4074 4941
2224 91
2913 1316
1736 4160
1599 1704
1579 4055
4855 1109
3108 3075
1481 2887
2745 23
3098 2222
363 1525
2688 4535
4192 2705
4645 1942
4338 735
1027 4810
2810 1824
1421 681
4320 3856
3554 2795
2406 4358
4728 2019
4066 1224
3029 4634
4933 3027
570 630
301 3353
3611 4108
4168 973
2555 2761
3573 484
3994 1632
4927 642
4647 4382
51 3662
4669 891
4628 2598
344 3001
4184 2064
2071 199
1072 1167
1542 4024
1823 747
4413 2092
3785 3074
2916 4656
392 1725
4210 4686
3301 2910
4178 3023
3914 4960
4756 2562
3768 2666
4213 4479
4664 2071
506 1971
4729 699
1364 1231
2328 4068
2750 1368
1331 1639
2006 1819
3509 4544
718 861
1916 1779
2869 3776
1733 4898
466 3529
4393 1849
3827 4182
1715 1816
3061 1016
4710 4136
1839 974
1594 1009
3547 1177
3755 691
3522 987
2347 1565
3772 772
3806 4045
418 3554
1031 3844
2884 3397
2825 1616
323 1972
1352 2786
3093 3355
2067 746
207 3062
4483 1327
2181 3164
660 549
3140 3732
3700 2645
3464 4826
2623 647
4725 4148
2239 2252
4579 1195
4273 4266
4430 4699
4191 1002
2546 648
1109 4082
2317 4480
670 738
1648 2921
4755 1232
3259 208
4541 4166
741 2413
462 3900
2872 976
4921 4330
3425 2143
3956 4245
1581 4547
2039 4803
2848 4224
2892 256
3146 213
2723 2569
4838 752
4759 48
292 3112
4594 3619
4124 2557
4377 3100
230 401
1992 314
2603 1064
2888 3524
166 3320
2375 4576
1489 3104
3336 1647
4537 2759
2321 2450
777 2228
1173 2156
3214 56
2776 715
2487 2415
4040 1740
4026 424
483 2571
2084 682
722 4072
3244 2413
4999 2443
1463 4034
3226 380
4325 47
4333 3814
2475 2152
809 739
3303 3274
697 3062
4251 3745
2397 3553
2032 4555
1281 4287
1855 3420
2899 2857
3199 1625
2106 122
218 2151
351 1932
116 2384
4385 4720
4317 1175
3287 2725
427 609
2989 522
3259 2622
1978 1133
562 653
216 3392
3648 799
3204 1909
4516 2122
4659 400
442 2151
4672 1537
934 4319
1068 1161
191 3618
3642 2985
3354 4978
3388 889
3878 3597
1046 3860
3892 3438
70 1223
4257 1191
4648 1962
4291 3346
3906 2956
606 3954
4784 4820
555 1332
4087 322
61 3629
3893 3968
536 109
3212 3318
4567 263
4528 1036
3662 3346
3940 785
3721 176
4972 2601
412 1329
1859 1288
3439 4103
3154 3357
552 4645
3406 3998
4256 1996
744 3991
1810 455
3223 1362
29 2010
1505 4056
3888 4171
3786 1665
759 3777
4403 4335
1960 2586
3762 4779
2705 347
3103 4738
503 3073
2938 988
2978 4720
4680 3682
3629 2254
3168 45
4223 2887
920 3646
1577 2377
224 3649
1276 838
1581 4670
411 431
907 4080
567 3825
1644 499
3239 3091
982 2216
4098 567
3502 3588
4741 4399
3358 989
1118 2770
4894 3624
2859 4157
4714 4740
1929 3121
528 3687
1031 3035
3659 1665
1171 1719
1220 4900
2024 960
4927 2020
3424 2395
3534 4330
635 3878
3581 3004
2757 921
2314 2066
4632 1966
2688 1930
4439 4261
3503 2954
4199 3303
1523 1581
3511 3919
4719 2746
4002 4105
3335 976
3867 2862
4626 4747
844 2375
3051 4949
3573 3930
3791 2297
2133 877
1310 2418
1190 3587
2069 4259
3806 1087
130 2003
36 3846
2810 1488
2523 873
700 1396
3550 2805
1709 4324
3968 1984
3209 3118
2742 2266
3591 4566
1376 3003
1068 647
4273 603
2551 4378
3229 2881
3132 2236
3643 71
355 1756
4621 1340
863 4130
258 4846
3406 3891
3978 3960
1880 232
2197 2958
1852 2638
4902 909
1342 2530
2266 333
1687 401
2910 3628
4770 2026
2067 2479
3776 134
585 4687
3297 3014
3354 198
4536 4033
288 2744
897 2416
95 236
4972 3689
771 2487
808 3234
547 1127
2330 1504
546 2234
561 3106
192 1945
4223 1112
4074 1757
701 4959
2624 2242
869 2271
2536 2740
3673 2040
3707 2935
4502 1025
4026 1896
4074 2402
3610 4782
1630 480
445 417
2204 2580
1029 2990
3009 1204
3286 2490
4264 3785
94 418
2546 3185
2517 3743
4406 1555
3291 761
2828 2554
763 4131
3918 4426
1847 881
4454 2747
3080 1424
149 3424
3346 4306
2620 1081
1962 3862
2358 518
4266 912
4331 4616
330 4578
3194 3847
4081 2323
2332 4537
3688 4814
377 414
2884 877
68 3735
254 2691
1673 4181
1294 4499
1439 3240
3278 290
3429 2658
3199 777
2641 4790
434 4912
4037 4243
2041 811
3784 3903
2294 1185
1525 1471
2195 669
3152 4525
997 2882
1486 775
3694 1045
3685 4987
4530 3691
1446 179
1668 4180
1545 361
2636 1604
1636 1166
4101 3688
3875 788
3061 3208
32 1572
3497 4896
3844 4649
938 3270
2322 1138
1799 4107
414 1457
2872 880
4882 2261
3664 2
1584 3971
1738 193
2711 2228
398 267
1557 1518
1710 1899
4415 2046
4816 2121
2352 3689
4010 494
2260 4750
1420 2114
413 1486
2770 1750
3163 4724
3011 4014
2475 4748
1460 788
1572 2377
4828 1832
1326 4717
530 110
2985 1473
3603 1401
3809 3715
4517 4339
2181 3046
2004 3041
3631 499
2796 4097
2313 3866
3464 2526
2275 3609
2102 1185
4913 1070
1205 3283
526 3117
4808 2266
3905 2407
4301 1628
856 106
3410 1591
1925 3107
4154 4976
1586 121
3016 4694
4645 134
2698 1920
744 3327
2581 381
4929 1938
1631 4220
860 4356
742 2779
4516 130
1128 4508
4834 1518
336 3081
2307 1484
3565 953
1415 1139
4286 2117
2301 4032
168 1212
3563 3013
1254 4223
2475 3710
4906 2526
4608 3642
4260 1770
1803 3769
4505 1237
1127 2944
48 1830
3155 1070
4589 3622
4267 4350
4106 381
2940 1607
3939 383
1377 806
1443 4846
2797 597
3248 4589
4483 1766
2178 4526
582 2801
871 104
4822 3248
4732 626
3982 3876
271 3421
4109 2298
2301 3141
59 4499
313 2824
2909 4132
2064 1011
2563 747
2982 813
444 3666
1555 4505
4640 3830
2803 681
4833 3174
1979 2339
920 3494
4151 4715
948 4391
4024 4614
2734 3852
2948 3768
1925 1629
4220 3617
4243 4684
2521 4100
2031 2035
385 4209
955 2160
2197 4610
4770 4043
2778 1476
3955 1800
1582 3177
875 2937
2321 1824
4561 1307
1887 3039
1716 380
297 222
2747 900
4369 1651
1247 4963
2562 1065
4594 990
2658 2073
143 3496
3487 2565
4473 4362
1581 321
3418 2143
1402 1456
3602 3708
1727 4956
1672 1455
3179 3305
277 3651
96 1382
1731 3208
613 1707
152 732
4239 3079
598 4627
1140 1054
3661 2267
3717 3901
2789 3443
2296 2099
230 759
2750 4211
2991 3926
3031 2513
4311 660
2614 563
2272 1218
2422 2469
2478 4677
4721 4938
224 1753
3399 625
1831 3019
1558 4609
3906 3015
3106 1554
1863 1598
1544 2051
2069 1491
3580 1547
4834 2433
1429 3434
747 4776
3375 1923
1849 1003
1457 571
2359 2298
2644 2551
1133 4938
2472 220
736 2156
4137 3284
665 3060
2034 948
548 2205
4572 1758
574 4334
597 695
3227 2856
2626 3922
1471 3540
4682 3324
2400 1854
509 523
911 838
1548 2972
2472 4157
1245 4044
4984 3505
404 2922
631 120
3863 1660
2932 4205
4262 2755
4788 2286
4398 2781
301 2365
1069 2303
2152 818
575 1264
2855 1153
1405 4850
3694 3722
3669 4507
4222 4753
1562 1529
2759 4666
4961 4963
3874 4079
4197 4813
3873 3870
784 974
2749 3785
1865 2134
2331 3185
1989 4566
414 740
4078 758
4354 46
2624 3767
3147 1969
1325 4264
1128 773
1700 864
4829 3060
1536 3651
1822 2103
687 4740
3890 4603
3522 2273
2595 1648
2066 3857
1222 3926
507 95
2591 1901
4438 429
4543 3939
3650 746
3885 2819
1832 1224
4947 2481
648 4716
61 3023
823 34
777 3565
1455 4952
803 2831
3056 2625
2719 275
4170 4422
783 4253
1447 2699
118 1704
1303 1563
3311 4244
2745 1364
2848 1362
2478 4228
4709 3983
4416 330
1628 3551
98 932
4751 2662
472 685
1699 714
569 4409
2306 537
2651 2148
776 4207
281 2280
4358 2084
2304 2104
1296 898
521 1878
3377 2609
194 3999
1925 1697
1103 1172
3854 2321
131 324
4488 942
1464 1268
3696 665
4836 201
3772 812
2618 105
2874 2744
1369 4982
1638 1038
4456 1555
3625 4143
4182 1009
679 3493
571 1474
4771 2667
4286 2109
958 4225
1956 2365
4046 1619
3285 1149
575 3649
4152 4443
2952 4932
4171 4097
2579 1712
3222 4917
733 2269
4060 4152
4946 2173
4275 107
3515 492
709 634
4143 2398
1126 4032
2465 2750
1889 3016
3768 3841
1601 3702
911 2383
437 4609
4804 156
4828 1426
1584 3099
997 1633
2129 2390
3338 2301
4025 4510
2478 4941
1821 611
1953 4992
4891 3296
3113 4369
298 3575
4585 2994
477 3915
1317 1732
4103 3212
333 557
1386 643
2597 2143
1784 2490
3537 2904
3630 3507
1867 4423
3084 1738
3322 4282
4895 3002
1062 4395
776 4190
2080 1874
3925 2231
2612 2768
1009 3865
4890 718
1362 2482
939 4668
1941 1202
1157 2627
197 531
475 2645
1380 2099
970 2218
234 524
3494 2264
4831 2978
2776 3600
1077 4096
4232 4034
1728 4571
2271 716
3407 4310
3272 301
3160 3102
4703 4502
1660 444
4149 1856
3294 1991
3779 4167
1833 210
2223 3168
3511 3404
1885 352
4824 4543
730 2305
2047 4397
3531 4340
724 4870
1434 2143
951 2061
4719 569
249 4524
212 2667
4151 835
2219 3076
1475 2841
1139 3169
1147 4499
936 467
102 2211
4915 3970
362 3886
3592 4005
4248 2708
151 1972
709 1674
1936 137
3015 2968
1887 323
2667 1825
4181 3749
1791 324
4610 584
970 2722
1473 246
4709 4069
83 4956
1374 4627
2509 1048
4232 2943
2350 4196
22 1959
3063 4729
2787 4800
4320 3014
1737 4988
2434 1765
516 1369
3207 3868
3887 2355
2877 2844
1499 3884
1794 4687
1964 1445
461 2413
1792 4010
2597 2699
3676 1610
2050 2552
3646 2966
356 1949
4568 2953
2670 207
4774 4949
3065 4246
3119 3330
4805 1553
2067 858
1338 592
4833 4093
4288 4771
3239 3757
4769 4417
2758 1677
2446 4562
3177 3545
1806 2649
1716 3168
2113 3264
3921 3423
4858 4182
4182 1869
1000 2742
165 2221
4142 4552
1224 2473
3113 3744
1236 4102
4904 3034
3733 1198
1482 1234
76 4028
1941 1085
4153 2948
2109 3103
2532 4494
1783 4615
4025 565
3259 1293
1462 4953
1697 2422
3914 3253
385 2474
155 4594
1495 2233
4399 2065
1548 1425
3930 2654
1276 1707
4940 1268
4641 1617
1629 1298
4664 2433
4703 4319
1925 1463
2265 4862
1385 1963
2290 1043
4443 3071
3815 2901
3583 3781
2517 4113
1714 4684
2469 2043
3752 1776
3621 134
4533 3214
2743 1351
660 4521
3068 4247
2855 3723
231 2403
1430 3631
4044 745
4487 251
3377 341
2670 2989
2946 3348
4971 1363
1694 4652
4234 1854
580 4707
2567 3259
4108 3036
2239 1626
3210 2443
343 3056
3947 3643
1709 251
1248 4056
670 3005
2641 1923
3034 3275
589 1450
4018 2916
2176 499
4080 1831
3702 2167
3107 3684
3314 4663
4022 1548
403 2473
1696 535
735 1164
4585 2200
2722 3913
1240 2614
3755 2431
3403 4768
2299 4271
1966 4925
4518 2500
3861 4185
3400 2234
1417 61
1826 2650
2957 1950
1669 878
2457 2841
4964 1079
645 2133
2168 3572
3970 878
1576 3670
472 367
3660 2820
2203 1588
4710 270
1524 1113
2056 3372
629 4680
3007 4779
3862 4883
3233 4635
683 7
3396 1482
3911 3953
858 3955
17 2545
2307 2040
1586 4500
1433 3964
1369 4947
4775 549
4261 2142
3192 1837
3837 575
2875 2442
215 864
3954 162
530 825
2554 2921
2396 3735
504 1910
539 4302
4330 2118
2372 1909
4063 4611
1943 4474
3958 235
3135 4126
858 2897
657 4462
3365 2564
2737 223
1685 2934
4424 2119
4256 2058
2288 2126
1269 3977
1651 4832
3135 3271
502 1116
4437 1220
2612 1792
1327 474
2067 3312
1002 2492
4847 2422
2744 4929
1773 1765
589 583
155 674
4894 3018
3392 2612
1427 3268
4134 1135
4625 4304
1414 221
928 1200
2907 1857
3027 3989
2400 4793
1984 175
1469 2859
1363 2572
261 1777
3755 314
3046 3982
2181 733
2290 2114
4126 1597
2831 2541
1080 1560
547 2188
2374 347
1592 4816
2952 2345
2153 4244
1579 2219
3052 2470
4729 3895
3100 2829
2011 4316
2869 2165
4920 4491
4976 2584
230 378
4999 4942
1409 683
563 1962
1949 3982
4811 2567
2895 3583
4961 3623
4484 1949
4995 3180
3961 445
1874 843
2522 4589
667 1408
1753 2590
4213 3920
4965 425
4937 3534
622 607
2113 2202
1587 2630
469 1510
1308 587
4403 4563
2110 3221
4259 1957
2360 484
96 278
2047 2368
87 1839
3454 2315
2076 4492
1609 824
41 3942
4861 1367
2445 1336
4092 3000
1928 4707
1672 4088
1179 91
3868 4978
1520 1905
4289 1931
4363 3515
4181 3159
912 3744
1808 561
2548 1719
4303 4963
4017 212
3846 867
1362 130
4928 1651
222 4703
3566 3165
624 609
3318 2295
3767 3377
730 2911
3191 3673
2489 3617
2336 1229
4154 4078
2882 4811
2989 2779
3926 2315
1140 1951
1959 1519
3506 322
252 3434
3413 3040
3744 440
1645 1986
4735 2267
667 4244
4754 4074
4628 2442
3046 3835
10 1888
2882 846
4160 2495
4051 2326
4143 3924
2915 2377
4120 2952
1844 4109
703 20
3193 1509
31 1492
4012 842
3558 352
3682 1014
3606 4915
3322 4022
2593 1779
2904 2009
4006 3068
3638 1141
4524 1284
2899 2946
3792 4544
75 151
882 3316
4964 4811
4099 2489
3179 2855
2372 1195
4525 2098
4271 4310
2881 4020
4262 1708
954 3688
3188 3984
4702 2295
2528 3353
3582 3224
4192 1094
129 2728
226 4419
2077 366
463 1756
887 4571
4877 2292
3215 3157
4576 1359
1590 1967
321 3193
188 294
2342 3202
608 2588
292 4740
3649 4215
1222 2355
772 2746
2501 2950
541 3728
1121 4434
1461 1191
2248 1528
3446 1043
695 525
4048 2799
3494 2564
4801 1794
306 2314
3646 4924
4763 2239
4793 986
2455 4492
818 3974
3308 3578
994 3355
4573 4433
1497 2755
4726 4360
2664 3878
221 1685
813 4412
194 2679
4277 2244
195 3080
2535 759
3608 1701
1387 3260
658 3566
1328 2461
4432 3119
365 4637
3147 3374
1544 1409
258 1898
773 2887
3662 60
2906 3203
1806 1781
1195 3697
2784 1002
3086 3420
4422 3930
697 4432
3272 3889
3501 835
3032 3595
1708 1203
93 4597
2741 3126
3924 2085
4320 1538
1477 4270
19 4038
446 1590
3869 3704
1174 1411
2520 2971
2105 4268
998 742
2329 3441
2992 2257
33 4478
4425 2771
2521 2877
2341 1072
1354 1992
2505 269
207 4054
1329 1292
4880 4773
3709 1913
3506 1863
584 1194
1791 1006
1134 2416
4362 4007
1536 1015
3232 2917
3035 4359
933 3885
1486 2007
3222 1765
4102 4063
3539 2341
1035 4091
38 2943
3349 2239
2727 2483
1216 2275
145 1508
3450 2255
638 2085
4697 2852
969 2545
4131 4462
1838 3794
4924 4678
4662 3936
3278 3273
490 1469
3128 3376
2525 3949
1972 4462
3617 1204
1086 3023
1358 4670
4604 4520
253 2776
3369 1248
4420 252
1279 4183
3957 429
1841 1969
705 944
1286 3962
2814 1224
2872 2149
4925 183
3531 722
3246 878
2348 3250
2122 2514
1389 4784
2135 3537
3767 108
3032 1181
2293 454
2864 358
2143 4666
1138 987
3441 2498
4504 550
3127 4190
4590 2220
2611 4996
150 1438
661 384
4067 2823
2868 4470
55 2251
179 1085
1067 210
3999 1780
1730 1915
4542 3736
2594 79
1006 3739
2124 964
1645 4904
1306 978
4293 2768
2044 2783
4287 4744
3768 1404
3491 488
490 2301
3090 4
3762 926
1822 3134
594 871
3732 2102
4224 3871
2495 3897
4927 596
1583 44
661 2678
4165 766
2201 2545
1678 2385
1694 3961
308 4883
1656 3951
4100 2175
2006 272
3359 2385
2103 619
1523 2746
3701 1373
1406 4103
3016 3952
2531 3437
2648 669
1980 1099
2184 4586
1404 3028
4384 1112
454 1505
802 2116
3974 4087
844 2432
15 282
3019 1934
1677 4294
1072 1094
605 4387
523 3432
1096 164
1382 968
1006 3514
4887 3292
4825 2152
2139 1268
2936 436
2428 4772
3986 1683
3593 1547
4375 2010
4594 2786
4411 594
13 337
1434 959
3733 1619
4020 2904
4005 3847
1721 3958
2784 1338
3855 944
4688 626
3705 4438
230 3546
1027 2086
3608 3584
3887 4450
1803 4521
518 631
4437 4715
390 921
2154 3625
1052 2804
4051 2010
2703 3375
2777 4831
3682 893
3554 522
447 3563
4824 403
1745 3798
4231 3222
5 139
3793 4350
3010 4729
1593 3701
2822 2234
3861 2755
3654 664
4735 4239
4589 3845
4779 712
1823 2165
671 1032
3020 1690
2699 3713
1366 4608
3423 1335
2610 3983
4501 2373
2822 4480
1726 2371
1858 4035
2204 579
1428 4147
4945 14
1904 4155
1334 2746
791 3693
2823 379
3606 1720
3952 4560
4399 633
4696 2273
1770 4862
3477 3517
2228 3840
946 2855
348 5
2961 3363
2585 2380
649 1495
569 1716
645 741
1601 616
2848 749
1472 3927
4895 1441
1367 988
2151 749
626 4242
1656 4242
4896 82
4607 3597
443 3222
2182 4097
2267 2308
703 2811
3674 3582
687 2309
4126 2496
4641 2443
4288 4347
2050 1539
2249 284
1110 2429
3500 1235
1509 613
2759 4021
1292 4883
1145 4068
3452 3754
1589 2154
1307 1794
3704 4092
593 1961
770 1429
1741 1882
1371 1209
300 899
4885 2541
1106 287
803 1988
2675 4481
3963 1372
4094 2057
362 1051
444 1548
2453 2390
1480 3184
4237 1448
1661 3359
3711 4809
1456 3730
2475 3722
3604 3715
2530 830
1874 1379
2102 2115
4604 4926
4184 3577
504 97
2331 3904
4628 583
4227 3467
1963 3891
3445 3977
50 4905
3902 3292
4747 243
1641 2140
4692 1392
4809 2425
4574 1451
950 2305
2267 4769
3453 508
1922 1426
4663 3288
4060 2664
2487 2296
1789 2349
2776 3874
3489 3219
1335 4755
3738 4317
2488 173
228 4519
4488 954
2415 317
2860 224
2416 4163
2321 1934
3989 1478
736 3851
3021 1859
2015 4664
1047 3018
4243 2307
2885 3901
744 1707
2795 2836
4335 2113
1041 1999
3968 4002
4619 2760
1200 4708
688 1885
4968 1574
1511 3255
2758 3528
199 4103
4240 3995
147 3663
2628 4958
1199 4974
4524 1764
3251 482
3020 3276
2791 2844
1222 3140
406 2402
949 3435
2001 3455
3731 1270
1291 2409
455 559
2724 1964
3696 4482
686 4574
1311 4742
3986 4446
3990 4729
1961 3366
3399 4752
2932 4392
4972 2191
4504 647
3898 1447
1700 771
2920 1958
778 3640
3763 2913
2643 4910
4704 3578
1452 464
1872 422
195 2984
3190 3581
1052 2567
879 3814
184 2699
3117 4981
4018 2497
3857 3155
2871 4066
1562 3936
1018 272
4637 1870
1118 1243
3442 4935
3625 3792
2599 447
196 1710
2794 753
585 3217
2966 4307
4874 32
2479 2108
3440 2264
1388 74
4602 338
964 491
2617 1569
3343 1167
4329 582
1700 857
2297 4680
1748 3039
4225 432
165 3386
3620 648
837 2776
4476 1426
1694 241
1790 3157
574 3110
269 3848
3508 3097
745 4491
1321 2504
2904 3180
1475 2413
1188 2598
2496 2526
415 4739
2561 2545
539 3103
4145 2344
2048 3491
3149 1826
