5000 10000
2123 4676
1606 511
1230 1308
2746 3730
717 4250
4487 1002
1692 1323
4670 1048
2688 1383
602 1138
1193 4010
3654 4785
2508 2202
116 3604
1448 3798
2298 2139
2215 1832
1817 400
441 22
1629 3633
2666 1580
1063 3284
2592 3709
4131 3142
4335 4248
226 3468
2966 700
2693 2850
4306 4712
1633 59
1585 4600
4774 2448
4400 958
4365 2501
1061 379
3473 1480
322 2361
2802 2834
4854 174
2408 817
3543 1142
3990 4343
3237 4145
89 1099
777 1459
302 3170
4896 1567
4952 4342
116 3202
2964 558
3528 1639
145 2053
4311 3167
2394 3385
2900 3278
4370 1424
4980 4272
1279 2022
1188 4021
3965 2640
4016 2227
3201 2805
4325 3508
1300 2471
1268 40
2885 979
716 3386
4796 368
3279 1633
1102 3881
1504 2542
1823 1699
125 1912
3768 1627
4892 367
3055 4361
3488 2509
1526 4405
1901 1268
2254 2353
1883 3834
1133 2499
4771 1128
2161 2422
2980 2967
683 4074
1544 642
2334 3980
2728 4057
3987 4283
4303 1087
1080 685
3357 1627
3205 2185
3845 705
4722 2105
2121 1600
4879 3265
361 4680
141 80
3621 1469
4451 1025
1868 2801
4804 1082
4660 1724
1954 38
4490 3883
3154 4900
41 1136
530 331
4667 4089
2147 3820
3891 4987
3647 4104
2270 2424
4692 851
3761 3844
2987 4582
536 4310
2286 2334
1383 1864
2009 4307
147 2314
2696 2872
590 3481
4769 1077
1080 1778
4263 4437
170 2475
1446 3806
161 25
3510 4758
4670 4821
3516 4963
16 2162
1503 1807
2251 1457
271 2162
486 743
4845 3934
2542 4561
3974 4663
4349 1693
2603 3485
1548 2069
3282 440
4428 1754
807 2222
4575 997
3722 2321
4909 67
4326 1577
1416 3001
1160 2564
2586 1708
4242 2153
2117 2880
842 3304
4873 3965
3983 1970
3908 349
1205 774
2721 4625
996 2722
696 2816
2309 2832
1855 4182
3693 4783
3242 3336
2777 3366
2570 1367
988 258
2877 3660
1523 794
1945 1723
2165 339
291 2402
974 3217
119 4854
2338 1834
609 1151
59 563
1444 4851
827 450
1121 633
694 4151
538 3823
4513 3868
4606 1147
549 639
264 4334
2147 4406
4174 4524
2588 2634
4288 918
1812 921
407 362
1728 4331
4175 2065
4880 4214
4534 3266
2681 4126
3754 649
4012 373
4439 1628
332 4203
4629 2497
2664 152
2490 1580
1663 2587
4226 4539
4163 1552
2817 1380
3631 4170
4898 4752
1177 788
1742 3671
3565 97
4746 2563
533 198
555 4678
4803 4161
3493 3013
1125 4426
3678 2421
1734 2378
3557 4692
2725 4010
999 2284
4969 2333
2736 3820
2182 4095
3305 1081
4391 1833
20 4692
3530 81
4873 1006
1604 2382
2521 2041
2402 539
424 1487
1243 4194
4390 3199
4315 3065
2559 4247
1154 2170
420 789
2827 4527
4340 2343
4073 2745
2181 3897
2066 635
3258 2500
415 3306
4438 4024
4073 4167
4571 1078
824 3697
4287 1720
3867 3805
3382 3904
3548 3026
2573 2437
1299 4430
1867 3797
260 2052
1381 3546
4157 4551
4361 3324
4355 1258
2127 20
356 2716
3042 3735
2680 4315
4632 2629
28 4823
2449 58
1328 3587
2057 4581
2305 130
4471 1470
4279 2064
1552 3987
3559 3584
3113 4731
4279 613
11 1480
1017 3128
3747 2782
3733 4784
1690 2377
3217 4141
2249 2648
677 2945
3396 4710
3985 652
570 334
3025 1671
3091 866
1321 124
4874 3300
4161 4229
896 2086
1610 2904
1488 3786
2419 2648
1913 984
284 3811
2267 3892
3170 1493
514 1491
1409 2183
742 2883
1366 1607
1286 2311
235 2957
3517 4834
3330 1729
1943 245
1267 3967
4497 3064
2049 2760
331 4015
1951 3255
46 107
1590 37
4587 1201
4824 2155
3884 474
3725 4083
537 1042
4972 464
1164 1874
2783 971
4164 2324
981 2383
520 3479
3969 1779
3801 2792
1583 972
1963 2205
3404 3127
2060 1450
4740 4078
2723 3027
2112 3238
2661 2252
2050 4881
3995 2928
2652 2747
314 1509
1122 2984
1020 946
294 3107
4998 3880
2657 3150
4533 4468
1700 1909
1383 3391
589 78
4926 3027
3108 4006
3831 4436
1634 1657
3614 4919
1012 852
3346 3017
4185 3904
1291 960
38 1294
1556 4142
3406 614
305 4320
1004 642
4574 1715
2787 1155
4536 1097
3581 2027
2334 203
443 4059
3850 3012
2240 3084
1687 378
4081 1734
1908 828
752 526
4747 4840
2727 755
728 1489
4380 1990
1855 2950
21 4104
1959 2689
4098 2229
2541 2721
3502 4482
4569 3774
3863 4648
250 3277
2344 3773
4671 1511
2461 4301
1355 2273
1181 2090
3850 3304
4518 1699
4443 4234
4009 878
2825 4703
1019 3662
1683 2283
2197 3447
857 3875
2282 466
1596 3471
3668 2841
3925 2019
2928 1128
4866 4064
1751 2624
1931 3169
3546 854
3668 2635
538 586
3539 3913
4082 3641
3294 3859
1351 1821
2833 4367
3472 4088
252 2406
2357 3178
52 4149
3368 1170
2577 3262
382 3545
2233 3801
2568 1498
2611 1572
1283 4316
3931 4511
2110 790
1884 4641
423 3700
97 538
2114 1594
111 2758
4974 1635
2481 4639
2041 741
4641 466
4552 4786
4119 3669
3256 2688
2939 3648
4871 4959
1473 3219
4508 1793
1492 880
2516 987
1771 3192
4322 114
582 4242
4449 3498
1807 4500
510 787
1315 2889
357 2918
816 603
3453 3054
2149 4730
1435 450
348 107
2508 3743
1359 971
933 3105
788 4312
3236 3966
3951 4682
2705 3502
767 2187
4686 4775
1935 1816
581 2081
2569 111
2770 4265
324 2281
3678 1453
1558 3215
3443 4689
4410 2870
1392 251
3602 2416
911 307
1223 4719
3558 1414
3859 1210
2115 4200
4984 4129
3745 4420
1733 4530
2479 1226
430 4991
2890 3071
2631 4076
3279 2208
2719 4266
1407 4525
2383 3299
3625 46
249 2328
1969 4208
1495 727
2022 1928
3811 1068
17 420
2065 4079
441 3739
35 3217
2928 2609
1701 1254
4104 4401
3845 2148
1670 2273
2989 1277
4801 2059
3609 118
2570 4469
1827 4700
508 4199
2290 4417
2672 138
433 603
2865 4801
503 3544
1229 1701
2192 2351
4681 3200
563 2842
3478 1985
4564 2678
2605 4659
206 2284
3266 260
4570 231
2257 2276
3373 979
908 169
34 536
2842 1198
4722 3158
1290 4049
2874 2972
4949 2140
3343 631
4745 3706
1851 3244
3875 242
4514 4576
3428 1308
4225 4072
4836 4265
1028 2602
496 2376
639 2898
4148 4001
3992 3415
4589 2666
907 3135
989 4299
4063 699
1190 3608
1128 2884
4914 4267
1498 3848
4252 314
3488 3557
730 2986
973 672
4238 297
2067 308
4549 192
3687 2635
4749 710
4422 118
2759 754
448 1845
4243 1193
2901 521
34 2124
4894 1502
4954 1003
2088 3589
1750 2779
2146 3718
2448 173
3005 2872
1072 32
4313 2283
651 2251
4112 3197
2655 2518
4517 1777
1544 2797
3804 298
2187 1596
2044 1467
599 3075
4431 887
2876 1703
2529 4324
4700 2094
2965 2954
2244 150
4482 874
2395 3426
2413 802
159 1350
3768 4720
3017 2750
4854 2831
3973 1561
4913 3229
2443 1699
4641 4564
3072 2856
392 2772
1020 1781
1274 4381
2550 809
461 2139
4490 4797
1697 1857
2451 3936
2091 4682
1469 598
1242 3383
234 2920
3389 427
3087 756
40 4049
3789 1289
2449 335
4713 4681
4605 709
3965 2272
3297 3056
293 3591
1319 2525
1370 4778
4307 667
1314 954
2342 1021
3088 3836
1372 1701
3467 2810
1115 447
159 4090
1708 295
2238 4784
2892 4708
375 3750
4265 2782
1316 2837
2038 3733
3547 3829
1126 2643
4288 4124
1227 4402
4532 586
4613 35
4958 4024
2400 3699
3367 1575
840 244
1458 4279
3772 2678
692 1857
432 4396
3125 3804
3328 1467
200 1564
1630 1949
4730 452
4790 3411
48 3123
1668 1539
3430 2411
4730 865
2203 1629
3162 4227
2845 1033
3997 518
3310 2177
2865 2638
4484 4971
2687 512
3495 552
3288 199
881 1484
793 2820
1842 4658
1303 3032
3019 3496
2708 1031
2293 3175
4453 3016
1990 3503
2224 4044
702 2840
3846 4147
289 4956
4710 360
1633 4597
1011 2183
3269 3684
4986 3882
1314 799
2684 1000
1289 3537
2399 2682
4281 4982
4138 4220
569 3517
2752 4862
888 4875
2635 2725
3937 1169
516 3772
4615 1677
4729 4933
1443 2825
4324 3797
864 507
696 3296
2765 2895
514 807
2033 901
4048 636
1425 2435
3094 4286
1383 2840
383 2544
3804 4299
2496 1991
3559 4520
636 1043
2074 1971
3085 3758
549 165
3466 4570
3684 3461
459 1322
2729 1932
412 4701
1418 2996
914 381
4172 498
2564 281
1276 1852
2134 3168
2767 1452
1184 267
589 4515
757 915
1470 2118
2052 4286
2585 4543
3725 3274
1161 2410
4541 4109
4441 3686
2028 2560
2265 4501
2102 2197
1615 3925
3342 2760
3001 3605
2526 1619
3706 4180
961 1627
2298 3683
121 2152
365 1013
4503 1757
2732 373
1380 3195
3370 784
3357 1767
2608 3967
1318 3647
1932 1945
4070 1599
3375 1928
1414 4786
169 1806
4783 3162
4184 3233
1430 4439
2535 3478
1828 3215
91 1194
3485 1105
3604 2558
1504 565
1115 3501
1703 4305
1804 3635
376 3258
1469 81
2661 1973
3337 1939
1180 798
1573 329
2250 104
819 38
470 703
358 2524
4536 3310
4540 3236
3869 2511
2391 2574
98 2268
285 3835
3712 2885
3275 2713
2351 612
303 4282
4687 3770
4206 4799
4526 1920
3186 2331
777 2273
2406 4939
3850 4823
4819 3218
4030 3778
4675 3479
682 1733
4204 3285
3677 2021
1044 110
3324 3463
3122 1976
771 4157
1129 172
2329 1766
4164 1380
3283 3031
1230 3951
3661 3180
4155 4226
4748 4761
1177 3119
3134 873
4081 4661
2587 3846
1970 2048
2918 4984
798 440
1726 1331
462 2861
113 908
2187 3233
3182 1484
3484 3157
2852 2645
2776 1334
1751 2737
2195 3168
3752 4337
779 1437
4869 1431
2611 1854
895 1824
980 3704
519 1617
3324 3117
1125 22
592 1034
4012 3535
1604 945
3558 2402
968 2660
3096 381
1264 1870
3988 940
4642 600
3454 4517
3550 1325
1165 4774
1460 2301
1633 1830
522 4027
4416 2034
3824 829
2854 2245
3486 1957
3776 659
4572 4198
3687 1177
2493 1450
1252 1545
1650 4346
1625 4088
3472 995
1135 2059
2685 3576
3987 1032
2922 1015
1066 1524
873 3705
4503 4035
223 665
566 670
1677 973
487 4300
4953 905
3803 2919
1197 4403
909 737
1436 1369
4623 3932
3437 4823
1166 1875
3561 2037
1408 1292
1253 3533
3426 1594
4482 2864
940 4518
2760 1412
1708 4277
4565 4223
492 3692
2757 2246
4653 4401
2958 3523
4217 4676
91 3272
1219 2365
471 2149
2750 3319
997 2756
1243 4672
342 2535
341 1103
3236 4172
1313 2192
3807 4604
3989 3689
3202 3207
3529 3301
2926 3413
1458 1868
4784 2230
241 3581
4255 4298
4121 2796
1577 740
662 4197
2040 3143
2762 2913
1681 4089
2730 3330
30 3140
870 1854
1442 1382
3415 3153
2607 1977
1552 3756
3807 4524
314 3665
3327 4049
443 1278
1685 3383
4392 2054
3788 2635
1123 794
4535 2302
620 1657
1904 2123
3496 2265
661 3212
2565 1228
4740 1389
2125 1412
210 3957
4537 4687
2108 2882
427 4831
522 187
2612 4910
3876 2361
443 514
688 2378
2811 1763
3948 1028
3576 779
4131 1450
3831 929
3158 2619
1734 4703
1481 2581
1225 4171
3791 3704
4310 2798
2063 155
117 3119
4770 3830
2366 1662
4545 18
875 2310
4703 2664
1218 3859
2111 4645
929 3119
169 1786
2034 146
135 4704
1241 4360
2710 4698
677 3517
663 2408
3964 3942
1872 1649
4247 3640
3818 3955
64 2958
4050 2260
4803 1392
572 1705
2968 2732
3595 302
3549 2287
2185 666
188 4928
3075 346
273 1805
1032 4388
1348 4347
1513 3063
4982 787
226 1984
4133 3357
2744 1506
4283 3003
2578 596
1457 2326
1179 474
4791 799
3356 1508
2217 563
375 2616
3508 2666
1336 4664
1714 2802
3823 1884
4024 4336
4770 748
4441 3069
2096 2032
3389 3893
1996 2833
3109 331
4627 3349
1812 192
1683 3637
3199 414
2345 1303
4356 2469
1146 4768
1305 552
4453 3968
4979 4309
2757 4556
4227 2414
2574 2921
4508 4533
3720 1536
2356 2694
3458 2513
2239 745
2047 2136
2201 2723
4362 1836
2454 245
4345 2427
2809 234
3325 2691
18 4130
723 4934
3372 3242
2129 697
3343 4411
4811 2390
3635 271
596 363
2926 3104
2776 1574
4995 3405
3983 3543
3700 2837
4986 2379
1402 4344
2421 1457
492 781
1430 475
1583 687
2307 4686
1239 1865
1684 3955
1845 919
405 758
1624 4026
4076 3665
492 2133
3968 2922
2245 4715
2717 1656
537 1162
4873 1372
187 2636
4541 1530
869 2615
976 1421
2788 1388
613 3524
4887 3402
731 93
4295 1458
444 3321
198 412
1628 3595
3976 4736
778 2220
2078 1877
1111 1211
3965 960
1602 2491
2965 3572
4623 4519
3457 3031
4331 2033
790 1521
3399 3885
4542 1566
4888 2232
1771 3676
3848 1995
927 4428
1823 2545
4685 1918
1770 3202
4657 3433
1297 1373
4197 2203
3616 722
134 886
3075 2101
594 940
1624 3079
3186 2378
3364 950
1165 1912
2464 1426
2036 4533
572 3047
3354 949
4376 537
3389 707
4496 1486
1674 4564
1753 457
3785 2785
4979 1063
2169 1567
4677 4285
791 450
2028 746
2455 758
4840 1398
3938 4671
2124 1017
1856 4877
76 1141
3140 3517
3056 1998
1011 2931
2349 3254
4974 3834
2300 141
2602 4705
2444 3981
1923 1646
4526 4677
3291 3338
3471 2236
3256 2696
211 3763
21 3775
4762 2863
589 1966
4874 372
567 36
4169 1757
682 472
3208 1917
331 2406
3438 1281
4237 2476
648 4712
1692 2745
3690 4486
4363 253
420 1018
4320 3183
422 3102
2433 908
3101 3942
3963 895
517 1474
2116 4541
4217 1025
1095 2652
1440 4560
3088 1856
1392 1485
2590 2387
1445 2762
4138 2356
2522 2710
4776 3100
3251 4047
2108 4510
3188 804
2094 1212
3675 2750
20 3709
4216 4811
2727 2728
2451 3697
1401 1536
1896 1621
2403 3055
360 789
757 227
424 1442
1380 4076
4502 4205
1230 3157
3265 3975
2618 1653
4753 1654
1691 1595
2999 859
679 3999
1197 2060
2464 2946
466 4204
2703 1622
2615 4341
4614 2577
3711 4846
1518 4264
3422 2258
3286 3984
4886 1322
181 1053
703 1763
2915 3190
1359 920
2794 2924
4136 2062
471 4981
867 658
2174 4984
3332 1394
1213 520
1897 4701
623 4003
4827 2238
3125 1558
2180 1532
1451 626
1007 4461
3504 607
1923 2812
2513 3480
4556 225
1586 562
2293 3703
4439 1417
3247 481
4202 641
328 1427
3709 3108
3762 2608
3160 3859
4705 4588
2195 621
201 4072
3394 602
3348 2591
2838 4015
1845 181
1969 4753
640 2623
4115 4645
4267 171
929 4109
4557 4705
96 3650
1572 3353
3903 2862
3866 2841
2603 3143
1077 4745
2367 1560
3773 3739
4399 690
3034 3835
2964 2456
236 2427
3577 4737
4343 206
4841 895
482 1124
220 4159
348 4961
1880 4408
4764 3031
2643 4790
2290 274
4010 153
685 1263
1082 981
2055 3634
4935 3888
909 1885
2706 885
377 24
4809 2777
3506 2710
4092 4844
2211 1752
4197 1412
620 3012
4673 3018
3623 970
3551 3450
2341 4907
2615 4490
1301 2384
3036 4264
595 2923
1401 456
3981 4720
2478 3671
4390 3526
6 3237
888 3450
896 3523
2665 4161
928 2171
4055 3281
1816 4836
187 4941
3328 1832
2171 1145
1552 1865
3815 1398
4446 4110
4262 4552
848 2337
1145 4649
1448 111
3836 1160
4228 3557
4121 2028
1352 901
2960 1770
1186 176
610 2550
4182 4410
194 1741
2839 4447
1039 127
2036 4335
4698 2258
2061 1835
581 4417
1483 1086
1774 3160
4157 1155
2366 3124
2593 4827
1928 4974
2931 1648
3681 2774
1966 996
2978 176
186 939
678 3903
700 3603
3473 3583
4281 2506
2895 170
4260 2664
1533 4516
4547 1644
4533 2388
2137 2321
2030 3178
250 4119
3749 4213
2508 4898
109 1987
2970 1857
763 2491
4102 1480
3357 2910
1685 3785
2005 478
2645 4879
3567 4465
3273 582
2097 3703
4385 3780
4660 2168
1724 2797
1431 3009
2625 2833
3254 3925
3763 941
1746 3741
2994 1304
1499 4126
3214 3978
1008 3284
721 2763
2739 3588
4117 5
2611 4796
3470 2923
471 548
4819 3465
2655 4473
1105 4982
1818 3841
3281 1413
798 201
4131 3099
2496 1528
4827 2621
4033 549
2391 4967
315 1906
1170 1733
4760 2252
4792 4487
2590 4714
553 1997
3801 1014
3217 4553
3377 1606
171 1508
2192 1976
2687 264
3961 3061
2577 1173
239 198
3627 3812
3052 1811
240 1308
2292 57
4406 3078
1943 4217
1742 3096
4652 1234
2616 237
1212 514
3162 4806
297 1451
4931 1913
2336 2757
4892 485
1995 1284
3160 855
1521 797
1303 1498
3790 1043
2693 3392
943 911
87 259
1430 3394
3482 1040
2441 1575
2007 4083
2380 632
3828 3382
4166 1317
4759 3949
2795 3142
2329 992
4071 162
208 2211
1291 4006
2379 2998
4737 4450
187 4741
765 3566
1818 661
2108 4340
957 1095
3394 2548
897 3065
791 2177
3299 1455
1898 4332
4894 3057
3996 3937
3868 1999
1383 2073
2696 394
958 2674
2308 485
1460 2240
425 3969
2881 3985
2331 2965
4836 1596
4435 3872
267 1493
991 897
4328 4562
2865 2786
1637 4827
34 4266
270 4419
1967 2743
3759 329
69 642
23 237
12 1541
65 4776
1177 4669
964 2343
3906 4584
2907 2742
2418 690
3729 3197
4511 2040
32 5
4525 1984
407 3473
3047 4097
4167 3849
3724 2756
2253 326
3327 2216
856 1647
2128 778
2292 2123
2143 3573
2738 3513
5 4538
184 1554
525 1067
1837 4573
3951 2242
4040 2016
2348 2330
2713 77
2020 548
4546 258
1975 2061
4551 365
2404 2779
1582 1468
3314 454
2599 1313
3877 1483
600 272
4853 2377
1681 1821
1925 1712
3106 4593
2126 2562
1418 4244
2564 4603
1710 946
2519 75
113 690
614 1188
2073 1293
2296 4409
1558 3392
4891 253
4118 3714
914 176
1144 2840
2259 2619
514 4341
1321 1519
3792 37
169 4413
2876 1094
3533 2042
43 2509
1282 4645
1079 1602
1912 1183
3287 4868
2593 1747
1636 4532
4861 3357
2232 3978
1202 1401
2582 3974
4154 1198
401 4901
2343 3956
1109 628
1123 3513
3914 1354
770 3442
3767 1343
4528 3164
4775 3288
221 566
4336 801
2888 3930
4197 355
552 25
4246 2107
348 2178
4800 242
4754 986
2293 2520
4015 2057
588 4982
3681 3277
2884 2273
16 1368
1794 1540
2956 2142
1854 3239
3821 272
511 4326
3063 2024
2308 4378
695 3468
1366 2356
3864 950
741 3286
1915 4216
4974 289
1109 2339
1768 950
4266 4656
2030 4824
1914 4793
3395 2069
2462 3758
2779 478
3652 2258
4135 4595
405 1001
4297 3441
1132 433
907 4562
130 3453
2634 2543
1291 1956
1006 1396
306 4605
3035 2095
792 2252
2638 4688
788 672
3969 3460
3505 912
2179 3681
853 3199
937 3527
3147 3626
3367 1130
1540 4581
2684 2465
199 2034
3650 305
4286 1836
1021 2866
2126 4449
2433 4000
384 3900
345 1126
4408 74
3624 2123
2277 506
874 4339
3692 3028
1293 402
454 1532
0 4822
775 2089
2087 3019
2843 2889
2029 4625
407 4253
4032 1280
500 4880
2922 3706
2402 2701
1039 1094
711 4511
1821 3898
2117 600
1114 328
4439 4694
4959 4714
1966 4011
1336 1208
4386 538
367 4010
2649 2388
2491 2091
326 3870
666 3532
31 2492
3419 3184
2051 3014
3375 2253
4679 3301
4369 2903
2863 2461
3993 1600
2212 4679
381 1028
4242 2412
4444 994
2703 2324
2981 2576
3814 2106
3839 2800
3449 2577
2535 2840
2541 3759
897 1410
3795 196
3421 2635
4597 3194
3831 3775
4844 4753
2833 4074
1655 2094
4591 2183
396 4937
3930 1703
2907 1788
2812 1249
663 1108
755 2211
1373 2938
4429 113
2769 4713
4319 4203
1593 3125
2011 710
2837 1894
885 663
2985 3146
3670 3912
4229 4938
485 3051
4888 1446
3094 1475
518 1921
1062 2385
1112 4328
348 1190
3713 72
375 80
4461 509
26 828
1452 3360
286 3255
855 300
1626 4905
4667 780
2150 2697
1242 454
3535 87
1144 134
3664 708
1252 1624
1894 3916
586 53
2857 2003
2336 2511
2498 4624
4361 2446
4781 3778
1398 180
2576 3806
1478 4118
4606 3603
748 4447
3228 309
599 3565
4416 790
1107 713
2441 634
2642 4070
4917 3324
668 1306
3042 3435
3666 2143
1228 1127
2132 2355
1470 3555
1586 944
4040 4253
2083 3103
1307 4139
3280 1589
3693 500
370 4532
1545 4321
1797 3719
4828 1174
2433 118
1338 414
1374 120
4545 214
988 76
4730 534
4380 1587
2812 4949
1958 1728
3497 380
1980 3991
1022 4511
4868 1021
594 77
2760 3212
4596 4856
4247 267
2162 4493
4133 674
2359 3190
2312 3510
1819 3809
4412 2606
4712 3500
283 515
572 1795
1352 3500
4261 865
3540 271
2095 1764
276 1
4392 4378
3003 809
2703 1504
1843 76
1590 3261
4588 4524
1887 2209
267 540
4559 4743
542 1702
2181 1574
4978 2228
4061 1611
4681 4349
4164 3048
2605 2152
657 2344
2814 4125
3681 4917
1681 4074
2477 3376
1724 3032
3643 2212
3360 3589
3081 1488
2570 2786
2201 821
2090 3269
2337 1030
1529 3740
1042 3825
3290 2385
1168 2926
4284 4574
1423 555
2149 1298
926 534
1984 3579
4965 3392
891 3001
1863 4578
1060 1177
3961 4500
3004 3874
58 1492
2899 4111
2602 560
3171 3304
2800 40
1942 692
2016 2474
3176 1814
4019 935
3471 456
4474 2612
497 1761
4374 2583
3677 4264
215 2075
594 4311
3958 4962
3873 4701
2304 4648
2526 4255
3323 1897
1518 714
4594 4953
3357 2016
704 2141
712 2307
862 2264
481 1342
251 4626
3232 113
4088 861
4346 901
1066 3288
4486 3608
1287 4604
4185 2135
4667 1060
328 1185
2919 171
3219 3090
3571 4537
2262 2429
3851 2229
3117 1369
1825 1839
2837 2615
3471 2288
4133 3282
4323 3531
656 198
3207 1373
2801 519
3653 3129
1309 4821
4751 2862
2392 2361
2249 4380
2684 1912
276 1128
4259 4956
390 4427
3330 808
3687 2183
1308 2398
3682 2626
122 1609
4408 1243
4913 80
3424 1511
1644 1596
4070 3517
4607 2855
3140 4314
4860 3887
3450 4126
2885 3826
455 3324
172 2044
2793 577
3397 4970
3991 2128
2202 1154
1755 3459
1743 4903
3759 1336
684 1804
663 3264
4737 2735
1196 3983
3643 1874
3860 2960
343 179
4588 1980
1178 3824
4189 1581
2265 2445
3736 3670
601 756
357 4301
1861 3391
1385 3896
2232 1883
3047 4834
2647 194
3591 2267
3337 1073
2669 3330
234 4825
2972 4258
2467 4129
1710 3558
1553 3173
4520 801
480 4705
2142 3758
3045 4600
3390 656
3602 1888
2927 1517
2544 4850
4964 862
1157 4874
2056 2330
4788 2174
50 3285
3772 4164
4445 2563
4748 4149
3260 2492
766 2588
528 557
1996 580
23 4871
2348 1606
1046 4396
4431 992
1393 1180
2544 3825
4127 1261
4910 1274
4094 2121
3716 816
1658 3224
1189 2132
3607 2120
4328 4961
3165 2951
547 144
3065 183
275 1143
2673 327
239 3299
3267 4135
3055 3547
3097 3343
3183 4146
561 2132
769 1924
2965 4861
4893 2533
323 2373
2557 770
2549 3311
842 1199
349 3114
641 1631
83 4748
2731 1091
1892 4578
1424 2921
2486 2954
1901 2347
166 3119
182 4083
1519 2574
681 3310
3332 3190
4456 140
4950 2716
4840 4638
4479 924
3455 403
3428 2950
915 3924
1360 919
4444 4972
4849 4857
2017 3745
4121 782
3995 742
1795 1039
1078 1588
3899 3691
4240 1458
4561 3191
2930 2585
438 57
2101 963
2451 3887
3872 2429
3757 4207
3498 2964
2740 4910
4428 4452
3977 2719
4842 1914
1987 3299
618 3747
3586 3029
3981 3942
1319 326
1650 506
3159 3224
1589 4366
324 1556
4030 1005
3255 3031
1 2201
3986 2271
988 9
1773 849
4993 365
4541 4918
4802 1396
3306 2790
4926 4223
1877 4294
1717 46
122 400
4724 2179
1103 2061
2303 928
1423 4942
3227 2569
82 1104
2603 4257
518 2276
1991 1810
1148 2437
3238 2638
269 64
3905 828
4368 1682
1867 2599
2135 3367
1405 1586
1678 1634
3825 3375
2574 3221
361 3015
823 2230
4198 21
1456 731
2185 4396
562 2610
719 3942
4087 1806
1902 4849
2223 2526
4237 3267
4941 1532
3622 301
4328 2240
685 3255
867 3141
2021 2200
3461 855
1235 691
3383 2636
2930 2707
1104 105
945 1665
2294 1117
2641 4964
2269 1415
2880 3364
717 2943
134 3004
4131 575
1137 2733
2746 757
822 3069
4240 1875
4466 1518
3097 1623
4481 4325
3338 2507
680 2588
583 3686
463 731
4117 2981
4913 4554
3932 3238
2168 3331
4698 1293
476 4971
835 4497
281 1520
271 413
4147 4616
4668 2826
3409 4455
4583 4159
2087 3722
3468 153
171 464
2166 3980
1522 3491
2345 1799
3132 4321
2858 4023
1466 1611
1783 1947
3757 215
3532 3257
3873 1928
3017 1094
1469 2613
1861 4346
4146 299
3233 2592
1654 2628
1775 495
4810 3917
4473 4642
1935 4851
1402 2894
3293 1754
2887 2182
547 3929
408 3179
4386 4033
2910 2989
3553 1954
386 3085
4870 2211
1207 3268
80 4728
4229 2054
398 2143
3511 173
1188 4416
1397 3779
2579 4678
1041 986
656 3894
3946 2007
4249 3897
4231 1969
1383 1374
2414 2546
2869 844
3923 2513
2722 3318
3799 4164
1099 4234
1718 853
4381 2040
1533 2544
2154 350
4079 1116
1499 3128
4569 89
4785 4524
1109 1137
3972 4630
1935 1336
3722 2195
2716 2653
1941 298
2432 3747
4632 1920
2226 1120
3030 116
4133 2601
1802 669
2649 1925
4998 3500
3947 3770
1539 439
1889 366
4161 4975
1046 4652
3555 1166
1328 1787
2884 3021
139 761
2055 3943
1601 4327
2664 1347
3413 176
864 938
3352 3108
3042 3385
1081 1427
4130 336
212 2009
2140 3862
216 5
398 963
2426 4415
2474 1152
3451 2277
234 0
470 4399
2450 2357
3170 4959
227 4723
4515 116
4612 4794
842 1560
4881 3745
4686 292
2 1266
4656 3520
3791 4484
1219 4002
276 440
1050 2632
3100 2706
954 2710
1198 4668
2907 4299
2820 873
757 1242
4561 187
2993 2165
964 1017
2689 3288
999 2187
3525 4325
4991 1642
4858 2790
1275 4673
4874 2784
1382 1399
4491 2400
2846 2248
431 4400
1886 3348
1062 290
3856 688
2459 1100
4796 3785
4090 242
4626 861
3004 1361
4206 121
2571 1914
3188 2051
2517 3529
1353 4996
4056 2227
963 612
1253 1411
1085 2943
884 4558
4962 1996
1156 1104
3348 3993
2390 2550
2606 54
2053 3209
4157 2586
1668 2287
4974 1325
1096 1700
877 2368
4081 3687
1114 2013
1164 453
1415 284
2655 566
586 3387
4931 187
580 4344
3745 3227
4410 100
896 3167
3698 146
1369 3351
3383 2956
3130 4555
4497 1586
4161 2364
4210 4149
3296 4793
3565 4749
4975 3352
1632 73
4953 1026
1802 3630
3098 2643
3849 1569
3436 4617
279 1892
2737 581
3590 4524
4806 2334
2109 117
1870 2460
1214 1276
2955 3178
2204 2987
4367 3158
543 3252
1118 3847
2907 2815
438 1336
3650 2632
2066 3851
4071 3731
3166 3298
4572 1096
4201 4020
1387 14
603 3527
2624 3354
4578 1893
1382 458
4554 2286
629 3727
3092 2070
1685 190
2197 3956
4309 2602
4986 2633
1078 106
3216 591
1715 4208
2348 1944
884 4970
4345 381
3874 4668
4504 1628
2388 1262
4218 540
2520 1106
1719 2701
3890 2581
267 685
3223 4290
1622 1748
1218 3034
3097 969
2307 1404
436 900
4154 4024
973 524
1887 1429
3144 1461
4777 2824
2332 4002
1082 2075
723 4459
4378 2505
2587 3257
180 3306
2049 2497
4698 1366
1665 40
4601 4411
3454 3788
4623 2904
3013 4266
1705 3568
3278 1631
514 770
3033 2746
1162 1165
2319 4268
1632 3288
2378 4649
4765 712
3370 1894
2427 4978
1974 1278
4460 1333
617 4784
214 1031
3343 2436
785 4602
3913 1649
1843 1421
1850 4881
3729 2369
497 3052
1260 902
1808 2826
38 4322
1776 1852
2992 3947
1956 4270
494 4775
1948 4340
3274 1787
270 1793
3157 1525
4220 2526
140 2601
443 3911
4235 2034
4595 2191
565 1639
1688 1402
3428 4678
4271 4987
1897 3196
645 2989
4338 1687
2505 580
1358 2221
3953 4537
2949 4540
2299 3763
1603 3185
3528 866
1224 1326
2704 4401
1462 2974
2802 2969
1345 4456
4273 2805
3397 358
2751 826
3336 942
2131 4372
2548 4805
2886 199
3937 3287
852 4903
1552 2736
728 794
896 702
1006 651
3098 2019
1506 210
4068 1813
3264 970
2688 2597
993 309
1367 1244
4085 3597
4148 1463
3143 2869
743 2505
1393 3254
1281 606
4300 3533
1405 4815
1314 2908
636 2067
2192 2853
2460 262
1215 2496
2147 113
3878 3554
98 2994
1837 1190
2819 893
3436 1950
3179 2019
3742 3899
4918 4698
3231 1172
3358 1362
1145 3762
3180 1173
1006 4222
406 1448
1357 3138
3490 2868
216 1117
3964 3130
2054 2486
3169 2396
2862 4069
2208 3091
1231 3282
1783 2394
171 469
2200 427
225 113
1405 605
271 4048
4736 1070
2899 2672
2102 4231
1185 620
1539 1616
1306 4698
2821 2310
3010 1215
1558 1803
853 1462
1430 1835
3865 3929
2075 1141
726 1903
2810 2084
4878 1203
243 327
2070 669
784 2688
3402 263
4835 136
65 4640
3228 87
3916 2875
3935 3372
892 3552
1592 2518
4115 450
3419 1405
3568 1153
2867 4665
3447 3921
1302 2212
2944 3284
148 206
3868 3924
1135 3180
4178 4283
1227 2959
3269 4048
3791 604
4158 478
389 4000
1965 3234
505 1653
1884 3284
1639 319
3855 146
4420 3758
527 1527
532 3362
4072 2031
254 4536
2944 1109
39 3276
3228 4708
4443 3553
2174 2795
1310 290
3380 4455
472 1465
942 4287
69 3853
2240 1362
1436 2453
1779 4788
4663 3320
3171 3638
3222 2328
4445 315
2340 3295
3876 913
4596 4521
3191 2875
297 363
4211 1714
575 600
3291 193
667 3628
3499 556
2306 3949
3027 3124
2862 649
3596 4867
3514 3962
882 2746
4425 1478
4563 2369
3344 316
1188 4698
4308 417
3115 354
2374 2348
4491 854
1575 1604
929 4078
4561 3152
1179 417
1595 4864
3280 4199
3968 3662
4859 3895
4610 1498
2651 4874
3109 1847
1647 4485
1495 2213
581 3249
747 4494
4048 379
2217 2881
3879 342
2786 548
855 878
4701 4798
3176 2280
856 2645
481 2757
1685 4789
3109 454
2951 2020
4179 4456
2969 4354
902 2488
4280 3063
4519 1205
4724 952
2668 4895
3831 4786
1652 2152
847 78
2078 2209
4914 1240
4821 478
4138 2939
1882 958
1858 2104
4778 835
2803 2410
3216 3947
4652 1793
1495 2579
374 2339
793 41
645 3500
4005 2125
3716 1144
4067 2110
4697 870
3224 4172
1089 4738
4283 3021
1493 3415
2374 3520
397 3537
2394 697
2669 3408
1644 423
580 4440
2808 4234
2446 4503
3901 1495
3025 4979
569 4825
3401 3768
2799 3578
3733 4022
4721 3581
3173 4117
4995 3770
3285 2176
4097 3208
2341 353
425 1665
2323 1964
1362 2444
4611 1726
706 1112
3561 2616
3595 4999
3222 1170
489 4083
150 1400
1214 3908
2887 2645
3928 485
1089 3339
1150 4157
971 4471
4687 3545
2675 823
3481 425
305 2376
2910 2578
4695 1297
799 2181
3640 4766
1912 327
2084 3916
3069 74
680 3545
137 262
1045 4648
1067 1986
705 499
3007 2778
2422 512
4178 948
3242 279
1058 896
3537 2455
3882 550
2972 2352
55 701
121 1951
1791 1276
400 663
360 1572
4247 3076
643 4978
3481 603
2975 1669
43 3001
3524 3531
3089 332
3292 3492
4456 268
1215 2942
475 4799
631 1201
508 3296
3182 375
1199 1381
4202 4834
2737 33
1072 1884
3141 59
3896 2977
2917 970
4569 3285
4064 4904
1934 865
1128 1985
2429 3208
2062 4273
4947 1915
4499 1150
2232 2364
1041 4590
1453 3127
2139 3955
2392 440
1409 2461
1419 3048
814 1344
625 2585
4230 4283
3290 388
2044 25
3913 2030
3108 2947
1947 3274
1189 3968
3321 776
728 1787
873 413
1081 3401
2802 1974
2364 4208
4355 3575
3865 1802
4672 1174
1179 2826
434 1604
3119 4223
2978 1090
2130 3037
4594 3395
384 1034
1199 4101
1086 441
1353 2191
4847 3465
1735 2886
201 822
2344 2752
4083 4345
692 2506
2000 715
904 456
2347 2940
1815 248
3271 1479
667 4583
4912 2622
2344 3640
652 3543
628 4202
2599 1535
1023 2048
709 249
4390 4075
3790 2566
1978 2147
939 3207
2165 1873
293 95
1180 4212
3787 1609
3389 4454
2529 2751
3157 2937
1056 3804
3192 3337
1824 1387
2794 4696
41 1887
2916 3179
2631 3667
3802 1101
4682 1866
2791 1622
1982 4492
609 4224
4331 1921
111 3628
718 290
4815 4803
2587 4685
4850 3468
2895 2745
305 2982
728 1935
2633 1694
4961 914
4322 1562
38 1940
3195 3533
1333 2839
1635 2597
4306 1119
684 1089
1380 2838
2773 2677
4651 747
2072 2616
4090 2302
3443 1068
4114 4390
2895 3255
3615 454
1041 3984
724 3454
1440 4685
3596 3518
4503 3212
1792 925
481 1679
3014 3435
4677 2190
3310 143
3946 2803
4893 2920
2014 4132
3744 2435
3547 2500
4237 961
949 2735
1645 4805
802 1941
2677 280
2608 4554
1350 4819
4140 3103
20 4440
996 4634
2555 3177
3014 3949
3856 676
2743 2909
372 992
3196 4591
700 561
4788 1424
3976 2720
4583 1836
1953 1805
1428 150
1856 4030
4186 2490
1001 2682
2441 479
3596 1719
1637 1097
307 3057
1716 3303
3846 2441
2673 2003
3432 1236
3592 3305
1711 2075
444 4918
1366 982
2166 4221
3377 3244
316 2854
4815 3406
3133 945
2065 3709
4122 1012
3985 640
949 4936
493 2800
4571 401
2951 3962
3548 3147
3929 2451
4364 1740
4240 3402
3683 3136
4976 2406
2474 3227
567 2502
1561 3901
4384 485
1161 327
689 1497
3275 4453
1519 4324
1834 2602
2817 2796
3816 1665
861 566
764 1738
2601 1226
4138 2326
3092 1778
304 323
3157 413
4449 3232
4886 1945
989 1510
2176 2588
895 2197
2658 1126
1205 4041
4051 2487
3381 4114
1815 3682
3786 866
4913 4722
4236 381
2628 1999
3995 2856
1257 4300
4826 1526
385 3440
592 687
4915 649
3469 2604
2840 2808
3171 462
2613 923
4957 2150
267 796
277 2512
3109 1843
1504 511
3285 1490
4315 652
3742 263
206 3633
39 113
4010 970
4428 4505
3974 4041
4102 1307
3388 2357
1529 3160
2210 4222
1431 1186
4443 1441
3905 2608
3786 1078
2624 4326
4829 2120
2954 55
2925 2605
1102 1571
1173 4061
4220 3354
3413 3256
2650 3567
1327 1719
521 1610
1945 4532
3875 1312
440 509
642 4064
3836 3134
3039 2848
2055 2338
3402 4882
1837 347
3960 3685
4334 4123
1699 1119
3759 2125
438 511
40 1625
3629 1326
73 3805
1336 1935
4765 2064
1233 2339
4932 1254
4656 3496
3785 1138
4418 3801
1871 916
3868 4650
1069 467
2306 1845
1175 1868
2783 4975
659 1944
2040 4787
4598 4064
1364 2674
4506 4547
399 3613
4500 1069
195 3239
1427 258
2355 1199
799 3460
1208 783
4635 2437
2006 2976
1429 606
2304 4397
2065 453
3571 1046
214 1275
4499 4366
3339 3270
4152 1884
3410 780
2985 3250
4944 4167
4866 3458
2446 2796
2586 2027
2971 3108
3962 1694
513 2935
3046 4424
1177 181
4234 2471
4550 2798
518 4535
1461 3830
77 271
2740 957
208 1070
777 4538
3445 1020
4983 3696
2490 3415
4879 1166
480 1043
335 4645
3888 166
2565 1607
1979 1444
271 1082
2579 1001
2312 3543
90 1160
1138 3177
215 2246
106 4608
358 2801
4265 2097
1197 3831
3954 4272
4131 3056
3784 1059
715 4896
3812 3843
3300 2050
391 3138
1089 235
4887 1908
3157 2895
1331 360
3617 2969
3927 3203
2844 3723
3307 2405
4185 1583
4151 825
2515 1760
4067 906
1753 1005
4311 2121
2454 633
4911 2133
3267 2299
4881 3459
2933 935
1935 573
2436 1768
3019 1788
3110 2250
4576 1797
2925 4331
29 2593
4587 1206
4765 1185
1612 3937
678 1319
4359 4712
3071 260
618 415
4777 3544
1062 1874
4069 4073
1557 131
2970 757
129 1914
2087 3556
1988 3087
685 2097
2823 3816
3520 1891
582 2222
83 972
4848 4481
2244 4751
1137 3407
3758 988
2412 1627
2258 2073
4170 996
4463 3400
4351 1994
2652 2073
4573 1412
2165 1274
2011 2211
3698 3825
454 3849
16 1940
1760 3458
2038 2354
1508 4683
4842 808
549 2877
1372 1912
3434 3628
395 258
4347 3706
131 8
1446 881
4885 3867
4164 3232
3721 2824
3628 2980
4980 3490
2600 4579
2410 3030
45 1962
1690 2676
1843 3800
1274 678
4717 1362
4991 4891
4800 2801
2411 136
2324 4970
1216 3530
2351 964
3598 4316
3467 4751
1021 3089
1476 3564
4661 3430
914 4805
4157 4301
3268 1939
3913 4903
1332 4481
633 3437
4713 3165
1068 1671
2324 2454
1752 1617
4546 4324
1010 523
2490 3913
3280 1951
2183 3262
1988 1750
611 4276
792 1512
1504 867
2503 1521
2833 76
2622 3080
2626 3216
4026 2369
15 4248
4947 4465
3941 3284
1187 2536
2025 2983
3079 4974
2106 4405
2926 1709
1996 856
3743 1724
122 3422
1023 447
3004 2713
4128 472
3117 2168
2931 4288
886 3542
3729 101
4914 4067
2319 2329
494 13
2407 3085
1868 2851
3642 2285
3890 3807
4689 1449
1978 4257
1795 2521
3670 2238
673 1220
564 548
2473 3736
2531 3134
2290 3563
3676 1326
2180 3070
928 2780
3089 1140
4777 2954
2898 2234
3436 168
3540 4134
2242 1414
1167 3687
3407 3981
4223 2706
4640 524
3464 1651
4078 3797
4576 852
1792 4855
3350 244
2480 815
2375 2498
176 4337
3404 533
400 1813
496 3387
1565 4272
1900 536
4546 4323
2854 2498
3447 2784
1828 2843
3082 4831
3081 4683
2328 636
1057 3185
4947 4081
4710 3443
2083 4326
4823 749
3641 4440
1816 1312
979 4359
1742 960
1459 2023
2162 2066
3290 2531
3952 4129
4394 4153
4742 1741
1191 4511
3016 3465
4880 2420
3513 925
4638 2641
1166 1049
4690 4351
3163 702
1420 1004
2888 2878
416 3785
2740 4475
2746 1139
1008 420
1662 2849
4200 4629
27 3743
4247 3874
2094 630
1861 1494
216 3186
2902 518
2248 2677
2224 685
2089 27
2452 2169
3297 3259
480 2041
707 99
1998 3041
708 1631
136 1070
4086 2529
706 834
1448 631
2584 945
3155 3864
682 2210
943 2641
2563 3254
4810 3722
4491 4495
863 2443
799 4095
4205 2235
1641 4103
3285 127
710 290
2595 4236
4175 991
362 4207
4828 2892
2533 3282
3518 582
2413 4150
2446 2121
2886 978
2977 3747
302 4561
4547 1614
1069 4947
549 4862
2248 3523
4771 1301
79 2038
2028 3496
1286 1573
3889 4752
207 2605
2563 3942
503 3479
1917 801
3067 1114
4412 4647
1265 4121
3029 2114
2611 2128
3951 4673
2355 604
1288 3973
4671 4982
2717 3897
2332 3678
1079 4813
3674 3952
2142 25
3319 1562
1287 2338
200 2896
2847 2962
4356 1044
4492 4653
2344 4218
3952 4567
784 4087
4405 3949
1055 3847
4863 2152
3679 599
4712 1901
2770 948
2233 961
4320 4581
1980 1060
2386 4874
2524 3268
4193 4559
1541 2533
1970 2970
3149 2641
3618 4037
3673 2457
3277 1725
1990 127
1754 1969
2333 1584
4861 616
2676 237
4111 2870
4915 2002
4007 240
2065 528
3404 1179
4107 3642
2573 2265
1632 3632
271 4274
2675 3504
3865 1205
3533 2183
4846 3570
546 1732
2246 4980
3040 1047
2075 3326
1884 3784
320 1148
3142 3700
2839 3674
4631 1050
4468 1486
318 2484
3407 2767
3848 2017
3497 3164
2445 646
2234 2964
1625 3121
3535 1882
3807 2437
3240 2449
4702 4207
3772 3817
486 2192
2408 1322
1791 390
1455 4367
3254 4824
3451 3286
3490 1702
4461 1428
1748 3778
3456 4422
4045 1335
274 2107
841 1432
783 2006
3448 4792
3369 709
3391 193
463 1386
1778 2560
711 3819
3768 2144
4763 4232
695 560
918 4722
2182 4019
1957 466
294 1203
3193 2992
3906 3516
2921 3903
2503 3761
2574 524
4501 3142
2797 1238
3800 4767
3326 4843
1585 3462
1943 1457
64 2049
4223 341
2282 1990
2306 439
4476 378
4231 3650
1137 4122
2171 4852
3531 3512
4855 2924
242 3315
2137 4215
954 4894
2929 1100
2254 4244
217 2523
3422 2092
1870 2251
1876 4535
4623 2658
2233 1031
2969 3998
4075 2261
3113 4128
3458 3676
3726 2331
280 4302
1372 2204
4232 1277
1254 2386
2347 959
2415 2184
1741 2278
4515 2232
4379 4464
824 4464
1196 4920
218 3382
4165 3946
4868 3292
2428 213
1985 3816
492 3789
1956 3285
3715 143
310 2099
4927 3125
2780 2940
2832 3581
2124 4016
844 2634
3630 1545
4478 1257
2152 2854
4890 1017
3347 17
1702 4041
3427 1537
4371 969
3433 911
4520 1614
870 4043
2896 4075
4748 1162
4215 3267
3805 1533
1217 2809
23 4915
1232 2255
180 4741
343 3055
3815 2520
4512 3911
4309 2965
3976 398
4856 3304
1605 4752
384 2749
1591 3872
1335 1768
2823 710
1104 4323
1236 2647
2101 2609
2438 2393
704 45
408 619
75 4023
683 4870
2452 3267
2289 1005
2917 760
4301 2479
1458 4589
4353 1209
4050 1728
1669 4948
1050 4250
3570 1537
3026 1580
4324 1904
1296 2292
4158 3797
2021 4149
2279 1786
12 4723
3287 456
308 4279
697 360
4918 1163
3047 3460
4719 3557
1471 2773
247 4357
883 3979
1107 2311
2516 615
1401 2173
4762 1011
3031 127
4210 2856
2366 4260
3788 1893
4677 961
3942 850
3837 2354
450 2060
1725 206
4149 4391
2744 15
205 426
3655 753
710 3758
4056 4930
4925 3385
2088 3060
2175 1301
4644 3236
1448 4029
2745 3909
1195 484
2867 1777
4974 3226
2942 1305
4715 4831
3869 3851
2643 2277
4529 2527
3717 1966
2675 4755
3722 3215
4115 4557
4383 4562
176 3770
2863 4757
3107 4865
280 3116
2337 1056
4504 558
1738 1140
885 2654
3774 3123
3318 271
1758 2469
1126 2774
2324 1451
1978 908
2247 3503
2169 4698
1095 1362
472 512
2885 4828
2789 1205
4705 3316
4590 4795
2949 748
4996 2534
2673 4155
2744 106
4857 2873
2861 1871
1480 4673
738 487
4469 4602
4529 231
4428 1944
2391 2047
447 4512
3447 2486
1101 1019
2259 719
263 4854
854 3657
878 3646
2518 4672
2718 658
3909 3390
2203 556
132 4209
3182 3951
37 2929
3201 1292
2441 4501
1944 4429
3999 460
864 3540
4154 4387
2251 1459
3692 2409
1603 501
3158 4148
3897 1431
1574 858
3669 4514
1403 481
3316 4843
4502 2532
2828 861
1113 2373
1774 2135
4514 4806
1045 2251
4056 2492
4841 987
1546 4302
4941 3575
1167 767
4487 3708
2877 3833
1384 208
324 4474
593 4728
1847 308
706 4027
1709 571
3210 2368
870 3855
4746 2224
3367 4689
4561 4767
645 2825
3628 1951
3249 3257
4812 4577
2954 1020
1329 2689
5 3425
2876 3879
4632 1784
2091 226
3238 4588
450 2694
631 736
4192 770
3528 971
895 439
1197 4591
2289 2756
1607 4012
3275 235
133 2010
3580 1756
4993 4227
850 3520
2294 4618
3017 919
3361 1237
2739 215
1016 4722
2493 2039
486 2234
1378 2227
4179 647
3947 1030
405 2366
4062 3719
2290 4875
4761 3577
4535 2051
2615 1014
2801 537
935 3851
56 4191
1811 2950
3907 3652
560 123
4034 3814
1560 3006
3695 4384
702 3002
4564 1443
990 699
702 2763
4653 4448
3121 1974
4341 1828
4135 3395
4490 2820
1024 4968
1647 1302
2128 357
4663 2763
361 1328
333 734
3836 494
3670 1730
4045 4617
1547 3602
2709 2640
4089 2794
743 1272
1108 4889
1752 4332
3924 2370
1015 1186
1326 443
3367 374
3062 1383
2592 3671
97 624
4740 1982
4832 622
4660 1713
3687 2847
1248 651
1289 327
1162 435
2463 2793
1354 2737
2862 1520
4194 1118
1889 8
1115 3169
3321 2174
1157 518
3130 4636
4101 4669
777 1614
2558 4473
742 648
4714 4535
733 3239
2573 3627
744 1802
2085 4510
4801 3943
4067 1065
4061 1739
4097 1675
3298 1708
3480 576
332 3630
2800 4587
2112 2952
1179 1712
4377 1591
1266 982
1293 4916
1277 4741
4790 2210
2497 1686
4639 1338
4928 2977
143 115
2661 3609
1740 1221
3195 4483
20 2556
2545 913
2320 2780
3357 1656
4600 3583
2519 3399
193 2606
2995 3594
727 692
1532 2733
520 1294
3622 4280
1678 3454
101 2398
2833 1836
2709 2140
16 867
1195 4382
1854 650
206 3313
1863 1596
1783 1253
3612 3754
4723 2006
3412 3156
848 2371
550 2639
4203 4635
4942 2587
1203 3742
2063 2844
763 3608
3998 1559
3200 190
4108 3485
4041 4752
1553 3572
1408 2356
3502 3838
2800 3406
4753 2583
2106 3618
1298 2209
4057 1398
1574 2366
91 1154
207 4302
584 2131
873 1299
1175 4727
3015 3913
898 4812
4740 1829
3933 4055
735 637
3723 2725
3228 2982
3267 2580
959 1933
2092 536
1017 2575
1255 1474
2734 2645
4061 1401
2539 2525
4649 1284
3929 4494
2889 1474
1338 1506
636 2009
4117 2848
1266 1535
1825 2349
1192 3615
2698 4523
612 3120
1008 4535
568 4843
4382 2907
3754 2084
2831 3918
2893 3105
2693 81
89 2044
4816 871
2299 4918
596 1122
2516 897
1387 2723
625 4623
1163 4830
462 80
2898 1852
1724 4383
796 146
1498 2987
2942 1612
2151 1102
4773 1334
4833 4003
1895 2407
3290 978
622 1836
1286 3197
3340 1838
2077 2296
2943 4329
3292 4376
3354 854
2715 877
1037 741
3529 4362
3222 3742
1025 2665
2225 1979
3888 1729
3537 3909
2000 2002
4607 678
1121 2258
1640 1290
511 4243
1095 4195
1159 433
2545 3815
2941 1233
4090 2675
4895 600
1410 1423
4085 118
2339 2889
4855 3722
556 2884
1830 355
3245 1874
4729 1636
2595 2064
3259 2056
330 3964
4110 3992
4569 934
977 2362
1276 1912
1988 2961
1473 3931
168 4665
3512 123
3470 660
1435 2446
2560 509
4455 524
355 3877
3315 584
3165 4859
2078 782
1718 4514
4065 3798
4290 329
1814 3626
2187 3498
3435 2191
4332 953
1318 1788
3752 2872
1339 2073
3254 1541
2936 597
446 3470
123 1865
1859 2816
1890 366
534 3856
341 4658
4424 1706
789 1985
3863 1226
484 3041
2213 4645
4084 2286
3928 215
805 3407
4466 4897
862 821
2612 2963
432 3787
1301 1
2517 610
1180 1374
762 1821
2581 3375
4196 641
2584 3260
1294 455
395 292
4214 4419
2847 3910
3912 755
2572 4506
257 4324
4852 2977
1808 4474
2189 4744
1187 3377
69 2582
3847 126
2282 534
2315 3169
1742 1553
1096 4188
202 3055
2886 414
3891 483
3708 4367
870 4589
1491 1431
2817 759
1123 3384
1244 4139
632 304
1632 2576
2670 1556
2991 3650
2762 3263
1551 735
1986 781
1173 796
3161 2511
226 4597
4784 4445
3270 1627
4193 4020
827 3809
114 4916
2829 2614
2555 1290
2154 4638
3230 2621
4146 2116
4476 4995
545 4688
2970 4600
651 807
2270 1537
3847 3141
949 3130
2098 2987
4554 3867
2971 4402
588 3692
2625 3794
2788 2236
1327 4665
3691 4509
3711 2258
3119 2183
3810 2608
2729 1755
1298 1940
4607 1039
3327 1519
4307 4685
659 2419
3524 3868
2095 126
3068 2995
717 1594
4589 389
4012 2876
4773 3460
911 476
1675 3201
1042 668
987 3607
114 4055
2426 4454
308 3485
4164 3115
689 1155
693 2407
612 632
4962 3259
3148 478
860 4878
4335 1130
3583 1658
164 2681
731 258
2706 3946
586 2056
1542 4644
3824 4760
1519 3077
4843 1618
2555 2751
1420 307
946 4790
1247 4189
624 1540
1384 2931
916 3793
2577 560
1997 2465
4428 1769
1192 3401
1877 1163
501 2564
3793 1103
4899 4807
4800 611
1172 1431
4984 4888
4454 1414
606 3204
4694 4385
1051 186
1904 1294
2152 226
2517 3578
4983 4669
4594 3098
82 3632
419 3047
1165 4740
2309 1886
1688 3162
4894 3503
4058 3065
319 1253
746 521
446 1907
58 1126
1011 2829
849 1370
743 2737
1037 1808
4359 2901
2206 1673
402 1522
4005 209
2976 1549
884 4094
3042 2877
4768 164
2020 3238
974 2678
4118 2906
3872 4712
922 2903
2546 2167
4316 2352
2635 4978
4182 154
1522 2396
4544 37
2642 1661
3937 69
1819 3180
3642 2426
4563 318
1899 1651
355 4157
2739 1054
1424 597
2104 1574
3062 3355
2420 2916
1481 281
861 4836
4759 2081
3419 4618
968 2070
1071 4304
3529 2970
2601 1413
1148 4082
3352 433
1084 2353
1655 936
2090 4541
1444 4245
1540 4284
4492 3507
2957 2515
2758 110
1845 1577
935 912
528 922
4063 507
1764 989
3624 1030
852 2874
464 4270
3501 2146
2764 1991
4853 51
2134 1046
3572 812
2337 4548
1163 2941
4004 494
1170 585
3676 687
1708 2527
3286 671
1271 2259
1871 3889
666 2286
2852 4550
4684 1089
2062 1470
1162 604
69 1223
3342 934
3487 4228
3793 1077
3608 3603
816 815
2037 3136
741 118
2627 1178
3401 1983
2363 3191
2942 1121
3879 4852
817 610
2178 1714
1879 1813
118 3085
2086 3212
4137 1147
968 2189
2828 4618
2373 4746
3722 932
451 4747
248 2906
539 2985
4725 3726
4674 1646
201 1314
25 3046
2159 1724
264 3381
3925 2026
0 4339
497 3962
1429 308
3279 3043
2297 3818
1058 2623
1115 515
2186 3141
3149 1596
695 4349
4336 1818
3663 346
719 4699
625 4295
1949 1188
1069 4161
3217 2590
2949 2299
4179 805
4060 450
2903 3941
3475 2389
4261 4692
1213 3909
113 3225
1258 549
1128 365
3790 1646
3459 1033
1824 476
3850 4529
4456 3367
4992 3405
2275 3803
4743 895
760 4566
3262 1769
1465 3525
212 1272
3727 2861
2554 2048
4645 829
2479 1276
270 2345
3654 2972
2175 3139
1523 4070
3712 4751
1602 1746
961 4047
1293 3916
3594 137
2703 4235
4641 3306
4193 763
2504 950
1121 3850
3438 4485
156 2052
2770 3439
1192 3867
4003 4096
2749 1906
2762 4570
256 4839
3513 2495
2208 2735
4778 4936
1063 4064
757 2841
507 4238
111 2809
885 2689
1040 4780
1828 282
3951 729
4827 4971
1051 375
3790 2498
2798 1210
948 4679
2178 4504
2601 990
2817 1641
1097 1575
4271 3411
1288 2097
1744 4373
3266 1830
912 3374
4052 1929
3570 1696
2480 3327
2920 3852
2864 2815
3997 3744
3589 871
1615 717
704 4039
1046 3442
144 280
4525 163
2469 3293
3191 3270
3810 1191
3011 3372
378 906
1146 1575
1930 2307
3201 431
1357 4259
3940 4921
4568 742
4441 544
1082 4942
724 3989
2846 1237
3338 4158
2679 4339
901 4000
763 27
4083 3673
978 1878
4417 4575
2352 2271
4785 1606
2515 3631
3465 3834
872 4314
825 217
2142 4099
1521 1011
3933 4510
1705 3189
1754 3025
807 454
1177 173
390 3408
451 1924
237 2612
2644 3903
1401 4277
2149 276
2877 2808
4687 2341
1404 952
4349 768
1905 1527
1595 4912
959 72
3247 730
4070 4814
4259 1560
711 4305
3609 880
2908 986
1215 2234
1695 515
1900 3730
4559 2478
2057 3685
1226 2865
2160 3780
3720 2409
1369 4821
2059 2801
2842 2599
3177 1808
1221 2867
3954 270
1654 3216
3272 4299
4441 2020
709 2756
1162 2174
4574 269
3904 1278
4874 1586
4067 1428
2385 214
642 4972
1896 2491
1783 4333
178 2663
763 4233
192 4771
531 2446
4177 545
1399 1556
4444 1491
2501 3381
4395 2600
1418 1698
3016 3753
2507 595
2815 3908
3028 3140
1362 3549
2706 1588
543 2051
2597 3149
3386 4126
3705 1134
2157 1951
4464 394
1271 3479
2854 1222
384 416
18 4878
4252 2030
1025 3316
1179 2390
1024 2329
2317 4210
2712 3191
2041 2534
1479 1063
3810 2790
2771 750
738 4580
1020 3998
1827 2684
1776 4870
2317 521
2893 1673
1655 3490
2086 1170
2480 3675
4309 1440
4136 4051
4516 4893
3584 4086
644 2422
1153 3175
3683 4914
3788 2899
3978 3055
2094 4547
4163 1858
481 1646
2394 3816
2241 3840
1516 2694
2868 1838
4546 1546
1648 4717
1991 1691
3234 1035
4073 4856
4337 3926
1248 3841
1456 4592
1523 4359
2022 3019
3475 2266
2707 126
2005 4914
2094 2684
3270 3607
2865 1089
1959 2780
4532 3012
4531 2465
1987 1851
197 4092
588 3614
95 1245
3942 70
846 1430
2255 2755
1998 2602
2001 299
573 212
4836 4331
3799 415
4478 3016
2115 2325
3232 4526
4656 2711
4139 4071
3749 4667
2395 1082
3446 2511
1942 334
1947 3311
4471 12
2220 4147
4958 2870
1710 4561
3699 3143
1360 485
4642 1962
1836 2244
2726 2079
120 4466
3640 4684
1427 247
2429 3953
1766 1819
4981 4381
3649 678
2719 3335
1208 1617
2180 3389
137 1369
2288 2697
4447 1851
1787 507
2652 3133
580 4061
1063 3818
3263 140
2997 107
2315 2239
2703 2999
119 2375
4962 1496
4354 3133
2449 3351
1134 3968
1833 982
220 2934
1036 3725
3410 4519
3758 1299
87 965
362 3214
371 3012
3803 4261
4933 2195
1435 4681
3661 368
3539 1404
1052 4077
650 682
1101 64
1090 2363
3308 4958
319 3625
2286 4148
1327 2619
3812 546
217 4671
3919 140
1566 4327
4483 3266
2898 3257
4120 1350
4422 3301
1360 2825
123 4739
1668 556
4302 2323
3452 3438
4567 2528
550 3712
2502 2908
2772 2185
3161 1938
4583 4811
1065 124
870 111
4830 2796
3919 54
2972 73
4373 277
4535 4592
371 4249
3031 3026
3222 3370
943 2705
78 4659
1701 2941
3062 1081
3863 212
4365 2531
4400 2977
962 2068
2312 1813
2423 374
2273 840
4075 3844
789 4959
4117 4991
3395 4284
4570 3362
3985 1475
3458 3722
1215 3230
2472 4157
1738 3297
197 4241
2968 3261
2879 0
2528 2132
2686 2441
1914 2253
1700 1249
1593 1455
607 2216
217 2865
2541 1874
265 2615
4200 817
686 4486
3816 2448
4709 2404
3859 3666
1129 57
1504 4195
4796 3050
256 1491
4775 2904
4790 3457
2092 4513
1761 3017
4625 3036
2604 1668
4753 2585
4266 3257
1466 2735
1810 925
1583 3788
4722 2700
4632 3636
1679 3476
2804 1218
3932 4109
4283 507
1587 1681
3093 3024
2933 948
170 1705
622 3548
563 4395
3964 3308
2490 2767
1559 1224
772 2104
3608 3738
1830 1078
1497 2439
909 4833
3761 1935
2483 3994
1710 2788
1155 797
4505 3260
1892 1836
239 2653
131 1394
718 3412
3925 4819
1832 4620
1839 4064
591 3354
431 3958
2783 2168
906 2483
2496 1524
3085 2689
3982 2566
1205 136
191 4264
597 2448
417 4915
3433 2455
4040 2907
2023 1297
1208 276
781 4964
173 3132
1430 2927
1523 605
2594 3084
2112 4045
4741 3194
4063 1587
41 3165
1982 3051
883 3928
1528 4424
3191 3261
2052 3498
4842 4101
4237 715
2017 4893
2975 2026
4675 3869
1404 3242
204 3078
964 4144
3974 4813
1178 1015
1931 3940
83 1737
2302 2638
4491 599
3254 2145
981 174
336 4351
4036 3074
4523 3820
836 4378
467 738
1058 3698
3614 770
3494 2411
3222 3845
4358 605
1197 754
2340 3769
1461 1802
1857 3841
254 213
4183 2166
1281 4298
522 3578
1564 1484
2554 2285
1433 3866
4043 3151
3018 1186
1153 3041
4028 1295
4214 1209
637 857
829 2174
2914 1892
3428 4662
2223 3038
496 4961
1310 4402
4592 4296
1791 4101
3427 4140
1504 2878
269 4753
4947 4067
2590 250
4167 2871
137 1092
2251 3134
984 4475
2651 564
2662 3054
3354 1705
3807 1547
2327 4125
2339 4888
1374 3065
3663 3152
2995 2019
3293 4452
2234 2305
519 1682
213 4057
4771 322
3429 1071
2899 1570
1351 1951
2154 3055
631 1634
2423 3051
1327 4891
1690 458
2971 2065
178 578
2667 4080
1748 4117
3542 3773
1242 1088
3733 3800
2903 4676
4316 1657
1490 799
4479 3896
3975 3093
2910 4032
3703 3130
1460 3251
2174 2808
4954 2503
4592 990
3569 2109
4553 3098
4945 1170
144 1489
1310 4139
2116 2702
3824 2924
744 222
3932 1749
637 2642
1489 47
2936 929
3148 119
4782 2460
1631 1647
732 4696
2473 470
3024 391
830 1999
1435 2781
2097 3756
1355 3036
4154 3142
4779 756
3388 716
2334 3232
4459 4717
993 8
3901 396
3213 217
3653 1173
1663 4664
4368 4070
681 3769
4669 56
4774 3164
1448 2359
4039 3526
1166 4449
131 1799
1271 2306
2584 628
1798 2978
2852 1023
3941 1915
2211 2908
3110 4047
1088 3935
3468 1870
1116 360
1087 2677
1965 1155
2542 2030
27 3473
4914 1805
2381 3253
717 4132
744 2646
1286 4812
1012 791
2810 1065
3981 4839
690 1722
1348 3588
1034 2455
1855 3304
4842 2103
2790 4826
3739 3443
3616 4469
4983 926
886 2413
367 4854
3276 3484
328 506
3950 3035
206 750
3453 1093
4544 2771
3415 3662
2459 950
4192 1706
3675 1332
911 1262
3939 3589
673 4450
4829 2997
912 2565
1865 1503
485 3288
2340 1419
3756 3437
2502 4131
1392 4129
3007 3705
617 1673
155 409
2535 3151
3471 4219
1348 546
2616 2136
1019 4290
4432 1025
1923 2189
4531 2384
3133 2649
4697 2573
2700 3777
3777 3612
1156 3437
3698 2418
421 2972
389 3598
1390 4489
4568 4212
285 656
429 2071
2753 1816
2400 2068
2582 3524
4547 4607
2969 793
152 3740
177 4307
1500 1878
3390 2305
1529 1640
2932 476
4210 136
2992 364
1593 2730
1931 2924
3941 4815
4280 166
3538 2649
784 4542
1999 4914
355 1973
4263 314
1307 341
4997 3329
4678 1356
3789 2428
3987 4737
3568 701
3159 2749
3408 1201
1922 477
3533 2223
1287 2736
1363 729
3329 4463
3887 3518
2012 3293
2269 1390
1989 2264
3651 1845
773 3592
3186 2530
3476 868
125 1633
4837 1337
2812 1983
779 2394
854 3354
4610 581
3529 18
4579 4727
1331 3638
4206 4541
736 1718
1158 2881
686 1134
2723 845
1855 4035
889 224
1158 1621
639 3709
2885 2604
4025 1728
1351 2758
3037 2025
4312 1451
1488 1158
2471 2125
4947 3702
4408 2688
978 215
584 2229
1406 321
2229 3333
4300 2851
4725 2325
2241 3322
4724 904
1932 4375
1248 3119
4520 712
468 2801
4680 4076
1755 4867
1878 6
4348 4988
146 3496
2096 746
4759 4824
2775 3800
306 3570
4397 812
2923 1480
3183 3829
2609 1272
807 231
1195 2587
3445 2885
4118 4824
937 1791
3056 4764
4118 1845
2837 1231
1840 621
308 4111
2442 2567
2781 1795
499 634
3031 4537
127 2584
622 3049
4044 1645
3465 515
3163 3772
4698 2074
2414 4144
2355 1342
37 4831
768 4814
1628 515
108 4794
4254 14
379 1146
584 3481
284 441
2616 1816
2594 1690
1139 2079
4345 2982
1666 416
4074 113
3906 3513
544 3008
2340 1579
4234 186
4084 3062
3201 2780
3573 1618
279 2707
2568 3766
296 1183
424 1703
3893 722
2918 1695
3507 3130
3877 260
1229 456
2821 262
2989 4548
1898 1746
4821 888
4175 1211
2875 3429
2221 3254
3614 3962
4294 3057
3583 3453
2735 4645
4543 3280
2847 4228
822 3813
2337 1272
3477 1471
3452 3174
3763 686
1235 4644
3871 1510
1753 2497
2382 3078
4304 834
4350 3866
2483 1569
4433 4526
4635 7
4460 1325
4998 260
2623 3545
4487 293
4384 4602
174 2857
670 1816
4644 1480
2825 4618
1572 3918
1875 2221
1859 3962
122 3727
94 267
3724 2598
4236 1103
1089 341
2954 592
3341 722
4301 1455
897 2007
3417 3487
3318 4817
4920 66
4083 1727
4481 1172
4848 2762
2722 687
4408 2825
1079 435
3205 951
3558 1130
3412 943
4731 2826
4559 2626
2977 2298
24 2299
346 4902
1541 2907
4854 1899
4614 4569
2546 232
1157 3449
1643 2617
2024 4311
1559 4122
1971 4342
3960 99
2838 2089
1658 16
1704 854
2380 4739
2367 1846
4378 699
2818 3629
4989 4809
324 3884
2313 2681
2548 4782
2677 2644
2113 4274
4834 4557
1106 3929
3642 1714
2041 166
3945 1977
4541 170
1649 2743
4464 4314
4567 873
1098 3478
106 2628
997 903
3588 4499
1092 3385
242 25
4556 3504
4162 4154
2324 2818
1758 3409
4456 4383
1355 641
1578 2958
2868 2872
4458 4470
3342 3417
188 4008
1183 3136
1344 1334
4095 4798
3112 4538
4808 3609
209 617
2833 3012
1754 3057
2806 2565
2723 1703
2862 3987
235 4226
2831 1925
329 192
143 4337
2145 1287
3097 3254
1493 86
3440 3816
3184 1838
2921 2377
339 4572
659 4633
996 2312
385 1010
4189 1387
1423 4697
2954 1210
2743 3063
356 3048
4655 101
2887 1862
1195 3826
1636 3475
4801 563
1151 2153
2827 651
4844 2473
3319 4379
4305 4150
3849 508
1390 4236
4578 4532
3712 1090
1729 2840
2728 2214
2873 4651
3812 2702
4760 2271
1004 3647
3856 370
2690 606
3802 1199
3334 935
1097 4385
2887 4538
1857 2100
2505 3201
673 3583
887 475
860 714
1287 98
1684 1371
1252 4125
450 2364
835 3312
1358 2883
3761 2322
4278 3208
2508 2439
2448 2028
523 1991
1030 397
4761 3407
611 2977
4186 518
2400 735
201 3492
3094 4387
4601 2970
3208 534
24 1780
4641 2074
4025 450
2285 579
1212 4750
2429 4768
875 4991
4012 1971
4960 1455
4497 3468
2263 300
3765 1592
775 2758
3090 802
145 627
3049 2561
2359 286
3491 2156
744 1649
2336 659
3781 3226
537 4717
1115 722
523 2922
4155 4543
2151 3563
4959 2699
262 3267
3400 3833
2532 1583
3334 178
4636 114
1217 4200
3596 3721
3205 3534
4039 361
976 1659
2879 2636
2395 3975
1839 4265
1024 4498
2512 1871
4947 801
3548 1957
3973 4806
2895 3639
4725 4271
475 3460
4658 4420
1549 3021
4575 4239
2059 4173
1162 3203
4581 1392
2376 4486
1441 1276
3470 3338
1345 2072
1466 766
1535 4495
3172 4198
3528 2164
2908 3907
2950 110
446 4645
791 4837
4195 2680
4999 1927
3523 3496
4759 1490
4768 2903
3866 356
174 4468
4842 4451
2523 1993
4437 1396
27 1747
1012 2932
1307 4607
1559 2570
3983 3074
942 751
3446 997
2975 79
2125 3649
134 1339
4818 391
2432 3320
3086 560
204 4353
3437 4999
415 1914
4617 2641
4842 4977
3071 3706
682 2253
4999 977
3352 4866
909 4789
1565 1427
3515 2519
2232 4573
3886 3961
3789 1222
2484 2424
2119 1203
508 4678
716 4402
2424 2956
2573 2248
3940 3413
114 690
1232 2148
212 883
3256 2236
442 1267
836 3206
123 3490
2122 3945
1184 4709
3406 217
4108 4046
3398 3188
2959 746
1022 2979
1302 4341
3655 3829
2454 3146
2453 3407
3879 1366
3259 1377
2236 2232
1073 1686
4954 970
3855 3157
2710 2926
1913 3756
3987 3514
2921 870
719 3262
1263 2867
4938 3259
4753 1611
4760 4392
3078 3040
4257 3407
1266 2345
4855 3247
3178 3604
1040 1789
4620 2702
1840 146
2824 4998
552 898
3182 1725
3938 4738
3665 2924
3689 3021
3137 1700
2716 2767
4833 2624
2816 1227
4220 1298
2488 3142
4119 1680
3034 1945
4093 1517
2908 3734
2104 1913
680 2356
2487 886
4514 3980
3785 4396
3974 2417
2696 822
1342 3367
1544 104
3996 793
3761 4172
3667 3990
3349 4045
2173 4294
2301 4276
1089 2201
2 2715
4200 3015
3083 3049
2882 3943
1232 1723
507 3071
256 673
4529 1521
1592 4846
29 3667
3300 460
299 2718
1113 1077
2963 84
511 4430
704 389
3114 8
3589 4143
2196 4386
2702 4094
59 3000
2024 2474
2835 889
786 2142
1426 3369
1069 4941
715 599
4365 2729
3338 3337
1782 1014
3199 4378
3153 1867
4092 3174
4708 3420
2787 3353
2607 3620
815 985
1051 3539
1856 1605
3183 204
3234 2958
995 4906
1658 4312
4772 701
823 4007
3247 785
1320 1316
2822 4712
3482 4190
2982 2136
1835 437
3974 1717
1811 4801
4940 164
2173 4937
1931 1783
2286 1680
1168 1541
4115 4812
4171 3444
3356 221
573 934
1309 924
4773 4359
395 859
3404 451
1847 1000
2875 114
2536 251
4975 2963
2743 3962
604 4530
1059 1168
3556 3144
2968 738
1407 284
603 1690
4850 4549
2621 3164
1391 817
3596 1053
1670 2814
4989 4204
3697 2671
4166 1581
4629 1202
3368 3102
1385 4731
1438 3045
2832 31
3836 3734
4160 2109
1964 316
1001 4255
3486 249
3050 4859
2370 4052
4038 3325
1001 2841
961 4298
3764 3711
4366 2424
3623 3070
4256 3996
2303 910
4891 2668
4864 3463
3814 3254
3950 2854
1655 4186
3743 351
2610 1266
1744 3343
3484 4803
2875 1262
1254 1992
565 619
1507 106
2128 260
4779 3366
2134 4655
1019 4908
406 2711
2854 383
4655 4630
2378 1049
1355 4421
3073 552
3198 3845
1917 1230
2642 2082
1749 4222
3191 2981
1904 4675
4602 2377
1196 3999
2612 3114
3772 1774
415 1291
4609 1288
2010 4361
2676 3227
3349 2284
1369 2252
1470 1316
2009 3041
1665 972
2661 3854
4558 2293
3572 1185
4129 2085
2962 2532
1397 338
2715 2264
3048 1371
4380 1508
4842 2562
366 2064
4762 2328
2599 3759
3069 1477
3673 2192
1376 2522
1947 3187
3573 313
1984 1775
3863 3236
4489 1044
3082 1649
1693 1621
3567 1167
3015 4673
4670 1817
3800 1231
31 4141
694 4961
3347 36
3314 2109
4603 4736
235 3696
1077 2032
2698 541
2698 3801
713 1556
4490 1069
442 4716
2160 124
190 785
912 659
3105 2428
2091 1387
621 3289
3844 671
536 3541
4060 4623
454 3130
1745 3407
1989 2123
479 2608
4613 1556
4504 3376
4084 440
2109 3175
3815 4873
4297 4875
4382 4027
1758 443
60 2090
1263 4822
1631 2529
882 4667
3855 183
2551 2678
664 120
2455 159
1205 1734
545 2424
3260 4050
2999 1810
107 4074
278 2775
2560 4104
4120 326
4254 2841
2760 1868
2176 930
3492 4691
2053 2668
2476 295
1485 4621
3253 820
2047 2175
2109 329
2581 2418
1026 4754
3394 830
3789 3106
1046 3032
2816 306
4434 1097
353 1533
3075 3763
3142 4227
927 2707
1907 3858
3202 4046
2743 1156
1536 517
3172 3114
4764 3922
1686 4083
535 1405
1852 3206
4134 918
1352 4511
2880 4541
4050 959
329 2055
1154 4604
565 4768
2004 24
2091 1481
1627 1487
4359 4001
2303 202
1243 1641
1974 3554
328 2958
2874 4273
2460 3203
2981 4587
721 643
2476 2398
568 1799
931 350
2609 945
4226 1979
4842 4206
2562 112
3979 4436
183 3431
4783 1387
1928 2466
972 2475
1768 2760
3269 4349
4571 3181
4957 4388
927 2336
845 2806
2440 4615
78 510
3234 4823
2476 560
2876 2620
3521 1477
1962 1864
1159 3918
3817 703
859 39
1011 2932
1914 1965
3418 3075
1423 780
2257 2434
3390 97
2126 394
2889 862
2032 2673
3195 1895
1841 4632
2173 1993
3443 2246
1024 233
1209 722
1246 2230
2104 1506
3567 2004
4325 1700
3580 4439
4627 4222
3961 857
3968 1862
4688 2137
237 3280
3548 2597
3940 3438
2316 1566
1693 1556
813 3810
4579 199
3729 4809
4095 2826
56 3340
1484 225
4667 2851
2540 3061
731 4317
3532 2268
3727 4283
3172 1862
749 4308
3908 1997
284 2372
3627 4633
2116 3781
2306 3627
4811 1833
2239 2081
3291 1803
2886 2591
1462 2185
1222 4412
3219 4104
4272 584
1027 4222
4112 2670
532 156
1908 518
2574 129
4212 1565
3779 3769
3391 2757
140 2426
2604 1063
1633 4740
4768 3470
1535 430
2660 4531
3091 1976
2647 2769
4498 4600
4695 3973
2843 4756
1127 2032
124 4548
2310 1686
3019 3086
2801 4487
3799 3892
3720 3774
1680 4627
366 4779
3549 1251
2212 3709
3389 1611
3251 1217
1911 2958
3945 3288
1825 4115
315 4407
475 4553
2809 150
2347 4187
2677 324
92 4327
578 823
4646 518
2010 4863
1827 1078
4465 2415
2169 1178
2303 4377
800 4858
3111 562
1120 1802
3239 1577
4183 2527
4284 3368
305 2134
2969 3949
2295 4215
2602 3797
1474 1938
4075 1145
4387 2056
1437 3305
2394 2522
4862 119
1522 3213
128 676
1593 4838
4860 986
3660 40
3142 2448
867 2307
4075 4263
226 447
1950 1628
1679 805
3014 4223
4765 3896
4236 918
4701 4560
1874 188
776 235
2284 3365
2878 2444
4232 677
4675 1581
632 4033
2584 1086
414 468
106 708
4718 3486
4020 4594
4518 4977
798 3151
2177 4515
2764 4613
1715 4427
4552 3633
4205 452
2742 509
809 4620
1899 1570
54 1136
4214 2267
4207 3344
3937 1245
1430 2680
629 4467
1409 3842
4997 4011
2494 2634
2550 4317
4439 876
190 2027
4173 4198
4591 3905
1173 1584
2652 4270
2467 1798
2466 2499
105 3192
2855 3080
1908 2317
4341 1598
4412 4956
3680 1923
895 2503
4840 646
2315 4320
821 46
1367 4620
2752 184
496 3659
4845 4528
2989 2676
3141 1697
3414 1040
3412 1827
3778 3445
1073 48
4470 1273
3052 216
721 1013
1606 203
2993 2046
1121 2282
1553 2815
1737 4949
4492 1152
2985 4335
670 3234
1107 753
4568 510
1077 4121
4043 2470
378 4773
3125 1456
3579 2191
1686 3580
1462 271
4260 1873
3975 112
3140 1314
668 4538
3573 3687
1149 4668
2574 2545
4402 4432
2505 3193
3426 574
1487 4151
1094 1847
3166 1732
1048 4875
809 2414
776 2738
1372 2634
1664 3680
968 2537
4206 4410
1868 1290
1735 2171
4596 2310
1242 3308
2902 117
2761 1075
1229 2535
3889 3697
164 913
4175 1389
1676 1246
1631 378
2447 1029
3693 765
4300 861
1573 3184
249 2384
3009 4508
3615 590
4637 3550
1472 3797
687 1944
1901 4464
618 4572
4146 4819
99 2842
2009 1068
803 3017
2931 2615
3657 800
4710 3013
4060 4468
2367 1345
3297 420
545 3496
2951 1406
1622 1927
1791 4069
2097 4660
2917 4496
2786 589
2813 4419
2728 2085
2901 2745
3603 3460
3394 2272
1889 1416
3634 4909
3433 461
1136 2037
2892 2420
4969 4438
1636 445
1312 3905
767 3893
4205 4953
3594 4826
94 3889
2502 3533
2631 3045
1339 916
343 821
4118 1384
4730 1699
4253 3026
3188 1026
4456 164
1343 3876
735 703
2675 4379
1183 333
686 3934
3746 4611
1020 1122
4553 822
4440 4822
3147 2893
4619 2712
4994 4867
1607 1248
2919 2937
2485 3115
3439 162
1828 4704
4290 313
1445 3495
1792 3594
2723 2256
4786 2188
2023 2461
3131 1687
2557 2127
794 4468
127 1237
1704 4693
424 2707
3330 2910
1339 3606
3734 4958
213 2677
253 1701
1750 994
2974 1956
25 2730
1546 2105
1141 4540
618 2058
1896 4772
1684 17
4934 4984
4260 403
4578 4321
1252 1388
573 3245
4806 1283
1060 4251
3489 3623
4797 2121
2466 2750
2299 1796
1047 3229
2391 1472
2802 466
2390 1172
20 1579
4254 400
1527 3340
3296 4498
366 2055
82 955
3416 3759
276 2225
3573 3483
1957 4119
419 1724
4298 587
2770 2732
243 2113
2392 1669
2897 4000
4545 1350
3188 3418
583 45
3545 2925
1453 3571
2624 4755
158 2427
1824 4840
1905 1461
3719 2273
4090 3726
88 4849
4574 3841
3763 1743
3103 3168
3381 181
225 1212
504 4723
1720 582
3599 4809
468 3723
684 3053
2074 1837
2624 2005
2649 1037
847 3310
3755 2964
3865 4853
735 267
4250 75
1021 3394
2746 733
4993 2243
1163 2631
415 189
555 2914
1347 1420
3233 522
791 3789
586 4052
4829 4397
1931 3856
1333 3384
278 3718
2277 2500
2939 1253
3138 4777
3137 4633
555 2405
3251 3752
2297 1579
2947 1713
4472 409
1636 297
2915 2382
1870 4530
4617 298
3021 3640
3020 2907
1680 4547
2569 2175
2830 3150
3075 4369
3010 2148
893 482
4035 2947
3398 3932
4794 2593
3813 118
3365 259
2837 1347
827 3257
4630 2470
4804 104
2196 4503
1937 791
647 4564
3298 2748
3190 10
2549 4273
2887 4877
1886 3678
4615 359
3414 923
4881 4422
455 761
1301 223
2290 2570
1366 4164
1969 1077
3947 108
811 3618
2994 2491
2270 2820
216 4585
4793 1197
228 3903
4686 557
989 2225
2248 2279
1392 1411
4236 1699
715 4717
3710 1363
1828 2012
2255 3300
1246 2329
3475 1093
4200 594
4894 1752
1566 2680
2550 4387
43 4674
1717 4651
4731 2441
3202 984
649 2798
3495 3675
4636 599
435 1384
3988 424
474 4665
995 3091
646 1985
1885 1183
4965 4994
2498 3947
153 2142
2669 4268
1548 2317
4603 527
2910 514
736 3284
2266 2341
1354 866
3176 1736
4087 4315
1031 2628
1198 4609
1513 1197
4899 1505
3035 3040
1678 4515
4421 895
989 4928
2280 4729
639 1289
1294 1619
1027 4812
2238 4273
3081 456
2137 2892
2732 1100
375 537
3721 682
1805 2910
2425 908
4619 394
1381 974
1346 3657
317 4451
3458 2956
1088 1847
1670 1019
75 649
3721 1070
3466 4734
1603 83
2056 2856
3030 951
1634 2741
4495 4697
4320 4503
343 4762
106 4526
3281 2486
346 2727
471 2064
2702 2269
3331 3843
1927 923
723 2454
1248 3671
2510 592
1222 1569
2535 4278
1441 4291
4366 4100
4819 3541
996 784
1494 2434
3554 3761
1270 3102
3987 1444
2903 3581
4469 1979
1021 1048
1039 1716
4009 754
2869 2265
3756 4470
4726 458
207 640
270 229
3664 2889
1167 4782
3258 2617
3124 3353
681 1165
188 2588
2843 2190
4901 3996
3342 4529
4051 5
3394 2022
936 2645
766 121
2266 3574
4126 1292
4838 17
4211 772
894 418
3318 2486
946 4259
4599 2993
2897 723
1514 2259
4923 260
3004 2382
3492 2506
4665 4767
618 1387
1830 3759
1710 876
1697 3899
122 3305
3994 131
2411 4740
304 3713
19 1682
3638 2271
4958 1871
4117 910
2199 2328
3901 78
1294 1059
4200 457
3114 2964
383 890
4112 4675
3004 4206
2437 2455
2191 3900
810 619
4965 958
1889 1935
1288 4411
2372 3005
4642 2348
3958 3779
1898 1555
2830 544
1673 1419
4086 611
2082 211
1939 2405
4640 4344
11 1556
4089 2986
2995 596
3828 2433
3889 4104
74 568
1823 4947
914 4642
3120 3360
3883 4350
4501 413
3925 4794
1538 3995
579 3895
3802 1498
4574 1301
1098 2664
575 3859
246 859
117 3006
2438 837
4484 2775
1408 1582
4360 4469
1638 3734
471 1186
2480 666
414 2669
615 246
2734 1680
1407 1757
4964 3562
1956 72
1762 4665
501 3136
3214 4989
2935 3247
4992 4585
663 1800
3695 2447
3574 2129
2128 3972
4274 1055
1182 2570
4534 512
140 191
1134 3572
2644 20
1384 1283
4444 961
1370 4898
4513 4579
3892 2700
3646 4984
3034 3143
3981 3139
359 4435
2592 1620
4392 4403
3979 1843
2584 2478
4843 4618
664 877
1530 515
2637 1113
2146 4285
2060 1927
1082 3038
2743 3873
1473 3011
1396 286
3357 1130
4926 810
4379 4799
1043 282
4981 4680
2135 620
3329 3756
457 1235
3309 3600
3147 3128
719 4087
3814 383
1093 3280
35 4463
26 89
4070 4773
3416 3276
2662 3833
2999 2897
1291 4282
3460 195
2708 770
1335 1488
279 1638
3598 3405
4686 3847
3088 2074
2647 769
3799 2066
2506 4414
4246 4922
3908 1157
4413 3594
2644 521
3959 1796
2715 573
2587 1397
3033 3152
4078 3432
1388 1502
3995 402
3064 3746
1560 3117
4785 374
4940 3119
4555 4747
249 1297
161 4851
1787 3054
4475 322
4371 4800
2120 1175
3505 1948
122 50
3579 3495
3709 1820
3199 4737
2736 1935
99 3239
124 380
2785 4936
4296 1861
2175 1934
3335 1589
4317 433
4809 3621
4300 140
1224 4287
2231 1104
2314 3430
4158 3387
4618 3378
489 1470
672 2602
1689 626
317 3033
3696 761
4530 269
2503 1009
1337 4497
1093 1349
1225 1714
1878 4709
4385 956
3664 1184
2711 2072
1172 4913
174 3552
4706 239
1880 2148
2716 97
4132 3278
3157 117
2044 4860
4301 451
1065 1723
4984 1532
1459 337
4952 4533
4439 1110
4845 1712
1468 3655
334 3777
3415 229
2551 3554
4689 1855
2984 4940
3076 2384
3715 3217
4506 3301
53 2901
4526 1928
4982 890
4056 395
4425 2935
3419 4788
4452 2739
3188 4945
3107 3984
971 2011
1076 4709
1375 2763
3383 1454
2812 4831
2573 163
4197 4430
3255 649
4351 1634
2305 2567
2076 2340
3292 4539
3816 2870
4945 3956
3436 962
3181 1070
2946 3931
4167 572
2713 819
1481 4067
2410 2885
2055 1718
3445 3585
3978 4569
840 2080
3876 2829
2620 371
974 267
3227 3005
1238 2716
2443 2462
2720 1146
3508 1246
4788 4211
2366 48
1665 386
57 3596
2214 3569
3255 4812
259 801
1951 1080
683 4148
2150 1946
3715 3154
1450 1877
433 2478
1294 3373
2831 715
4993 1493
2861 767
4597 1991
2814 4318
2933 4403
4248 4851
1459 1907
4541 1524
806 1491
3179 1286
2240 2026
4548 2463
3936 4664
1682 3739
570 2743
2485 2831
2974 1659
2310 4359
1608 2728
472 4559
2640 2415
2037 2661
268 2735
3995 3378
2953 2434
3547 974
52 2483
4525 3379
2551 1763
3556 4085
2399 4450
4460 1511
1246 3802
1934 3993
264 1448
4506 1849
2588 4085
1431 2291
1291 3256
3798 4995
2985 3983
1210 4750
316 2072
3939 2867
2100 2880
783 183
3642 1111
218 2343
4301 403
2825 3665
3880 110
978 4976
2824 1565
2360 1019
3262 1621
4726 4806
1026 614
1576 4313
243 1394
1127 1741
3239 1220
3266 3128
1217 4757
2614 4350
3919 2174
520 2803
686 2155
1652 2810
4919 2059
3257 3497
4752 819
240 3128
646 4267
182 2184
1271 4108
1848 4556
2150 999
4227 3105
1531 1295
4612 3638
3418 2454
754 1442
2281 3890
2042 3735
1444 1701
441 4569
2028 4187
403 2300
1199 3920
116 3256
1535 4528
3059 3517
45 4480
4091 4139
564 4639
2988 623
2534 784
1258 523
2863 344
3921 4267
1491 1377
2664 2154
2209 3606
890 4344
606 3494
1492 1816
368 1583
2565 4300
3539 4069
2557 1251
2490 4884
464 4695
3598 3599
4858 4691
4339 4010
3276 3074
852 1970
4243 3869
1928 3760
4553 3674
1424 1111
2223 2723
3477 3838
2345 2460
3720 2621
2434 101
2563 388
166 1873
1709 3250
3262 481
3572 2181
4778 1121
3934 4625
1925 3815
181 825
4983 2220
179 1158
573 12
321 1986
557 1521
802 1374
3269 816
2927 1313
2924 1530
4573 4205
4034 1126
2047 4519
51 3792
1717 4586
1024 375
1134 143
909 1360
4343 4033
2894 4196
1319 2849
1065 1237
1666 3997
2708 1726
2699 2038
4156 3718
1412 2162
1088 210
3312 4358
3996 3714
155 125
845 564
2009 4041
719 4918
4949 3130
2849 1254
2966 3045
2452 4166
3547 16
4812 843
1175 1893
177 2838
859 1153
3650 4071
791 2285
386 4083
4956 4950
3025 2931
3159 1357
652 3235
1530 4652
1570 1181
2849 4755
3283 3761
4066 2915
3059 4870
1781 3045
2908 990
841 1779
4320 1151
419 4331
2833 791
2363 126
4291 2304
3081 615
3094 3196
2731 3287
1594 1659
3729 793
2942 4920
13 3380
2806 434
4262 1493
4697 1926
3776 3987
4068 3666
3263 3967
1039 1351
2971 2443
207 2387
353 1975
3304 4914
4910 4531
2430 807
1895 1769
2845 776
4133 2858
1097 11
3006 3091
4565 2575
1797 271
2248 1524
4565 2802
156 2939
4386 986
4259 4645
2252 4570
1456 1876
3699 2512
3410 2716
2554 4101
2790 3022
2145 1003
4481 2012
2081 4537
4867 1885
1260 3852
4928 1902
1419 3252
2152 4564
1570 4103
1460 3551
1910 1803
590 1562
3513 3044
3218 4920
1888 4453
2761 1878
4490 2190
3703 2928
3342 3284
3379 1297
1468 2728
4563 2446
4842 2362
3753 50
1469 1537
4924 4747
4713 3554
4710 1959
1401 4691
1399 2158
3295 167
2468 79
904 4443
4613 2433
3476 1491
4212 3593
872 4279
0 717
1455 4304
3755 4946
4946 869
3284 4480
2607 1651
586 1138
1485 3678
2965 4781
4618 3180
4662 4947
2284 2627
1970 4216
3962 2604
4095 563
1835 2975
1151 4019
1187 3722
631 438
1005 425
2010 2736
2225 4306
232 163
1924 3020
31 1725
4233 783
2691 3101
1371 1263
636 1781
2474 2426
2405 689
1787 2786
2128 314
3093 4866
3645 1078
4809 2626
3847 4265
2978 988
2571 4479
1781 246
2757 1575
1198 2821
1684 994
1329 3452
3317 3189
3950 4820
3106 1408
3566 498
3048 4390
4118 3051
241 2036
101 1967
4869 2094
3530 143
3098 1143
3984 4653
3653 4831
3160 2471
4610 1086
1656 4629
4980 4985
4968 94
3122 448
2128 3574
4624 1799
749 3420
1698 4910
1130 4117
3659 999
1773 3259
202 651
359 1617
3656 678
601 1889
3224 4761
1757 288
3985 2847
1903 4797
2394 1568
2925 3347
1285 4015
4818 3625
1272 1006
4489 4333
3211 2984
4218 4681
3256 190
475 2927
2629 4070
4611 421
1896 1969
4292 3488
272 1665
3943 1833
488 1047
4569 231
521 4268
1264 4450
3865 329
3222 2399
4801 200
1162 3473
574 1818
609 1899
3027 949
249 3005
1176 4587
2822 2168
4325 1475
3459 609
347 4771
3600 1588
2923 2029
4876 4643
3062 705
4930 201
2468 2000
2014 2033
611 2477
2377 4069
4374 4649
2642 2125
339 2973
4103 130
4042 1746
651 4179
2879 980
4330 3727
2742 1223
2776 2766
2475 2446
3876 1859
936 1526
744 3915
3748 3227
53 590
699 1231
4824 2620
1224 398
3542 401
4257 425
831 2710
2263 1412
3956 2642
3780 1593
4316 3707
4514 1770
3758 3300
1728 2525
2369 2288
4212 721
3461 3666
3097 4503
3044 4096
2864 4829
2093 4383
4823 3200
3432 3928
2655 2172
4985 3188
45 2787
1629 3558
1464 1848
295 1653
4101 2257
905 652
1567 408
2691 1579
956 1407
2709 2695
1841 4980
1758 710
4661 568
12 2814
119 3158
2724 1019
3866 4362
966 2667
4777 4947
2378 3182
4032 4786
2248 673
3857 1622
3180 844
1103 4532
4152 673
4593 317
1437 566
2324 138
570 3091
3718 2769
532 69
1309 1826
3446 4089
1580 3620
1117 1769
1587 394
2538 1394
2023 1873
4746 4816
4560 4393
4889 2935
4288 4692
4624 4554
955 1959
16 2528
3781 1185
4225 2935
1744 3221
1539 3319
1980 2947
4284 3019
760 2702
1764 2839
3347 2802
696 3882
3990 4691
4552 1877
1146 3605
4719 2565
4599 4629
18 1490
4988 3813
675 1118
1832 1271
3589 4
507 1197
1764 1904
2401 1597
2813 3905
3870 2888
2392 3132
2174 2911
2381 821
753 1493
1098 4968
1609 1978
1972 1016
3681 4755
2716 2733
3518 564
4473 1644
4290 1046
721 1678
3936 3614
1974 4925
4862 2296
3424 4776
3186 4584
1663 4755
2336 887
1009 2188
4758 3007
3297 3515
144 4222
3400 3877
3510 78
2424 4922
3944 974
4274 1861
864 136
2072 3909
4282 118
4078 4332
3696 2453
23 3834
4146 468
4351 3304
1250 55
2648 3928
3231 4743
2555 1291
691 4524
2843 2255
1436 3460
1464 396
1553 2669
1707 1352
3033 3352
919 4480
2611 4433
4070 1669
4550 3789
1316 3758
776 4347
3369 582
1839 367
1619 4217
2777 735
280 2221
3841 1735
1517 2251
657 2450
3292 3517
2594 2460
1433 3875
3136 2370
4069 1063
191 1834
3704 3242
2385 2840
2020 794
1320 4464
1482 60
1963 2668
4288 2454
2666 3347
4293 2680
785 4212
1807 3657
772 3207
1278 4962
3870 1445
4638 673
1427 285
3089 147
1853 2400
2507 1985
3548 687
4592 417
3020 1407
1908 2838
44 4126
768 127
2028 935
2108 2432
3834 3442
1606 1790
2223 828
4053 4917
2609 4552
728 1302
639 4769
3240 356
3047 4586
1120 2732
212 2874
3005 2556
3512 1997
104 2032
876 693
850 4195
1336 932
645 2905
2164 1211
2935 2311
2680 1121
1600 2913
3739 1065
3136 3914
1993 976
1053 1850
1528 1833
4758 1723
3744 516
1457 1517
973 4535
1645 4940
1320 4544
4712 1254
3874 2968
1910 1874
1270 4104
4134 3729
386 3049
4152 3163
2140 3198
3083 349
4791 1382
3529 1352
4336 1982
1382 2482
4060 4257
4479 1229
28 3579
4148 2114
2631 501
4638 4296
1217 1115
3397 4069
1258 2756
1193 1619
993 2671
1646 1660
2547 75
2477 4765
3935 2455
1564 1440
2249 3178
3380 3622
3853 1016
1140 61
2023 1189
2784 1806
3869 4440
2194 78
4099 3459
2644 3911
3919 2973
1604 530
3422 4896
254 3294
1776 3647
1813 4606
1815 4580
3824 1690
4571 1417
1353 433
2565 534
4532 1083
3225 4650
3712 3519
3338 2812
3907 3392
997 4830
3692 4866
3963 865
2665 3899
3999 479
4820 646
1597 1486
137 1341
4798 854
2909 4630
4934 2772
3332 3373
790 1097
3275 4061
2465 2860
3577 1380
1312 886
4071 4388
4169 2833
1140 2694
3970 2681
4269 1276
1847 574
3579 323
2849 3699
4731 4956
4574 4615
3066 1282
3208 3938
313 892
4389 1257
3624 3737
4271 3660
4061 466
1354 4515
1325 4130
2131 4733
3687 3901
1537 1075
953 2321
3707 1978
4953 295
1690 1691
593 3054
3287 575
966 4000
2124 3664
1933 3029
4992 3848
3905 4462
1661 1879
4283 1383
862 4117
2374 4581
4930 2078
3682 4437
743 2439
2781 488
4074 3522
159 3040
2106 517
2782 1678
4693 749
4499 3559
1067 2307
3558 4158
1902 3407
2865 4935
1785 696
3031 4495
1572 4528
88 1222
584 1244
1838 283
4964 247
4593 570
601 2652
4569 4759
2780 524
3448 2393
814 4941
823 3340
3582 466
3815 975
1401 4850
2583 2797
1434 3863
1140 4772
2930 2138
4052 3504
2359 3712
4950 105
2780 2604
3760 2003
4604 2131
410 4882
209 1145
642 1839
1946 2778
3556 1994
3361 426
1040 624
4023 2160
3879 3171
3410 554
2470 292
1771 1760
2987 4453
2153 1685
3785 2305
3388 3196
662 2772
4029 285
1276 1635
144 2422
1036 3033
3520 366
3084 2816
4558 3391
87 3285
984 3486
2519 3046
4704 1777
2753 3147
2171 3692
2139 30
605 4070
3618 2914
4677 857
4473 1808
4779 4697
671 4218
1134 4167
263 50
1008 2948
4081 4000
333 4790
3941 538
4514 3949
4143 390
2379 1792
123 4642
1826 1465
3675 1723
4823 693
4717 1062
2957 1973
3285 1736
2105 802
1589 1685
353 3301
2618 872
679 3513
4625 2298
4185 4122
3856 441
3339 3878
1471 3172
1155 2098
4884 3541
4681 1559
2719 3806
1310 4697
1860 3844
922 2538
956 4526
2584 3990
1627 2060
2326 1679
1337 3135
4766 3583
3341 1540
4660 4364
381 2491
4310 1533
2239 4037
1134 2323
3776 2832
1395 1198
2786 1255
3962 755
3360 1196
760 3454
3042 873
423 3076
4788 4571
4413 169
1271 3944
3269 3797
320 4280
4128 2997
4909 1810
693 3471
2686 543
2409 1066
4485 4618
2482 4459
2910 314
1934 4635
2463 4704
4347 2488
4270 408
3391 3663
2288 3781
4121 4085
4073 34
718 3136
495 1400
1481 235
4901 1454
1207 3553
2726 2848
2686 4425
4180 3767
1592 1946
4686 817
2765 4994
4150 244
3938 2489
2993 2456
1043 3340
4360 2628
1912 1658
3107 2537
2375 1042
942 1875
3737 4560
2723 2384
3497 4901
4484 2485
2847 3544
2469 1479
2350 4523
556 4869
178 4112
934 2683
811 4946
3347 4761
4964 4144
1532 787
1784 1416
500 2809
4803 835
2748 2001
2203 2941
4492 1438
2561 3412
2896 4361
986 1473
4610 4144
534 4139
2816 3920
1622 2021
4621 3033
4883 4166
3858 3967
2090 1851
1885 1703
4521 3675
1623 4736
730 1808
2210 3613
3409 2883
180 1531
232 2238
2506 3304
1128 2785
1915 969
2794 818
1353 2715
2406 1990
814 4164
3730 4326
3739 3558
4611 1903
1805 478
2792 3996
337 1345
178 1492
3866 3255
2170 1424
3970 2392
2035 4501
1959 1499
835 2054
457 2581
3210 1226
1491 1027
434 3021
2582 3067
144 2959
2321 4453
4647 4311
1261 2309
1080 1132
4016 305
3668 1139
1375 4759
2613 3040
662 1884
3898 4815
137 2474
115 2107
929 4586
710 2137
288 1492
738 1976
2185 907
630 3189
1337 4209
1673 648
443 2411
4479 4708
4376 2174
3604 1972
1385 425
1278 1552
4619 4277
3081 342
4168 3144
3466 4710
4381 3939
2375 4310
106 4562
214 3843
2177 3980
2304 2778
3051 2969
3730 85
3718 4135
4853 2758
386 3942
4955 4457
99 1627
3167 3889
2923 1448
4194 1458
99 1983
3719 229
4073 3503
1799 2979
1552 25
1229 1014
3096 3973
4509 4543
446 94
4119 4589
306 586
648 0
2713 3495
1624 4783
2578 1252
3421 3153
493 3650
4173 4463
1631 2714
827 1149
4073 1047
4367 4579
1738 109
2428 3847
819 4151
2648 3402
3863 2744
398 4348
1634 3350
2866 1695
3676 1325
2235 3138
2695 2284
47 1935
3135 4034
4970 2614
44 1140
4590 3658
722 3558
1574 2154
2026 795
1568 3952
4852 1447
2720 1821
3490 2878
798 1043
3258 311
1143 1253
3096 2425
3152 4737
1598 2168
585 691
3278 4526
2256 3487
2295 1873
1509 4049
2512 3158
1115 2533
4391 2627
1681 707
4745 1723
4632 2776
1770 1737
27 4400
4643 2703
3858 2063
4117 4556
2623 1655
4220 2875
79 991
4708 4949
3550 3587
4317 3163
4206 548
1046 1724
4220 2454
3691 1686
4354 2285
614 3854
1320 1474
3227 4349
319 1697
4679 4117
3308 2365
1627 1617
3448 595
1629 1122
3475 3650
3722 1954
149 4838
1363 340
411 2353
1448 3714
919 1681
2668 1250
3273 2764
3585 1659
1360 3110
4394 4241
1366 4311
3266 3087
588 4785
1268 2764
3941 4557
1087 2509
386 4865
1476 4459
1028 2468
4431 339
4512 3383
1203 3331
91 3196
3312 1253
610 1059
4625 2881
205 4072
1211 4683
3438 8
3308 63
2057 1109
3708 1820
4032 4285
1270 1951
3466 4801
4524 4535
1618 4522
755 1220
4909 3504
4181 4345
3484 3015
4935 4496
1810 1944
4204 4807
2585 3128
3848 2531
4796 1505
3467 3727
4504 4041
2903 391
4614 2944
4161 2763
574 4729
4251 2302
2376 4066
1983 2058
3382 3771
4938 1512
2427 922
4590 1808
587 2121
703 4520
2250 4956
900 4766
943 319
3044 2128
2453 4127
406 2541
3329 396
3972 2667
3408 2519
3007 4238
3210 2848
3362 3963
4808 4174
4010 93
2155 591
4585 1096
2973 2049
1604 3639
4672 2608
4826 2661
4694 1801
478 2696
3485 2122
975 1347
4553 4709
1230 4951
3560 3762
889 2866
2535 2702
4183 4499
2138 2533
671 2728
3166 3101
1087 1718
177 4479
156 2230
1064 3765
507 3086
3964 1393
536 3474
2108 3852
3891 33
1230 4708
2451 195
2836 687
1984 2711
1151 2696
777 1545
897 1998
3666 516
1982 3666
4913 4146
3647 278
4451 1005
1014 3536
557 1493
3342 3669
688 949
4497 1718
2138 1342
3962 3508
2699 1570
543 2082
4865 3781
2722 2395
2312 4040
2456 4638
993 3545
1009 2431
1539 4875
998 2476
3100 887
1057 313
1800 3519
4404 1482
2347 3358
2135 3627
3224 4237
194 3145
2834 1088
118 2137
258 3714
388 3284
1381 17
4951 3772
876 2065
2340 236
3915 3795
3882 3297
4805 2990
3295 2436
1583 412
4404 524
4130 3422
3958 2917
2293 780
4629 3597
4615 61
2294 4103
485 3895
197 1014
1886 1052
3218 4474
376 4899
3617 2981
4973 3289
2167 2689
4860 3615
1920 738
3408 4017
4887 3008
1045 3805
894 567
1981 29
2790 1658
3182 3330
612 4345
2676 496
4227 3098
3265 118
4222 498
3979 3177
925 1159
1413 3830
2036 4477
1148 4941
2061 1678
3001 2772
1667 3164
2507 450
4235 4764
2067 4994
3020 3003
1897 1422
2710 4749
4596 1166
1463 2500
1937 3588
601 469
1376 4028
4185 1143
1388 2297
3927 2796
3960 4858
1958 496
2862 1716
4868 3106
4292 2805
1799 1137
3974 4718
1973 2778
1469 3630
4434 4987
1116 4615
4999 1850
4588 3700
1592 4959
2228 4953
1379 1330
4422 3490
723 4519
3163 3204
2574 955
1732 4557
1768 2433
747 3653
1024 2583
553 1565
4965 464
3338 1207
4167 3090
631 2651
2901 4845
4319 252
0 3686
4136 3436
795 4142
4711 2694
4304 3981
2571 1967
3788 4824
1364 2247
4950 3917
4932 4536
4844 721
1566 1750
3614 2072
1695 536
2370 283
1812 3262
22 4439
774 4070
2149 1896
332 1647
3811 4894
3146 4485
4500 1605
3349 2662
2337 3154
1305 2318
4237 1199
471 4222
4904 4511
2040 4748
2161 3701
1837 4633
4757 970
2640 112
4970 4305
4020 112
3007 872
4783 3184
1478 12
2715 2113
4455 4186
3176 3749
4769 686
3169 505
1582 2223
844 4935
2543 3630
759 4487
118 3598
2487 4954
3628 4397
1156 3551
3019 676
1344 691
2159 4878
4039 1810
2275 4552
3625 97
4981 4408
2786 680
1664 3029
4388 3344
4467 524
4704 848
4393 1032
384 2263
4763 891
636 1556
2805 1928
3175 1481
883 4280
3757 442
1732 1780
1883 3445
4947 2666
3382 2343
1111 914
4167 910
1719 3944
2999 3652
1322 3461
52 1458
803 2653
214 1064
4453 2322
3883 4851
2114 2641
4759 1109
3610 193
1690 770
709 3033
1271 2887
2598 150
2576 3926
1387 3744
2807 4687
458 1287
3743 1765
68 979
3351 457
3982 4310
1617 1043
1179 51
703 2228
468 388
3696 4003
1378 3951
206 4948
2797 4320
3029 4224
1169 1734
2014 1239
736 4278
1095 3062
4638 457
3361 4450
4585 1168
3698 902
1346 4301
4092 3693
278 1206
490 126
3694 2012
307 2140
980 2409
2670 1905
1805 2133
1336 388
4853 939
3983 3677
1815 4144
891 3221
3384 373
2373 2459
744 1896
1990 3102
875 1240
3123 1150
1780 3108
3603 321
2892 2226
924 1692
825 4008
1114 4008
3642 3396
392 505
4489 101
4175 1792
1681 4775
3248 4753
3167 492
717 2370
1082 1462
3562 2922
1631 4729
695 1508
3180 3274
1050 226
260 3856
2935 4340
2721 4954
4588 1609
3684 4575
1740 3369
931 1310
111 4089
4235 420
4233 1484
2386 61
2478 2673
394 3724
4988 3994
2914 2363
2049 869
3304 371
874 753
850 1182
2283 1676
1093 2688
2974 3559
4710 3239
4134 2924
3241 1458
2898 4514
1771 973
3893 2873
3376 4650
3961 3446
2876 4922
1382 3775
224 2589
3244 676
1658 2771
3558 2935
4061 599
1156 818
2749 4406
3465 2836
686 1391
4024 119
4590 428
4806 1149
2045 3321
1663 3156
3593 2577
834 1222
4546 4107
121 1679
3707 4466
3271 2199
889 397
1602 3076
1907 2752
2051 3781
4871 169
1288 3763
3271 1058
4347 2338
4533 462
693 418
3975 221
2742 514
3688 4280
1050 1329
2225 4519
536 4864
4729 3677
1386 3193
345 1737
3276 3787
2078 412
3261 4525
4225 3111
3610 46
2914 3831
855 3330
2549 2978
1006 3217
3476 3143
4435 4537
4661 3698
3414 2073
822 3569
3487 4427
2509 3510
3208 3251
495 1824
4097 483
1205 1146
3636 99
1319 1716
4656 1943
2065 2785
1730 759
2481 3801
1762 2176
1279 1759
3648 894
3256 4422
772 4902
4495 1258
1395 129
3780 1031
1679 4802
673 1272
1412 145
4138 2908
1696 2255
1604 114
2673 4406
3173 2799
2024 4262
3696 204
3322 4193
2673 314
1780 3871
1067 72
1801 3859
2688 1866
4060 46
2133 2828
3535 4838
4090 4142
760 1719
4823 4550
3098 1799
2919 2421
4881 1299
332 4449
1837 1800
4359 1469
3376 1963
2805 3135
578 1156
3436 1319
2469 4799
442 1438
1669 3826
3594 2240
1971 4366
1796 1534
362 3741
2033 2736
2915 1134
2769 4429
246 1576
4226 2347
4265 1302
2553 4315
1928 3892
3084 2343
4620 3912
3177 2225
1350 4105
1835 712
1543 4098
1683 1281
1122 1891
1550 3446
3063 3585
2651 3410
915 4362
3759 4323
3283 3754
3166 1880
1913 4267
1528 4754
4582 4408
3756 2400
1720 3871
79 4105
2573 221
4095 1152
4078 2295
3478 755
3782 4893
401 2488
398 1167
3578 447
2597 2679
110 3226
3174 772
2545 3414
3999 3757
1285 1023
3246 4090
1312 422
3283 3280
1943 4957
2860 771
4735 860
3242 153
2066 4962
4184 2988
4532 4767
4323 4658
116 647
3548 2128
4799 2875
1485 2852
1522 478
1589 2865
2629 4149
786 2159
640 668
1449 4129
3424 1910
2358 447
3155 262
3218 2800
1762 4867
4969 1257
3079 3228
3339 4338
2098 99
33 4680
2780 2026
4592 2794
4492 1047
144 285
1755 4794
4146 2624
1741 3202
4192 1127
1377 3307
3876 3048
2094 737
1101 309
1500 3201
3756 1064
4821 1371
2676 1804
4611 3262
2633 4169
1104 3738
1569 484
4249 1631
2564 3735
4537 3260
4192 1641
2992 513
851 2795
144 1200
4150 763
4299 32
2635 3081
3120 2410
707 634
1966 2822
357 1279
2039 2796
850 3202
3462 976
2988 1418
2328 2672
197 3444
3457 2875
1978 4605
749 2952
474 1686
4308 2595
904 2846
3183 4903
3840 4731
3055 4803
2683 3383
3183 4813
3086 49
347 4205
153 3890
2096 4940
3991 3513
2647 2029
1054 4376
2501 2113
1161 3544
4039 321
3271 2042
1208 988
150 1880
2198 2956
1857 4715
2018 3996
2047 3184
1655 1385
4198 3050
2969 2039
4716 1385
2715 4036
1597 2581
619 1839
1782 3075
1147 56
4477 975
3082 4278
1703 1277
2609 158
2872 2985
3136 764
4742 4414
3544 96
2981 1213
125 3093
3529 3312
286 1731
3103 3007
4470 4310
4520 1572
1582 4277
2277 1548
4442 3092
2038 2987
1304 3430
3218 4924
601 1469
3280 3082
2340 4802
3134 3611
3950 253
2371 3847
95 564
1445 3399
3917 3209
4047 4439
513 3639
1747 3451
2222 4920
74 3766
1974 4660
3038 1166
2662 4484
3151 2865
2875 4242
4529 876
1628 1590
2249 3690
2303 1524
4746 3454
3372 4505
4076 1690
1169 1351
2308 1055
2595 1103
591 3031
243 3091
3102 1928
3613 3866
4983 4911
2189 769
4425 4841
3556 4548
487 3282
1100 1023
378 3584
3563 2923
3200 4504
4034 1155
3505 788
2969 3133
3360 3177
2516 4600
4937 1731
2572 4091
3605 3077
3428 3300
1034 1198
1922 2979
464 4911
3278 4616
4554 3902
2727 646
4983 666
4414 4668
3256 3640
4389 712
1795 1152
3391 2669
4429 1036
4905 1740
2593 598
2297 2530
763 4251
4276 1085
3162 3706
3934 2280
4820 1678
4406 2821
2361 861
456 4181
4391 2945
4443 495
3211 4760
4794 2097
2314 721
23 2900
4739 2282
2130 3538
3598 4649
2132 2233
4467 222
3375 3303
660 4508
389 838
202 320
1152 3205
1188 4357
942 2826
645 319
4733 669
2051 796
4045 4221
3555 3995
1932 3288
3965 4954
4684 4806
4611 4827
2172 4686
1446 3994
713 619
45 3987
3032 4781
2271 2454
1609 3556
3015 1759
4885 61
3045 1231
3910 1472
472 2304
3070 2904
2874 3987
4936 2085
3628 1175
216 1860
2123 3511
334 1435
3221 2665
1855 4303
1448 280
2301 3188
2310 883
2307 1049
1889 4755
4150 2412
4988 330
885 1866
547 389
3838 4008
4091 3128
3875 3055
469 4778
1369 279
1121 4505
3831 307
1040 122
2724 1620
502 2122
3298 4840
2715 3110
3463 720
4664 4302
1199 3156
4667 1910
1126 271
4711 3269
3256 2979
1638 4543
2518 2032
4480 4488
4309 4546
4314 1586
2084 1314
1942 3949
1675 4466
4867 62
226 4559
924 1388
1198 2185
342 3235
1829 4095
1012 752
1404 2644
1676 974
1823 4290
2061 4778
1835 2003
4411 4220
285 971
1790 2772
4105 3523
4698 2032
7 3116
4305 3151
1940 2591
4290 3484
1706 3820
1099 4203
1243 2791
3129 2179
1190 2588
2172 2412
3789 1620
4718 575
4788 2575
4889 3357
171 1619
2789 1378
149 1842
1407 4190
2760 535
3626 2339
3442 1416
129 1673
92 3481
4433 943
1572 3230
3208 4226
3872 245
3890 4053
371 3863
538 411
4926 3638
501 4924
3261 440
3649 4220
1391 2198
1962 3948
3639 654
2509 1270
2383 195
4226 3885
4342 2258
3366 506
404 387
2538 1659
4616 4110
272 663
2726 769
4766 60
2413 3334
2833 3838
3730 2609
1980 2913
2489 285
1396 1483
4754 1666
1370 3143
551 1783
4672 1362
1136 1639
4461 3153
2400 3563
3495 2518
2592 3625
1736 4007
1474 1738
4753 1662
4490 1419
3669 2844
3835 4081
3360 4591
2518 4030
128 1125
4251 3549
298 277
3305 2623
2000 4068
3493 4393
2722 1052
1557 2673
3910 2078
1308 3313
2700 2039
2403 2298
2521 2023
532 4701
4902 3663
265 410
4304 23
1083 2367
3645 1845
3429 2375
2765 4779
4193 31
1673 1852
4714 439
305 3598
935 3039
2234 3408
126 3869
1616 1355
3270 2709
2694 584
240 4932
679 801
2305 2735
4522 2629
97 727
4356 262
7 801
490 1995
4943 2323
4547 2959
2218 1784
325 1539
1987 401
4518 3260
4469 307
4980 10
2275 3429
3322 2957
2420 3212
2461 2779
4713 1158
699 1802
34 3613
3146 643
2888 225
23 1075
1977 4403
3666 3212
1045 1642
4504 1169
3466 4371
4916 3765
1373 1761
2008 756
1016 2993
4345 4891
2939 1570
4600 2601
976 4365
49 4455
2271 4654
3014 689
3309 870
360 2272
825 2595
2576 1842
3418 947
4078 758
2125 3390
972 4264
3696 3629
4054 1356
977 1636
2415 3003
225 510
1714 4377
19 4138
2405 948
2638 2353
1175 757
1216 3996
597 746
3707 145
3327 2745
2531 1337
4011 674
3975 2716
1477 3561
1342 1190
2376 3273
968 1339
1328 4731
3462 1798
2912 3124
2413 1767
2449 3189
1275 4831
1273 2813
4434 2160
4334 4816
2962 1481
2010 4149
2116 2601
1786 4987
4816 4382
4343 2341
1310 2294
651 1725
4556 1674
3188 2036
2411 2130
3488 4541
3221 1090
3499 2297
2876 1470
3424 3991
3240 1195
3812 2713
37 3229
750 2258
3285 3189
1551 1850
2080 1997
2434 4957
784 3985
3048 576
3095 4390
3628 2537
1510 3005
3181 2378
3907 1088
1939 340
2765 4684
3866 4930
812 1846
3664 3634
3869 3295
3064 3794
4394 3790
3877 2233
2940 1410
2720 0
2997 3506
753 2089
3498 2850
1671 4366
3614 2125
458 3027
276 4457
4239 4098
2448 4215
3374 430
3968 1385
2460 4084
2861 2974
2852 3141
2088 3583
3869 463
1591 3720
1881 1640
4577 4269
3938 3516
4092 2774
3679 1136
2902 1120
491 1054
2375 2760
2832 2618
3642 1034
1440 2266
2707 1923
112 3638
2029 3905
2626 1747
4710 2398
1507 996
4072 1474
980 4480
3114 1425
1019 1410
4047 557
2436 7
4901 469
4056 469
661 1016
70 914
3532 1837
3709 1053
528 1742
1494 2513
1821 3226
2316 2449
929 4307
2058 982
344 270
3795 4460
4426 2633
973 3024
36 2539
577 4832
4163 209
1415 4822
2152 3502
2830 1042
3811 4843
545 646
2093 4530
3854 1557
1666 2034
4303 3671
1401 3324
841 3802
286 3862
4216 524
4736 445
732 2126
427 1796
330 2654
458 3925
3341 651
4277 3582
847 2024
4525 4194
2300 4708
40 1872
4967 4125
259 4634
1433 69
39 4994
1299 4919
4859 1070
925 964
1845 2727
2866 4843
4887 942
2358 4789
3729 3328
3225 4050
250 4329
2733 4585
2666 564
231 4655
3027 4909
736 4869
2804 2532
495 1097
4835 4889
1468 889
3310 2711
1066 809
487 2406
2403 522
4445 3951
1510 3725
3084 4064
519 852
115 805
1258 666
2544 4495
853 814
3502 2192
1007 2593
419 2099
3878 3477
3289 4233
2660 3482
2647 4733
4940 3253
2699 4006
4282 3107
3631 1191
2574 3220
1462 3389
4322 4826
4716 3738
3848 2596
4344 4306
3742 4480
2644 2668
4655 4176
2990 878
1921 1177
1838 2072
4804 4304
4927 4536
894 4947
4680 1535
3555 385
1961 235
2644 1706
1219 311
637 3631
3616 3667
1585 2848
1086 2334
1730 2786
1952 2415
44 1002
498 560
2207 662
4011 4790
2340 3611
4194 4683
4183 4180
4169 4178
1345 2249
4109 4390
684 3219
2403 1088
963 2377
1778 3796
280 4007
1839 1948
1534 3854
3828 4464
1689 3164
950 3873
2909 2866
3254 4017
4571 3611
4740 1302
3899 4269
3990 2799
97 3118
384 1662
1774 2693
1533 1148
4291 2380
2593 1515
140 1446
101 358
1867 83
770 3726
3014 557
2365 3312
3264 1883
3929 3694
3599 1522
299 2264
4097 2575
2561 93
918 1035
504 1148
1675 4398
2980 91
3195 2691
3064 2260
2857 814
964 2476
4251 146
895 3389
2619 255
1856 3998
2089 838
4799 2998
4529 296
3289 3646
1939 2512
1263 2346
4598 4553
3684 2683
2597 4410
4861 3898
1214 1434
4967 1911
671 2114
3579 4928
3703 1850
3696 3920
1816 1446
4265 1808
4212 2702
1866 1973
3311 2207
2803 3936
3962 98
455 2372
3389 1143
2836 1316
784 3342
2945 1701
4192 1955
2713 2938
4353 1275
1014 2882
1210 3461
2229 3227
2766 718
423 1783
2913 2430
1292 801
3480 3493
3694 1899
1997 4427
1780 3296
725 659
759 813
3858 3833
4857 4204
3168 4068
2639 4301
880 4446
4262 4245
3787 210
4958 4085
1705 741
800 2625
4396 1143
2120 4237
3281 4702
1397 3814
3243 1517
2042 259
3472 3705
882 3534
3064 1938
3326 1170
1198 3306
3760 496
319 347
2463 850
4169 1804
1077 3602
780 3213
2121 705
806 4152
104 1184
4483 1557
1415 3790
4970 2163
2645 2988
3278 2586
4287 1276
4402 4243
1646 2009
1553 2755
4626 75
4704 3787
1418 3332
896 2212
4853 4669
3479 253
3172 3413
1234 4153
3306 1451
462 6
2407 4748
2369 2642
1598 493
4590 439
1946 4725
4708 4276
2079 1541
2213 4727
4426 1631
4988 3180
4890 21
2269 4475
1873 4590
2807 3075
3774 2528
4348 265
576 2978
2997 2813
4072 2704
2392 4346
136 4875
2483 1772
4725 866
2735 1103
997 50
2253 210
4116 4408
1112 2630
3596 1901
2612 3416
1946 4399
967 970
1948 2065
2701 3655
2628 2729
770 1075
1277 283
717 2774
241 4888
2500 845
2195 4949
659 1614
1324 2317
4713 123
933 1479
2153 2799
283 2392
3499 2247
4072 2457
4423 55
771 3517
3729 1500
2378 3161
4605 4898
4249 36
3857 1919
2496 2625
491 3456
1596 946
3392 388
2458 4463
4827 1667
4543 3830
4899 3033
1504 175
721 3094
3690 3043
4740 4183
2674 2980
3545 1643
1159 2312
2991 1816
3566 2557
352 2481
960 430
847 1619
698 1782
1186 227
1780 1249
4706 2793
2907 1418
4697 3779
4489 2550
3802 259
3373 1941
577 2921
2909 2540
4795 3306
4197 3501
3320 519
190 1520
1653 162
3984 4635
1912 1208
3192 3732
3931 1449
2348 2185
60 1444
1608 1377
4626 2961
2522 4325
4787 3921
3635 244
2023 205
1203 2259
1105 2211
4912 1632
2855 4582
2627 4859
1038 4917
3329 1274
276 3399
1968 1971
1401 1333
2413 2278
4742 1752
1697 2106
4156 3234
2394 553
3592 1967
1004 433
1032 243
1444 2431
373 2136
3229 2042
3370 3394
1598 3562
188 1951
1475 1993
1240 4848
1133 2665
3224 907
780 2597
737 4642
1197 2088
1279 1869
785 2143
909 4951
2729 476
217 1292
2812 1392
681 1740
4557 4647
765 1993
1341 3117
46 867
3378 470
1766 2306
3098 3798
585 3075
1552 4622
2721 4927
4618 3812
4043 4047
4956 2687
4403 1707
2443 89
2993 508
2868 3193
2489 1006
92 2848
3344 1772
2634 3713
3030 2086
580 49
468 1077
1042 2559
4160 43
305 3497
2975 4698
3075 1351
2961 50
1291 2217
2274 452
1033 3071
573 2246
906 2463
1870 2449
4349 2925
2026 4839
4031 713
2007 2257
4862 3236
2465 4271
2952 2975
949 1447
4337 2274
3911 4757
2831 474
2113 3229
4399 3103
2426 3404
231 4188
2574 2036
4947 2829
581 4600
258 2309
2248 2551
2737 4604
1982 3984
1496 4746
561 3147
3877 626
2990 935
3444 888
4373 475
4886 27
1326 3103
1252 2244
1081 1066
965 194
150 2135
3149 4178
3162 4902
2524 3384
764 2468
4230 1336
4743 1251
113 2615
3189 2794
3042 4222
3491 3540
342 4260
3441 1136
2421 4952
1593 4157
3275 2092
1172 3802
4585 872
4385 1040
819 3261
1855 62
3476 1977
3510 3350
2207 2417
375 3451
2857 2170
3770 2548
1452 3625
519 234
740 2334
3376 3410
1156 2106
4 2916
4393 4230
3109 2921
1264 4621
1910 2158
3943 1763
939 593
2877 2907
540 4755
3662 4496
653 745
1539 2268
198 4503
1559 3537
532 3355
1878 4289
789 233
1614 4400
1754 3958
1321 2789
3828 2073
4902 3241
727 3356
4315 506
4440 3009
3027 2829
3139 1710
1724 3991
1410 114
2231 4210
3626 2540
4857 1692
656 4344
2820 4965
4757 1149
3449 496
2516 3735
2037 4094
4678 2392
1370 3192
1962 1352
2225 4227
3158 178
80 4209
1889 3014
2131 724
3236 260
4531 1885
1047 3316
1587 3266
1518 930
61 2689
1098 2816
4338 3524
1938 1227
4976 4866
730 947
1050 1839
32 2631
4465 2586
1971 1101
4344 3946
1217 3117
209 679
3506 604
2718 3053
3280 1566
4033 2561
2828 874
2950 3104
2463 4105
1698 1748
4857 2813
1562 4530
2119 803
3859 2823
3395 18
1392 718
2169 4741
2152 2031
2240 2830
3873 3142
1938 4209
4482 355
1342 3169
357 2933
2129 3286
1613 1027
86 4216
1545 3146
4508 4718
1361 1758
811 969
2730 4903
2819 4136
3014 2006
545 4649
409 2286
1422 632
4891 1507
1109 3908
4794 2049
1766 4288
4159 3738
1726 2395
3581 2600
2420 2863
2104 4522
3837 1349
943 4518
738 445
817 1516
3004 54
1433 2207
2305 4588
3104 1704
1844 1721
2003 386
707 3857
3523 2572
3067 2321
2314 3353
114 405
4589 3242
7 1639
4044 2243
2285 4276
741 3233
4377 4801
2370 2749
599 126
4119 1232
4739 220
3303 1149
4822 56
2466 1409
3414 1332
3028 4276
4292 4291
1391 1871
3118 1287
212 2443
1639 4190
4558 304
4625 2421
3077 1488
3887 4969
4500 3275
2746 3151
1594 205
3473 4830
3946 619
4568 400
3355 1858
498 4464
3288 853
4639 3784
2876 3706
2799 307
3526 282
3962 1710
3359 1704
759 4018
3941 3121
2960 2349
4600 1027
980 787
229 3071
4965 3955
148 1438
1527 4389
3419 4269
4597 1651
1888 990
3709 1807
4722 1326
4173 826
4201 2590
4992 3877
2427 821
30 2329
2840 2098
2927 3204
4722 1471
3150 173
478 2288
1196 3228
2009 1000
4533 784
4329 3796
599 2902
3544 1041
1088 3445
1396 4993
3490 297
3809 3252
1543 1644
4186 3230
1506 4101
3835 4838
4701 4377
1562 3334
2914 3925
519 1386
855 1874
3042 220
4794 1706
1516 1594
837 2162
187 4455
1696 3736
3589 4279
2008 3430
4772 2966
3086 3960
3653 4418
3459 4809
2976 2610
4718 1304
1237 3904
1556 4786
2378 2123
3235 2901
1440 916
843 1340
2114 3906
1064 94
226 4322
3983 1525
3612 4099
4410 3412
2100 3755
4499 2324
4520 507
2481 3064
1897 4200
4635 2149
429 1054
1316 4659
825 4983
3235 1196
1651 3837
4116 2592
4904 3208
816 577
1539 4532
502 1914
1588 263
1443 2356
4404 4147
695 15
2929 2083
524 2559
592 219
2278 4865
968 3817
1986 2551
3893 1775
2410 2166
4489 4026
237 2260
2543 1469
4384 894
640 1008
4145 4284
1490 6
1364 2246
3055 3544
2648 3197
3135 4487
688 3739
207 2757
4072 3737
4825 1101
1816 329
1861 3757
1411 3883
3602 4111
1455 3706
541 2668
1396 2694
2924 3859
2639 716
4826 2168
1177 2809
997 4264
3289 1965
3577 118
4899 3912
324 404
2874 1881
4648 2402
4072 4105
2650 964
365 2739
4103 800
2370 4071
4469 4980
370 1136
1346 3156
4442 946
3672 3651
241 2735
3382 3116
3756 3030
4132 3889
2101 4645
42 2206
2215 3826
1015 10
589 2044
319 4689
4173 1879
397 2820
4961 2616
3073 2183
2529 2479
3737 3442
4047 4025
4246 4871
3413 67
1499 1222
4422 3264
3575 2309
406 147
366 4515
4661 4976
4324 1012
3942 4532
4369 2290
3628 4034
4224 3850
1012 284
415 4898
3290 4870
2228 3681
641 1562
3660 4118
2718 2760
2773 4496
661 715
4532 4473
761 572
2310 2313
4864 2204
714 4002
3528 4726
2052 2542
2683 1652
230 4637
4815 2834
4079 2366
3494 1853
3200 545
4402 2077
167 4521
1916 1965
2548 889
4416 985
479 1652
2893 3610
4870 2061
3174 1105
71 2358
3226 2213
4027 890
2823 3469
2911 2534
106 1332
3848 3657
3906 4491
3707 1463
2971 2034
4088 138
3646 2146
3377 1443
854 3821
4818 2278
4870 1790
516 2254
394 344
4027 718
98 3008
3017 1920
864 3515
1501 1482
71 851
3276 2103
615 3730
4679 4993
2391 4718
2232 1749
3810 2260
4378 1957
1195 1572
1421 3083
2744 1535
3727 1604
4138 4194
3147 3447
1018 4978
1233 4574
1987 4668
3940 2565
219 378
3239 2849
2832 395
3202 4963
276 2803
1414 2400
1741 1685
1326 2039
226 4471
1680 680
1365 2725
2294 2303
4454 4079
1683 3976
4902 3879
2676 452
4860 4847
1696 2617
3166 2843
526 3656
1335 1400
4810 1614
3805 1353
1296 1916
4879 242
4694 659
3544 890
2371 2587
4603 698
2522 4660
2448 2093
4303 3440
