100
1010 17268
990 19451
990 26309
990 3499
1010 18142
1010 11685
990 10168
990 9649
990 21753
1010 11472
1010 27047
1010 23464
1010 13107
1010 2855
1010 10759
990 9629
990 21579
990 1295
990 3948
990 26541
1010 19934
990 15587
1010 10433
990 16453
1010 27296
1010 17424
990 27118
990 1821
990 20771
1010 29728
1010 25387
1010 8226
1010 15159
1010 22954
990 26682
990 20861
1010 21629
990 9439
1010 5226
990 2172
1010 3569
1010 16001
990 5174
1010 26295
1010 14136
1010 7794
990 25410
990 15534
990 7002
1010 16055
990 23673
990 10834
1010 2118
990 23127
1010 26472
990 20060
990 15148
990 11272
990 20386
1010 962
1010 22365
1010 25239
1010 9192
1010 7085
990 1000
1010 1704
1010 7575
1010 5081
1010 4974
990 1762
990 22221
990 5088
1010 8179
990 18723
990 28335
990 14004
990 13010
990 3973
1010 7706
990 3450
990 14781
1010 22355
1010 24392
990 7016
990 12849
1010 26458
1010 5312
990 21649
990 711
1010 9716
990 7144
1010 4769
990 23553
1010 10553
1010 2254
1010 24733
1010 15633
990 7811
1010 10229
990 17189
