1000
1369576177
1332235387
327798652
522325283
1262666523
188498720
1002375352
1233889846
426631488
511587459
772350061
911032336
385361521
1588363922
1256296831
1131902277
1180383000
1439658892
1063898309
620403806
334232749
1836327433
304161152
1152640021
1668935031
1045858172
459762409
962114654
222353389
1343530339
1499752854
1504596260
1825232868
767348654
1654569825
1676515564
285548614
471978301
1445996590
1452717736
1433362219
1211575922
1065888000
234635946
1024998766
1638709684
1955284357
945457868
442697458
1840263965
1989071823
1880946508
1266319842
1362219533
944115468
1868911587
908174123
1569331631
450088414
441010702
1664526795
919940610
1175767663
511293081
1810864690
1237846304
18366526
781805083
1598373795
974532540
1744249975
1775419098
1245813159
1061946390
817378780
923107002
5105552
1430027837
531289741
1198474548
1835030418
1989857571
278750156
476575047
709310760
1432393015
733936834
415804806
1584124019
1250600122
1372866903
1673469510
286261408
14879654
1696560092
548891691
781025882
1001288982
119204245
1424290794
613682094
306524309
1899335097
486346886
1216177474
549851286
1761819881
885837213
1816354924
1383902012
1499074713
430518886
1879847333
987325012
780965208
599752931
246968551
1780528622
1891865036
600999907
1052825526
1689531303
102253557
1672943777
1516734312
637427240
125315759
940816086
1513957572
1701991675
766687299
1430248336
571263108
1390814541
1764731473
507983878
815631080
1954371888
150362948
1967453028
803254488
1489597448
1065391137
570483188
157180615
1333448877
356229223
1922173319
1021781178
172390600
1661991750
509658864
831531377
371520600
1461319285
578871739
514160084
844030490
1815814530
377118522
1653659166
640850245
654741875
634667209
1810805376
1024918404
1485124318
457620084
193650339
657012234
379687734
388893367
1521782290
495955006
1763051449
1249111691
1357076050
592958427
196634000
546100733
566986250
1035502128
1593867011
400411467
878715979
1835876345
1268306936
1694104010
1091803884
1797987261
635242451
1699242732
942123728
12067849
633987361
447345859
1899577387
1169602968
188584873
1397365807
1646548104
166017932
1500489601
145769973
1650935743
956821000
1798171478
1485720939
854250322
1770601117
1599629421
1642292965
1077925992
670740914
1404386775
772481475
1584714968
1943892720
706236885
119387609
1230475021
1995470268
1120970645
57993614
729185589
1388665168
537115644
10449339
220176694
1840455171
918369581
1506697279
1486472234
1354288325
838438517
1276112800
207636375
1597932257
472290457
1819509834
382126049
1366029634
810510112
704448504
59294711
446209796
793355857
1663012481
1843879572
490897402
72062786
1693620141
1151377749
1187218161
531179739
428017810
461152180
1466786871
1932941770
1914543195
591206081
1616201441
1088979224
1441951867
1883996769
911732883
274360752
1687785890
931849660
1240734341
503517693
1913863669
1381155615
1470695289
631745967
703766783
1575721483
1323985762
171804711
1679693895
661975958
487189246
293543025
1331218270
1117707868
1544881076
294625313
1417910543
28376097
1095520396
1746312570
605908654
726854474
1407142314
596137045
712065189
358459187
40817298
91123244
1346998257
178746313
1485934769
1965187558
1942518055
1850372652
448093273
532708217
1511937984
1555277825
1881006202
1923035167
1899349014
372290383
1453256953
1867512973
20548426
129318341
1592671218
1027067833
27274925
1866315204
1108068425
189393560
1156565659
1800913090
523904017
1384420458
1678717089
1880327501
190147394
1036336921
637157525
909624761
1474967142
134152715
1720434289
605217238
474707761
64861156
1009524520
302600547
519183651
1397782695
1063290430
653483974
1707630672
1649838981
1311043852
1882208934
702891505
1130283176
1556674333
922330102
1261780370
1341145798
1759016519
596963895
922332025
1247605531
564602401
344948320
1433161263
941649075
1480017810
1826400797
1216975976
879186820
799742870
409106005
64757404
1763182729
943160615
920484900
1567704601
1400963778
512074300
1832151613
608187679
228491685
1184535997
1360251284
833005173
1380916621
1561076897
36914647
1755223360
1125038732
1402839742
1408171953
22614181
867245337
356252150
1299026085
214035703
182553936
1782590428
823910484
1863207759
1453142589
430926217
261543885
1471203213
952235195
1906608105
610120264
1724137791
914778516
1178182387
1445343021
1426562804
316908960
1645722940
1082880942
511936135
1563373030
20533849
1101262202
604575333
996980668
1925570374
667623282
1690645357
20111729
823184098
1447737096
1393963209
1882190859
1288699928
971865275
1689821051
495069140
1501417831
334334618
1739652608
1221230389
1061570205
1445600405
772728909
1490404723
1375446292
1233048067
199748694
649839024
176579364
709119569
821904336
1002250424
1462925541
1624493425
632409271
1809055419
1009814662
276838978
1617571272
539670599
1419729395
431897039
803953645
618532743
1565821472
1333737590
1688293640
400954196
790030954
485260231
314316908
149710969
1557571755
1624866204
1088128420
353848687
1227085785
694206232
1709225030
1229380645
1997562298
1744233361
1322789300
720690270
1970119336
862824315
1261125306
1048142957
294412466
1835689588
891334700
341336839
1199361719
845575616
1189102412
1385795545
838906447
1041780671
1270460142
345407634
573254996
1150775822
1981251356
1170870859
393557989
272413949
1748237678
1434438327
674770864
93435477
591217373
95368897
1478010404
1186658123
629034420
1998925343
1023873080
277626172
1922249666
768939329
1882592092
1132074758
1800369594
809980515
1166197066
639845411
1394575982
458550260
439999884
639321986
1248111421
249565735
960933710
911003990
144251357
419017077
596245121
965229378
1307103244
246304334
446029387
1955831059
1088063052
1882661907
8794375
900030575
1070181287
1069484427
704420228
1094430930
1935059403
19007112
1380034001
1707882547
184524522
1613349657
1842339935
342032314
73715835
1858150339
1814599558
157052702
207385346
1568725496
398374152
1952601623
778998675
4084530
303310228
55713401
725448546
681017261
921685046
1198151501
1592479134
1177391290
10266581
1504323985
1544987900
634380672
780036411
795343793
1721603553
1833964964
716758855
1825092861
1407186879
1513338416
1530692188
373804045
225651150
1173557845
1605021971
285455702
550419272
1245813768
315876019
1733335484
1492879938
121003452
1874726461
1520190802
224347572
615413255
1699000445
939562912
1728824302
279422063
1590643868
1758017798
749423768
1768974748
1094439672
393963201
577025312
1450874999
1281757240
1055652268
1344385352
868797360
942966070
20226654
1175815356
1127026300
413283847
1787415093
1202636948
29744983
1946179858
477406497
329624911
1294106337
1045302638
1823784851
505751608
245865973
1210347217
1098904015
1196087849
154237578
191579390
150771420
979668145
208871250
1542757935
803752065
74453420
678426182
698214883
550749173
297847571
168932488
1277799567
1119751491
1472734962
607623170
1293526738
1726345436
1673828213
804927581
1033047991
539570660
1742253128
994054734
851942497
1689444040
822059854
1154935023
1095569580
1502758257
856400374
152867070
563582065
1189093954
350544440
175071730
1533080983
490574595
663786412
511375428
610011815
1271447261
489256447
1331429815
1095776830
573747778
1228795509
1876681444
1221193699
820767185
1039913654
1569023524
1004218506
1121549178
286961511
146531716
28391963
327049416
1921877805
231018580
1834693394
1204525468
919632770
1584935994
154350053
964639759
319365289
1561861482
1210200715
1489721908
1312162511
1476836037
483196673
1377720393
231119741
1644059018
259646858
1032016308
179116430
852628206
33515818
737222678
187762224
1076244489
323066682
1416736847
1231920368
976636702
946216860
1403899808
26219327
1188705382
166820403
672912495
1303527686
351442436
1292832919
1415066170
754908582
1351721791
1400557626
336308027
712337343
451117242
931509710
828693032
417206203
1403798889
834622946
686247522
1665290668
820745549
144235683
995096611
1268689642
338357790
257289785
417679670
1457489602
417795447
804292854
1606535515
33187654
395860851
19995879
1974474073
622027020
1169961857
765922846
1363931596
1636627491
500766920
1143149468
1747593066
1092435850
17340505
1019182592
1026980480
519817875
1418089900
1880044550
1797811448
1619200155
510788466
770054564
1516094368
1561418881
1266470892
1074640590
934656316
1586637926
1049394544
166903074
539682655
66891026
1963843434
812709985
1125501137
1918971417
75925436
1245778301
812296093
456030319
856939961
1562067039
1991323704
1175870436
473218533
1937366789
1134214171
140636435
890785305
1522792106
238842517
176234161
1526358704
644365837
1237272864
1801721914
1218907001
1863401976
191243756
1882778236
989042413
1966449421
1249110904
770026266
1043115251
359666783
75248325
829404399
885885866
1322083927
1296326378
1380662039
714215496
1505086210
353645964
930664399
1533494689
499022817
438417282
94326435
1639940814
575402800
1098744397
523459225
394739933
1663357495
1345209339
1883451071
531060346
1126459023
761788695
1954041519
253448990
163313165
821840387
1007693882
1915939850
1459069536
16991713
1671239660
468029869
1716191805
1320459005
773397433
846047454
1175020223
972587361
183066926
828656570
510702982
763170077
1579235108
1246074413
1008531027
1946598512
477957636
58063627
1093759108
640495009
1876900059
906512870
952472200
1066286258
488948159
1576505396
590176476
397647324
701460831
200193108
681401605
247074183
381565233
977599242
1443292384
292797
570169226
732002670
1377066254
1922897932
1764777388
1668601923
1507823747
1089576319
1116857415
746515853
795762665
1785205894
1892800285
1191121020
1705283593
1275477574
111836872
1917089500
204018722
133273814
1442021731
1167622774
1268697920
608486487
1425218957
1828771238
1618223371
1301996201
1456133213
10138484
575879436
1181291122
1426774889
1267580062
128858305
1558946740
813279460
467732798
1874125476
267845844
1806685817
157574624
741797785
914583511
252735821
1330557648
232215210
1823464498
1092194318
766633986
549399175
949559894
1713537848
1718306029
34181545
1902336489
204389362
1011443242
580093257
727344495
932033558
346046869
917438405
1745402603
958886707
815203739
911832241
1227196672
10383240
96118030
1956118838
29090647
914891500
975101120
1828979655
780966494
552689356
1394797838
588424829
98679084
550113462
433023465
936404590
538148443
1971081982
1161667490
396444221
1091166620
1273449839
1470570592
453217996
1091755354
1331638328
160124893
582233417
1670807616
1409791152
1328629879
1033012446
1790090921
1599455844
1641366575
1717045317
12594436
765789365
114885048
1146336863
