468
169500
478
1703464962
281
961
995
827
604391
153
421382
895718
726
538
912
299
703894
322
664673
711
547868
662
85937
741
778
19035
288
40
264
446
890
370
6
393
629
84
840756
376
308
439
323
118538
929
833
658639
930
673306
21
924
829270
97573
290986
636
655767
5231
150
724
430
191
337
753287
945
209
419588221
506
413
900
762
359410
537
483
60241
291
20374
34821
277484668
99953
1787900938
467
893
483
421
617
309514
451935
249
288798556
8
609
702
93485
523
314
448
458
791796580
589
4621579
538
17938
657
877815191
202511
55272
646
886
869433
844
998881
651
699
892476
75
510600
869
688
789
2423
182
88
617
932832
154
189
368329
555425
441549
60145
417139753
523687996
437
949
297195
105286
282
114734
316
786
313
53185
832808
313
558321
982
144
129222
535
173
44
1245439292
154
745
186
22474
18
905
1624202391
314414
334
159372
48770
177518
763270
192
102
213
802
1543625527
23
18161
432
593
31
222142
64
187
413
170270
711833
896
285
140
624695
1684576125
455371302
1472851593
1141119464
87
926
757
315
43227
1879109164
565
577
627625
928
520
962
596
195261
264
202
32630
771
547
790520
188
940
662
900
578958
7
58200
1348760303
477
113
801
460
993
405
111
835
35072
485
626216
357526
869271
896
617
696717
41
129
565
1841296932
584962
972654
532369
607
911
84867
223938
754
741
825459
870
934
783
398
728193701
556534
705176
548
300
855641
462142
877
678
296443
31340
81872
17
695112
831
488
90
990589
353
740651
258
192759
264
503
775
292
556549
627
541
240
601174
683215
824992
392
13428670
75
498
287
604
221
706
10
489
164
619
704591
1193750232
303539
98
584
971
913
712545
678
262
1937289985
540
508
309601870
152472
570
901
423
600
15
28
347
943
463409
681
342
60
758
146888
949
430
748
536
35
185
1219629853
923
942766257
726318
25
5491
515584
342
142913
72948
606
404429
626
93375
36
814141
652256
482838
13115
841
11
690186
662
353893
8452
233
634303
256
124
109213
200
318
134615550
903
909643
561
948
653
402220
831
878
19606198
945
504
313685
1936722589
461410
961508
1257515493
58869
971
117
815555
39
82288
71085
774
815
541
110679
196678873
689956
9418
723
28
778
71
974
333
153
825168
650629
684693309
116
667
679
421
826
726516
87
964
686
662
64
415
873
941
762
531
268
295907602
12
114630
84
293290
54152
708
491
114131
1690722958
26952
1905423238
659
1459196486
22158
392
647925
96807602
292
278
1876448352
315
567762
418397
851828
449230
658
520
560
162
792675
754
933714146
569
50375663
475
234528
905
557
161
549
330
350
910925
337336
699636393
591
135
337
337
