300
7288512
18601611
10552332
12607643
351572
19894631
5317390
4346344
11661820
7788479
5687606
17445328
4189242
7283695
15127422
18259071
13492415
738394
17093515
11927967
19446595
12688771
7564355
17843236
7144547
3268069
3227861
8116051
14743334
8058547
14110959
6409148
16229888
974271
9489658
2277541
18838703
19819537
6173413
18159604
5678563
5617698
10984465
102652
17265466
14845337
6235608
13256261
13641817
3726807
10249522
19000817
12116379
18686828
11347720
15401750
18856791
14038054
5762169
14155249
3545815
2959082
5832148
1476119
3393254
12508059
12868018
3582811
5239534
14501282
8160703
18949092
19379478
15482748
2180816
10615113
10084613
19762489
6387379
848291
19942549
13393143
4087408
18588967
16129618
5610864
9658416
13918057
15105445
19644101
5782510
9776694
9527927
4113626
2758209
10213528
1349066
17555494
18999498
14078521
13378275
13826877
10539187
2828418
2592767
7367960
9007509
8268469
14921569
10585258
6678345
9054256
12376391
9746800
2079910
5909526
16066167
7466880
7251469
18394038
8881748
14102965
19830439
2435591
9708844
5893573
13797559
14063735
4976049
11025457
18671091
5889199
11268776
8184259
11862249
10137466
18595712
3758486
9601631
17619285
1334452
5554938
2671469
16282195
6845064
4221412
14494171
4949758
3285213
11883271
10699890
15719178
17804198
13764761
7677756
9868900
16229125
15044758
16978745
10611484
538204
3290809
15282074
6932710
3782963
1698341
1956616
5874610
13821022
14274447
19602119
5982386
16238655
14221552
5990934
2059635
16441956
2028579
15035124
254206
13533145
16515570
11870435
7244524
12084614
11053500
1514942
209587
18740337
16867606
17330829
18273808
13594431
2119008
11516428
7249880
16692536
10019210
816855
131120
10686824
12787317
5047484
13037981
1946434
6891638
17551244
13151245
8139424
3612549
8899708
14978846
7784511
7971655
10476052
19302245
2998416
12920918
1180877
4753061
3325426
5817439
19048859
5573158
15179035
17704644
4157679
10787948
14402896
9243648
11057929
1271934
11775579
6554302
7078447
6430747
7040006
10524562
337192
4679599
3897934
2352403
16460396
1265332
14613614
7568373
17808932
2196787
15641474
10208985
10379148
12130562
17646383
15326334
8280071
12834581
15935709
5417670
1239255
8665993
17423387
13750988
11797295
17246426
5780904
5204877
17027250
11364411
1792826
10286189
9825916
19368501
10275001
4730177
4337226
919794
11530625
14722850
5361335
13452538
4455190
1040912
263083
11016913
17645472
4175029
9036235
9078781
4126378
15115393
14936926
1956920
6187463
685789
3943981
8942588
17433827
1928397
15562570
14132045
