500
251523996
961020957
1765526652
1852547292
976323060
478573367
1903777786
1259855703
218636773
1962196008
328142076
385056494
1427383052
1162793556
1173982995
360715682
1079946454
1787506413
1010709896
1733607701
1597592471
1393735265
1197413674
1739675312
1876042573
1765513880
565938934
61119612
1309505988
1475028848
1827867957
1129959418
390449770
1437292658
611310934
637261129
1504003788
1581390816
1890447438
1096039323
528184364
1838150033
1601729991
1379370721
451757249
799352486
110450326
585652167
395846224
203350764
172241893
1082784164
69224384
1804668479
796299946
1326999750
27267437
290089976
746213527
138992031
1936366241
1060830395
1708892433
1763394029
1088807592
1648683086
667418815
1257954532
772323524
599844274
308175383
1668477850
1421445786
790376049
81608577
1741045452
1317639603
1992234867
1953571306
280583475
805504816
1656834417
1181320403
1188227537
1358233807
251373345
986437378
914904311
666864065
282737621
1663944665
1638092568
55878565
28144207
523353272
688743229
406424540
1149282181
807314879
669495734
1676270906
466963060
968233311
959923938
22837656
1274457160
1746448813
185616152
1589741322
562294037
1752402182
86491369
1740889278
352779147
1890510581
1456650127
1716429195
77754600
1033926094
1061341255
136614998
1715467077
1641662073
1702868975
1840648259
1338704852
1638149568
1493798527
1340329778
476705543
333665290
275460411
872080629
712046430
235083171
190685845
175691551
1065533795
1945043618
1995596941
330040270
1814074137
1017553277
96288872
91181346
1739942100
991474746
22512573
441755264
112258562
1986890131
628159732
1121102249
992837186
727180375
284990648
1568979877
758021449
341424359
1217884416
1508997588
979326871
1385965269
445563348
1973056051
1691318173
377349337
898416907
1382888411
1466222974
1326973666
121857748
1923817549
955440764
118600401
1295665147
1681449080
914774297
763621492
190039616
1940843722
285613336
431663809
1670133940
1752280450
436501551
201757438
874043435
214505285
1166409383
1940628224
1796193201
35656611
1741282183
882127019
1898671804
311141032
594212122
1570794336
40369025
721351302
979313671
1313109203
1621088667
1200346437
1914720024
403848261
521788725
1334665819
787071972
1293921883
1843684550
203406537
1038079848
1859866679
102906974
1504708218
988848016
1957449168
1002027353
1823892994
1092564606
1586836621
227548588
700480640
357732247
1746100190
12467861
850549564
181125373
1330731353
265188344
1402015002
596181886
118431341
998724092
723585257
771996259
901852446
884765118
175219601
1643414573
1526195874
697064209
334978439
1963860824
1195625683
861178758
743963921
109381485
752324998
1393417292
979813141
1542667913
412480010
1165039418
217179375
1061633719
1701988490
1547282283
892244878
136664913
986650751
1821210925
1543587586
1256867020
1420495477
1943097735
1165406588
1782083128
826038338
1774741947
1190637254
453051672
480629742
1878320700
877750022
709455425
1264301729
906506609
841885720
1210112318
860719868
1095485491
1421500586
1345631869
682694782
1351716160
1991073904
1926760483
1348621874
1483105736
1855888708
1406258913
35781571
480500698
1905914278
102824342
852459313
832422897
548976650
1512869156
438535370
1657311445
447099206
1322839631
90168098
1684691680
237985209
1798414300
826392734
534398378
1862700534
833583029
608614281
822820709
955494039
658226522
1615277504
1121574393
1023317631
1101692119
989480540
1021532098
1316569524
911425336
1614493650
756527801
1291435283
1284499696
134612483
749281900
1012274753
1072521935
1258507166
1728676788
369942349
1616792494
1717852497
1770898356
80301167
1529592564
945104754
323835108
764684765
809308882
641725898
544377006
1273021289
1313659586
205143462
835770437
674602338
823260685
1193332389
1360718894
1042493538
1529109032
1423011061
525198551
1210203441
1790015955
461055047
1930858837
1195833701
946747271
488476440
1593447590
1432375530
1274337683
1680539567
391774641
843081398
29466705
963081753
897347200
1636920305
1638961230
36153061
224822144
1944806352
1496177808
703162965
1681932270
123477733
133829687
1966452276
1242493742
1613058789
648569619
1111940043
423178366
1104126925
936549522
711447085
1987217913
283212124
568851631
921546621
1118959004
202616908
1306231074
1816225209
217556705
670898884
273248950
960145173
1314865604
351521668
1253983449
1553111115
1157544291
503986013
1730486541
993860410
55958796
252766552
1956644480
1493562881
647960723
1569938740
1535499408
166636836
246716574
1570539623
1906620053
1841733565
639194993
1514798643
1853772058
31263284
1155527242
837757870
1722934555
1172888854
1065740527
1236294680
1546905056
342907817
802462101
542246637
1337994912
1128697274
1994150346
1862849324
1852108713
1122059652
1084863483
470839739
446890609
1198604320
1429654372
1146790200
1360334992
1439003176
259540460
1833618215
381109833
1386322558
22292917
345978343
878494308
157734662
358358024
503376396
996292115
100335270
1458651515
1652889343
1610509966
568198817
1356987138
1985860767
593610634
12311291
3473511
291376051
1582159183
1210504223
661114861
1552566448
1824309018
472083332
900767188
1256309219
196805363
1880668647
1792188596
1995010560
1947330025
954627238
902545708
969837674
1872524567
1127960491
1211280715
1773827357
1945634890
1898981929
1018143787
