800
992544737
582849718
1679986294
209258128
1969715861
1637551069
842703410
1290404286
81357233
1071725006
954633808
1032719407
1059899468
1865061775
56633362
651366908
1002106838
943081367
45924674
804360423
789434904
1408097815
147663874
1669203228
652862676
480113507
68788299
503411089
653659276
1261589973
274562667
226889039
1251603379
463763041
1261253938
1092233685
1743745514
352914121
318364254
1079838480
1507421584
1259603082
193778604
1837242584
626216629
1101384907
1967859300
1390986166
393032289
1728373267
1363067472
918559736
743245771
819939468
1882049629
1540713272
1995206625
403054341
595249698
1418767014
465904445
105497034
1182335351
356050470
846609829
254794820
603195709
856202139
1947204715
146464080
828908425
206937232
1823184588
949533847
76256004
1673889019
337453756
1137137236
1076388863
641046421
324121716
134639155
1186452650
487428761
267747738
1397690883
902871541
1793373812
1055288151
53787087
1110603556
995128655
950018294
1563857879
863408819
983085213
599176548
1075593592
1839922333
339461927
1018098631
1835574520
1868506273
472437941
1413729383
1699280419
1328207025
1836286167
635208502
714476918
480911441
1682085042
382813305
1064043756
1167226392
960960408
1569199587
883262849
1087471249
1287929292
1621856253
1300560108
1356106165
1801545913
432633124
790950529
1270386311
1898939171
1164004295
459851777
664289896
1337463326
722615126
1626506975
1484447856
347773682
461496819
213051204
1908801586
1621725012
1318019576
1163812716
1759233474
1589117318
97569390
1335276094
1611633099
751323931
1075552981
1584269026
1297170591
1306426078
1730370493
156175777
1264895220
1358956997
1281367290
1913368021
1073142269
1148554763
1656914522
1441524035
603076307
1005356520
500429990
1404434409
1031194643
1437917116
16510165
1203224625
1185723140
1696344753
1153618877
607029581
1018861316
1036585863
1961247505
1228176014
1139251691
584969167
1327814262
1961371331
333150585
131691418
1243756474
15071161
734100659
1202523996
1916355050
1303074994
40128061
1655344554
592240051
766194363
272220242
1807095640
1799987376
1657797109
359970551
787349395
884695432
143524937
14655924
683915839
146481253
1487729401
353324657
1968274487
372007103
1525569033
708794479
1384481025
1991925164
1769223639
595012317
353802489
376596429
1398720696
1903460224
1781511923
545091724
124832796
1863155613
1210610425
158490854
1051405622
276180912
534541252
1705597393
543560446
523285524
744488431
909618970
140805698
1519651786
1932966899
1797825894
455152938
154173881
1546249955
143297062
701245133
1438102214
783187567
1315949355
1847237439
1724283335
407374064
1493942873
1144306309
413530658
1918955604
811033862
1455774539
1048377581
1471926706
542578188
800589990
816602584
579501385
497353637
96373431
1930082503
771025238
294545965
1341093094
104436973
921195503
374478142
671633518
487600114
1886710445
1470981770
1048991686
1081843614
845699578
258822219
82310252
962065184
1205941019
489534535
1206796720
595722022
696674817
114855351
1673173667
1372501364
1244211512
1918521312
1332827490
1242078125
1429059898
1955462167
918541576
1349631969
409315466
460327065
1516012200
1894687320
135615579
1079600598
143590525
1286549629
1227573817
554195632
295397647
1320474784
1797116599
1981312970
1255858899
1318291569
648729900
1088082744
1325917360
1045811239
1944751380
1892653653
224826848
1438274927
1684132574
600212303
1933501162
1500610056
975351110
1992373955
1916550764
440270519
1678842533
247505054
1861155530
1391579626
522533407
990705672
1544402989
950520248
280480194
1409951911
917389658
1278460971
1264357766
1602566740
699267208
618789440
1740620553
133572203
1989272583
362631553
1594813450
1826588285
484093897
1555421916
1434370917
1197229434
1174549484
1566966700
585577093
1637044603
1399797763
195750667
816541686
16145605
1040148366
1996656976
1903810837
1054665802
451464514
655177801
1864233471
372958624
1949680750
918104447
280905634
674280589
1672958424
548040504
725084233
1723593448
1325092601
1624492647
1339817072
1505473066
298088357
1276549504
1459612802
1955190999
1400358221
1305556580
82433401
1184510866
1513423650
1734554157
482042329
811443481
118771179
935969532
795534790
1485412499
1366733059
1637856763
477150631
1199237989
693047908
952430804
415176712
1169906803
258674777
1637270505
591016628
1355777623
1408561980
335367239
419089421
370101023
920940638
1511697343
937623616
846298086
1880958062
1744883540
1362019181
979957308
63423275
1462408967
889696809
1959243825
1173832515
752440524
1575757878
1136744992
190227472
1049301356
440830726
1930785781
1229972424
250656450
1107169520
103913005
1984895381
408319570
1414666365
1537861766
744746436
1529942112
1438983242
921523436
860934551
688148132
1258918045
926070269
1344436988
1702461348
91800827
1978177420
850023429
784435753
1663243434
1085569498
665484104
1815527465
1810959792
1917372170
1358761111
325386520
1532470106
1997765800
1889580554
485083248
1038045222
657724761
275442685
988464611
483177911
1129337077
464229971
658179800
683113666
1142275832
965267353
670032341
1174344431
1404662884
1068503732
467577429
79839101
43951145
485415590
1678315143
369190855
673560706
1069230017
1506561523
193686385
715985868
629939477
398175986
59181255
1172138910
1256770514
649255537
206796432
1209267598
343804874
222150473
1432918460
160129981
983162865
1830855449
1132882593
602194132
1419808473
732707313
921967185
1383526458
249593699
532987941
373461734
402821767
629442515
1455186980
908690166
1116096788
1679762635
1695769988
1685619952
1458923188
1711175745
453957402
1181533592
614558040
1036398700
897109377
461803709
1186896588
406613543
1464637649
908482747
1070931943
1113357238
756408351
1839212179
1112482766
168049474
1446627257
833449229
1626031839
1679072401
708192245
1612680516
1171259292
1416400981
1183676029
893459694
58985585
780962167
1366724656
1835892034
925379015
362034980
1356609432
1477101302
1360648408
1344225727
423791781
1025040506
845911359
609567357
232122568
1802651007
1593845435
1396677913
1755758717
169745494
133467258
138503065
296613381
1145074219
1502548970
1200890774
1450714318
732853387
1279813467
834665070
606558390
1490369910
553539674
135092955
1836633571
1166547357
376720155
340713647
1014874259
1627263919
164072559
797884692
454195617
1132490215
1371426898
1272496489
1246262716
184554708
1762682695
1942867476
297912259
1742560455
545975553
172512370
528946633
245442178
1818152248
643781260
1918086061
686120586
1118984457
1072618616
820474431
1691368270
1035110206
665645109
752180347
722175295
115092533
1782482648
898730619
1175786727
1012212856
1446316399
1779044657
1571616426
288614701
1864749373
1653356313
570814798
943111048
1741100765
255196845
955451995
1928555455
633782890
1316267171
347943257
633084694
370406144
1085821375
1844611993
1730442311
257587275
300446882
978047251
370642181
17501686
258194068
610197641
1732139317
114456868
1619346145
351088073
1168071733
460219937
1527684882
858115517
154730928
630541261
646768356
556107874
1749610815
1510156598
1232020290
371736096
1853965098
1491394453
1570820275
303920698
1211407304
733956101
1196172862
1126239694
454887987
549790684
1237046730
1271870466
431587146
209434382
1992252094
1315787318
1726326684
1194918894
1569694506
1619524591
931588852
1661170526
322773476
667985419
1566652293
1901504596
143896465
1456369632
575569427
1283195501
337126813
1577619621
515536365
637802676
1507562474
1685555922
115482412
537402498
1309342907
1563607467
1463702963
1547060318
1717044022
453065449
339417322
1605667380
1779703918
1729574141
568926007
655631677
8629638
412426217
898206580
989643637
1610093233
767413496
240350104
105664134
732310153
331499219
46166435
24349926
1462507571
834164987
862451404
250805946
960959667
1362183837
1998193276
1788376916
1272840171
1651301630
635384939
890204765
453772895
1321078893
373105997
458219504
1228234589
543625468
155366975
854032415
1660953120
401915951
156216193
1962016047
1428047062
1359110931
1781885235
1354247660
168537796
915196838
38864629
433263346
1517804311
1066241949
533395479
1428248610
1965921109
1262381020
1598962738
614693110
239306615
1512183488
82156142
1228308941
574341531
1734286377
134493773
1102133465
1699015509
972035710
577658133
1911840582
1740622246
1823659406
199086185
1954897411
1003869661
757264315
5553550
1325951167
847838255
10463736
1069390723
1574250666
1834183849
1175703470
693011638
486560918
1449120891
826400333
