365
994
164270923
285
27223
435
517
743
265
891
538
776
693991
620
128662
759
440
494
620
146
486
943
474
788
827
281504
757
114
832
312943
239883
589
209
795
912
1479248935
230
940601
718
623377
885983
720
439702
276
652
69935
367890
221
792520
547
828531684
705
689
870
282
969180
51715
174755
729154
851
237
676
73
197
485125
229
718
70979
224
475682
446343
684568
472
266
151
233
59876
533
184
616964
99666
510148
791941
589
355
251
271
228
309454
238
739
567448
490877
77356
862
888429
165841585
560
581
606
784
960
732
63843
611
692
270
566112849
486
364603
1337878508
5
193
227943
416290
339
236
433274
401
135
633
577134
722
659
368
848
290
458
106
1
555770
299
75
439
664488
35848
487
713
170452
1406704766
377
459537
105955
937
914
446290
635
846936
1705403456
6592541
344
749
334597
426
244
269761
696139
471
713
30
109
59
546
391606103
583196
557
66712
165
973
516
515
496388243
91
125563
370
727
1221275336
919799
611
635209
830
783336
339988
670
868
728
537
124
703354
865562
302700
794629
463
748
3199351
280
98290
1537553730
444
485
889572
633129552
46
44
936
333154
39151
322931
1570176202
388
885
610
274
99
55
92865
726284
1572201523
997
750175
625893455
531
165
127
440
710389
763
188
264
754
316
425586
818
120
332682488
566500
754
516850
486
737
901
967
265
843
508
858
121
586
371
972
128135373
996
115451
785
504564
784453
921972
370
12988
923340
343
500731
613
693311
814451
831212216
252
209141
180
535
365
817
763
606
443
593
442
833
25502
10027953
129
70
541228
934715220
1735384658
638
30635
315
21
752
446
454
244
994
132
316
761
746930
873283
975835880
589
560
597
163
621
815
999334
164615
843383511
737
655
351
52
61420
767
13334
301
1494879387
72709
952
823
537
610
978
161
718
691933183
72
703
845
50
142
155
286885768
847
187
364309
140351
724
200
121622131
584
352344
91536770
30487
716
699
685
502321
804
452733
229
159
665
950
591
371213
662
584
418
719
218
959
103
1335867498
430
