1000
408080397
1642647261
1404764176
1593574268
1417635279
1690067130
518987296
1595339788
1905636543
385153500
1959979317
310701121
89771444
1125569430
250147834
690613093
24690854
794986729
522084625
293458738
162510130
1379592171
335151681
1301038883
1985542542
296009984
224531610
486670572
1034016411
876001888
1034603360
531899684
1692734489
61347156
1488470531
581979240
1192594234
1540934838
1089535537
742890089
1223406923
1048938256
818530365
735018480
507054435
827979118
726299278
83878440
1034186097
1681844994
1038122609
1472912090
1141285214
1343641802
40006950
1135408651
1180047292
1931742348
791704993
1925286002
501087351
1399081701
898147613
698593737
768169886
950153079
888377269
1018007298
248938897
1670791339
1744154727
1095395106
1024333837
1242658668
1050714036
1508403271
263344299
1988268911
691221385
1845671658
1599955803
70181924
597404192
143090658
569627780
1103353855
830989745
388949302
1588450584
993703966
1577387577
11278273
1142331487
13081708
749278988
1625093253
1960834920
1665523834
1523176315
1798387321
260701563
1773189463
1030689462
476643974
968503966
894283164
1855586205
221535462
1808118822
576189323
268430457
1722360209
569967331
332005073
677443681
776499448
1340230762
1657733880
1285266982
1050235915
1053931700
1642868431
1399461075
1261867830
1347860840
915236093
1517293046
531875938
1206925962
722635290
1566173422
552853243
1520589104
834543456
37463719
1704496618
105408417
1567698386
456643175
877306496
1960057217
1364226477
689318353
499092584
1519403286
907304886
1623261931
1533651122
751849982
564823858
1885788994
1462546415
1930856738
1910000586
350430649
1624266450
488074721
150020728
981806793
886463054
707572600
63718480
229996437
1734863584
632022746
1685636732
1023814495
1845333575
1926127761
1914337201
842633932
221147561
1782196780
578260875
1602837153
388494901
1184729337
180834996
1288087407
652517645
1913032715
887778145
937716383
44948924
172234512
1384933110
444189233
1757807020
1805857268
405858618
1570800921
1363910247
1330097606
684915383
1320522896
1885960834
1936131606
982712588
1338256560
1400042506
1289081100
1702243644
478409258
839573314
1980094116
739014158
1549333162
1990551806
682630070
908171397
933022828
45608615
1227323290
1240668701
21978773
1135507670
185042912
1535632264
108277773
1240568453
112578684
962442843
98834838
112026990
874424541
364735114
1026127702
741101738
1562137388
676967452
1091344375
1426173351
147679864
973536553
1160789146
590420182
249722359
624139463
1979017553
528871949
1441728828
1664574900
1146022880
854260988
437847895
364933381
1979890697
241687332
1314310390
574281995
1749297046
1398116108
954489967
1799012280
1788404870
1891056024
943553108
280716359
789848091
699045895
1741802164
793666064
1377558635
504107689
128210456
1406527569
480164940
1495992817
163921977
1437066996
647764335
792789193
1330291458
690980266
1055490205
301635363
991167000
965341103
914884952
216753519
453369218
827389673
1722340836
1370009567
967206250
1410657875
653589744
446282707
320838751
1063197979
1133054028
1444611808
710454579
124077096
1070526278
1461833165
752678137
1818950043
426374082
1965255563
292602828
426049317
266787638
412376911
1630250335
994450808
1013057191
634301485
1432209792
496956544
375524085
785893540
1843537858
91749934
31539033
1860034544
1694321432
1094822896
1310071316
499297823
1201352802
1518957635
1453094616
39484957
50210810
296977741
1544745302
1702163250
263323780
556610741
1628270921
1658022449
277722808
1577582588
1845181179
835798564
1357115845
1110648646
561677372
1205173444
163101865
318808900
780965031
1515795288
1767432105
1533113455
1928573305
888904934
287675678
1725058147
1561007243
791321792
1682365692
152580935
1321471447
403005963
326110436
1655060462
690584728
1993437145
1586885480
944570633
637776612
1568829198
871468859
1227293394
1813612013
1234903940
18434760
788683046
1916737452
275255213
1969312840
586883202
1722696897
1052113860
905490125
1419393605
781556166
1272484030
358332358
1296512869
1746677327
806787676
1912514240
714845666
345482728
1546484421
1568861289
1363904791
1555689930
1469614768
1957418798
445032822
1343951712
924399401
1936142448
1925066919
1106565837
629331682
931175662
121466603
15145837
1489281911
896193319
486296389
697494716
1038423307
1380945339
1994603830
126891276
1112510205
1911070701
1986661726
1751604288
77614819
1080440629
401830317
480272770
585215486
869220011
85297865
22980248
1232936235
586181539
987949949
474506192
1824865791
537126796
1834329221
1780182020
705964884
1987110553
1373808172
742965240
552673732
1255952547
404573366
1598413442
801467163
470379573
1389880973
1608137879
763432416
1190492456
578218803
1896345741
1825593139
1336234819
1072326319
674656053
1478791541
770438059
361637465
557527228
1509445990
1210300627
427931247
137440948
467639828
1672281701
1074589287
801990754
1781770902
1020088267
1242552593
368131879
521503159
1070865826
569558138
1807599971
963464228
319517336
1550671461
1899130474
251594170
744194351
72862094
86757175
110952513
1005154802
400609173
684196419
399606665
1363167799
193496798
1901427500
1472258408
385389345
1297779988
1182591684
844533814
1553731339
133178819
68462916
436278958
958731653
1703671501
1046082079
302781604
1912199202
107089644
445654435
1383969509
653341868
516306179
286323379
312601327
519899349
1820155726
1756485631
1582151639
619996803
753949983
1459689156
621771230
951727108
92054386
1157156085
1177857225
122573555
584812424
1787065295
836303723
1964278457
914950472
1426636606
1249962179
1281815699
25216813
1620457550
1941246018
1484879367
617046670
123344523
1509752095
971862367
1586739656
607725996
520193810
542801239
1300261338
1967862514
1010242341
1068097014
380058833
811975636
119305503
964981850
1075553715
844789844
718434737
1581936386
610822249
273950716
1582491776
1118848669
501371152
1194964039
1825455138
458428781
1268235594
1435916034
643127420
1351697694
1950723918
853060386
150719385
1754646882
1422949406
1603042079
128406910
1545546607
1104474458
414211194
1879572638
1493729193
890047720
465148625
427883608
1999450578
1613444679
1655578767
1408609007
420544713
961016280
1516117319
1315164355
1213098240
433846574
485681201
11224580
835632777
906840807
712542225
1515905975
1124187069
1373342023
799629959
734102937
1703921350
830088588
895154542
134746588
1396293410
216642212
1974144271
1862783349
1350997291
423812641
89746806
107454382
1599150147
393896327
1357090989
1175851250
1019899711
838368408
953917123
1712025185
1365419036
44054990
40876824
1115082863
427932200
1568258886
1859129640
277371833
1378643646
745976045
1764381519
25898121
81586962
1392318211
1326737959
1805342843
800118188
1107464761
325107163
1346678012
551468080
1288013707
1713920390
415844375
385931114
931645837
1102699189
113620153
597155617
1405464625
1473408788
1414607057
1340647817
15280791
1258844657
1200171707
1514786310
571976788
1909346193
1722388124
1730081001
1392598923
423504726
1001848696
247535235
205340353
741563831
194326996
1606445763
525151942
502881318
1288603832
1476980007
699125085
1795777325
157202030
790864974
802112157
1458078629
777638768
817120889
1241193501
1599414069
979563037
1723634169
742170692
593422359
643339467
744898548
1100288946
278906695
1095115657
1646740933
608973968
870409242
1256894887
1057895868
1726237486
327014294
722399618
1289891318
1472530725
304393504
431978970
506101892
1303055726
594467873
271881604
785323855
1972684017
1697957676
1819006215
1898291187
262202973
1250537991
624687300
1394378528
1213955918
1480979354
1380504459
1575137075
384851694
1332815845
320833590
865252322
1749854233
682871743
144984661
1366603628
1762849676
1753067077
1026670769
569902730
1908866678
1939197885
936909744
424841488
1050924712
1046746239
1636830670
154879605
173654746
145984983
373876213
1335117420
1869990344
1867753967
1757791730
928960138
1850849733
922795248
932796409
23522525
529945869
866864788
405354415
984045504
36087753
1237964057
339504858
224811344
241787265
1968351749
376128287
1989412446
952206771
867398373
17142838
782857955
1170186977
409017278
294065296
474905175
524749194
1842826672
1281069524
1539295051
1945181505
1767988721
802470103
489489272
1201524323
1877999857
277369189
283237963
169161472
1975234963
92295517
1051763976
1247037522
519995910
49288584
343126968
423712302
1111434451
922206568
922762733
1931627414
1182131638
87762588
1560250903
679204581
1669417949
804386270
352308662
1366021169
1188265302
1860521146
1163125831
480466508
1452763891
321887688
1538865431
333917874
13875747
1732638576
1451747041
255604894
294114780
1124966227
714671910
769403896
1075448593
1858741681
1952112558
988869422
874627987
656160456
1224413231
438564312
179178624
382759969
1348013435
326460889
29919840
807149192
1636262316
991135564
759243892
395024116
1923279894
1444209491
1880979945
624283155
1861920330
751109017
18339465
979293248
1764676774
885293889
364928138
1189683420
1222327932
637238523
1998536388
401408631
466715114
1202896440
1130574125
929384657
1899073171
990135576
795037534
998249809
902678920
429836869
1075611805
96173934
40455315
1466344872
371668041
1488458666
23884667
497541396
1699393084
1717510625
564951244
1833569462
1202817905
673159243
810748957
366687223
603172192
817727052
752138056
703532350
1160537652
1849435202
852328812
1947140915
1465485659
1561396179
966873178
1393332277
1417215734
186666124
474460626
1458351053
1750726153
406401273
1838721803
761610153
210445215
1692270632
581670186
562209088
1273722669
1876218693
354019940
1868332056
229935990
324825336
1300189326
248549209
733410498
598601036
120111939
1766128559
107465692
1219395219
972076786
1856838307
717218729
480549663
1019248297
1926899983
112470062
1392299
521062789
1358689971
1751750401
902318017
1403842077
596988711
1372984897
1858507300
1352390592
1345888167
1710454981
1750127092
539498744
1557809083
265272753
117799181
310278281
1046069072
824228660
587263026
1815554897
598289089
216125250
1338882168
1864922983
627939989
1480398835
1033027800
24698891
681002609
1050763425
1295758707
368092715
1069791964
1635416506
60853407
1250550469
520362613
755636303
1231887967
1658266066
56116340
1590222429
187923856
1427585466
507074387
1050429408
375927696
392677474
1398233399
429223686
1462426354
1260235696
1185016171
978113645
115264338
1550613528
895211458
1403900808
535419804
668174948
1079784749
1071450900
871645581
1084987169
29513085
1231225966
731114889
126629481
598705953
733680221
2179334
