30 30
101111110100010111011111111111
011111111001111101111011111000
101111111110111111111111011110
011111111111111110111111000111
111011111111011111111011110110
110111011111111111111111111001
111101110111110101110111111101
111001101101110111111001111110
111111011111111101011110100111
111010110011011011111111111101
101111111111011110111111011111
111110011111111111111111111101
111101110101110111111110101001
011110100001111110111111111111
010011111111111111111111111110
111111110111010111011111111011
101011011110011101110001111111
111111110111111100111111100111
111011111111101111011111000101
011110111111110111111110101110
110101101111011011111111111111
111101111111111111111111111111
011111111111111100111111111111
111111110111111110111111110110
111101111111010011111111111111
111100110111111001101011011111
011101011111111111111111111111
110111110111111101111110101111
111111011111111010101100111111
111011111011110011011111111111
