1000 2000 4
842 934
360 851
73 276
520 595
99 419
306 893
249 961
728 796
20 435
570 678
343 719
723 741
362 787
35 771
382 570
156 391
692 935
119 297
831 853
445 557
454 820
517 704
222 976
313 849
100 873
636 941
38 781
169 304
278 625
403 602
839 976
302 408
38 701
344 997
268 799
551 916
260 790
314 772
598 719
182 196
352 452
705 728
723 940
911 988
147 831
406 860
129 402
70 171
157 348
512 835
177 625
221 391
297 316
8 628
275 613
402 824
625 678
94 785
86 202
463 561
363 833
574 768
696 845
136 412
542 782
471 714
463 565
283 359
558 624
149 794
535 846
271 812
134 281
200 211
102 214
785 965
268 550
293 321
455 973
87 227
727 820
486 489
428 873
471 613
69 440
300 576
15 103
676 877
116 858
13 689
362 388
309 716
555 887
62 718
169 379
185 247
402 710
665 877
744 897
35 504
8 152
228 911
628 756
261 883
498 912
550 960
289 551
878 953
164 847
586 656
147 192
147 505
189 631
247 805
523 752
74 722
564 777
117 734
286 966
40 382
13 733
826 919
436 550
19 354
113 778
287 446
690 737
292 295
149 984
189 992
860 903
365 717
624 939
83 368
140 754
723 772
241 419
59 900
614 789
654 752
423 581
86 313
429 742
931 998
89 909
163 949
294 784
48 696
876 889
455 899
37 375
765 808
191 760
603 737
485 666
694 728
230 628
944 991
256 497
255 292
786 802
362 731
240 380
108 363
571 972
5 94
699 970
89 954
36 364
417 761
23 892
225 242
744 787
749 817
319 418
440 477
373 610
723 748
364 799
302 768
617 979
603 855
473 795
84 249
385 723
69 98
568 792
132 711
251 826
345 732
562 993
642 918
841 894
371 586
360 943
341 674
675 929
111 885
542 675
719 849
482 876
57 833
184 415
105 785
582 995
99 202
812 828
256 560
779 927
120 236
5 406
412 995
112 453
539 986
375 924
284 325
515 969
238 912
393 727
335 813
566 826
308 343
640 960
81 717
181 420
23 300
47 363
55 316
0 689
124 770
501 980
300 889
62 286
742 963
873 880
231 712
240 284
489 956
382 765
341 580
36 974
76 504
0 769
310 369
203 501
172 532
138 172
74 164
138 306
655 900
76 587
720 817
458 757
109 147
397 599
478 847
93 142
417 658
218 529
692 854
262 868
459 660
502 903
464 547
69 201
101 471
457 748
235 926
146 176
341 982
35 613
120 398
4 426
251 953
381 708
190 725
172 900
620 725
162 490
331 532
203 241
766 832
203 654
363 429
638 999
725 931
254 566
83 801
365 526
50 82
419 930
150 811
399 751
626 774
631 682
745 960
757 834
1 186
112 811
625 879
150 370
137 862
390 864
108 515
183 617
165 625
481 938
641 980
153 925
114 565
381 398
61 720
569 889
430 815
293 563
432 684
208 685
602 757
166 932
510 885
809 862
10 646
706 871
577 760
162 480
289 797
559 908
291 543
254 762
790 977
528 807
107 637
764 982
43 384
169 572
32 583
207 869
496 498
430 590
166 715
217 278
295 385
430 541
547 943
155 538
154 818
231 675
332 400
34 671
292 568
440 781
383 970
317 488
589 802
678 805
28 198
788 895
292 563
397 691
371 989
638 781
214 371
262 480
748 917
59 236
142 758
51 467
318 917
134 620
182 573
545 628
554 803
423 478
131 559
30 608
795 841
404 727
537 945
558 965
268 805
554 706
233 502
307 945
158 482
577 578
548 950
372 569
126 334
504 556
699 903
185 791
404 969
13 105
57 390
332 348
73 875
351 832
288 780
769 788
670 878
553 695
32 473
366 630
874 981
297 686
290 481
163 222
184 335
271 299
228 655
68 120
183 800
689 720
586 673
68 112
922 970
517 716
135 140
360 720
30 660
272 606
243 247
422 865
542 605
570 578
36 403
777 995
369 934
608 677
25 409
2 669
609 949
564 961
440 474
119 915
222 744
466 894
200 796
318 716
646 793
202 932
288 392
437 842
182 562
162 598
43 880
12 489
269 666
266 827
369 558
271 343
402 745
99 931
369 992
371 800
207 393
461 967
31 742
309 910
483 589
370 398
438 616
192 938
443 780
481 528
150 713
451 670
878 992
72 274
854 962
570 630
487 616
785 890
647 880
475 916
491 916
72 586
387 798
84 621
357 915
331 892
675 687
203 445
250 470
610 715
64 454
326 462
430 505
45 386
83 399
417 764
14 740
299 474
345 872
142 981
18 539
308 952
135 366
544 979
170 989
388 923
659 943
339 868
626 938
239 619
1 914
276 354
61 188
546 981
186 251
347 906
221 734
136 999
858 927
310 438
13 602
432 980
466 700
674 917
223 628
12 655
594 727
564 914
581 687
595 636
195 450
317 711
192 245
898 904
48 982
213 920
31 963
783 841
305 802
91 163
56 744
76 129
368 529
58 229
693 736
394 944
879 962
122 903
597 716
347 712
614 688
322 674
396 769
587 618
288 555
633 691
245 466
293 477
632 712
225 375
319 464
37 989
326 465
63 109
779 856
438 788
586 588
70 854
48 461
8 315
46 800
129 805
325 844
150 209
107 645
114 815
650 947
768 819
513 969
130 358
288 946
42 95
555 818
435 953
188 246
235 523
17 138
242 761
31 501
679 896
210 792
294 951
526 567
124 220
217 449
135 643
547 903
22 733
154 244
63 850
671 933
70 377
93 187
371 676
1 850
152 435
23 882
343 523
283 759
235 416
499 751
80 186
910 972
339 893
196 373
37 977
267 622
364 999
658 756
205 511
508 534
24 127
296 471
425 982
383 720
325 413
644 758
2 102
182 977
501 767
88 240
512 775
87 523
906 916
922 978
351 654
642 827
588 989
174 399
134 151
477 826
360 928
205 926
46 382
173 255
383 845
256 870
17 252
54 736
273 562
359 911
607 691
162 411
378 404
858 966
137 954
750 951
331 887
480 556
284 760
164 342
238 547
8 862
97 722
442 475
872 971
126 490
139 828
135 716
5 733
221 654
159 164
360 915
201 417
270 662
304 593
309 560
103 671
655 838
491 914
149 458
404 949
449 805
12 792
154 895
55 328
645 771
88 552
417 479
33 255
62 971
863 937
778 837
119 655
30 34
612 978
354 958
3 852
443 743
228 337
112 136
577 914
131 919
671 987
34 645
393 775
290 455
366 792
93 176
95 871
264 768
517 643
281 985
153 154
469 739
209 604
747 882
833 967
614 760
183 582
131 874
248 441
211 668
40 903
227 242
409 911
587 979
364 739
256 490
915 976
628 924
745 762
327 846
222 619
198 200
39 626
500 681
270 324
518 539
281 695
153 261
431 768
100 212
646 920
634 729
173 912
252 441
20 549
121 247
11 282
590 837
600 979
626 776
658 836
334 479
160 801
16 742
433 436
21 359
74 340
219 236
598 842
932 975
217 914
707 898
335 755
703 707
227 564
176 277
208 746
804 928
256 660
1 919
21 666
762 777
468 541
484 955
411 993
272 784
125 206
408 954
523 865
77 366
205 375
304 732
190 944
132 251
822 861
318 672
125 960
128 431
470 570
583 822
54 399
108 823
632 670
189 593
441 665
56 413
252 502
489 526
95 814
241 853
159 662
354 486
16 328
388 422
177 944
688 775
381 844
619 918
126 547
615 701
97 465
171 916
571 893
479 985
368 974
765 989
41 630
476 890
174 725
11 38
370 836
253 682
101 378
524 871
595 630
362 477
17 633
570 826
25 189
615 900
406 727
615 682
597 679
299 951
590 999
259 732
416 484
557 659
827 904
412 700
932 956
472 667
832 939
234 883
218 520
346 970
293 896
37 626
216 674
283 963
246 805
370 731
111 862
644 826
323 665
23 788
196 208
26 986
610 872
555 926
432 868
490 770
256 881
10 806
604 932
344 606
232 392
339 900
148 994
149 219
112 175
773 820
324 499
445 768
56 679
214 363
25 497
438 815
385 778
464 676
310 511
308 418
287 942
1 164
876 964
45 740
167 346
475 967
176 960
5 76
430 849
34 136
349 521
772 936
274 665
549 927
428 667
188 507
167 936
13 764
885 906
417 714
66 418
375 492
58 440
345 644
147 388
77 825
232 569
217 256
461 811
112 214
13 416
49 201
13 368
317 396
351 776
330 603
208 457
168 542
572 780
102 801
54 133
354 885
612 964
40 344
158 714
102 523
902 935
975 976
470 950
357 786
330 878
624 790
355 909
627 672
247 704
590 851
222 663
758 891
132 783
394 540
345 589
709 975
223 815
183 851
153 599
695 779
203 587
187 330
379 651
371 578
257 836
706 876
498 766
157 741
153 573
216 713
164 370
746 922
451 572
5 824
160 770
685 978
209 308
290 568
501 842
672 779
17 446
487 689
399 480
137 859
19 992
46 868
213 735
325 447
405 477
107 732
219 270
193 984
223 550
80 226
168 976
199 268
36 891
80 582
501 511
58 748
10 533
50 390
213 423
218 867
150 585
392 540
317 405
439 507
35 160
224 420
527 983
331 473
301 394
145 676
96 501
35 986
806 841
472 918
662 701
601 762
160 776
304 892
330 979
124 823
259 354
86 152
569 679
445 666
343 358
4 787
2 811
504 983
74 915
704 969
289 654
134 910
22 150
525 716
508 626
189 896
108 446
587 707
705 799
256 695
210 650
92 144
776 831
130 412
599 712
178 735
148 579
499 681
70 733
5 182
439 760
69 844
263 896
358 428
556 818
384 617
411 610
401 573
84 92
734 786
160 545
267 506
449 955
110 299
90 439
294 893
396 996
252 980
20 385
592 917
426 771
329 355
565 774
103 722
425 531
288 617
36 350
61 621
407 808
147 547
677 961
350 835
90 565
351 861
13 55
765 839
39 656
629 898
387 911
246 787
301 838
184 342
618 991
752 909
542 913
154 502
449 778
28 172
370 500
199 265
827 848
584 721
595 771
654 974
137 171
38 653
470 546
272 651
289 850
91 591
657 799
91 615
439 965
179 186
144 508
476 909
285 904
228 248
240 572
546 572
218 524
283 944
420 883
14 546
261 372
612 762
347 632
264 437
220 862
257 858
198 674
391 742
67 120
108 808
628 919
790 871
166 405
131 980
194 608
114 278
1 786
275 738
557 676
161 520
129 181
923 951
266 723
33 324
408 966
592 996
386 641
170 592
792 971
440 926
245 623
722 731
525 923
216 567
545 974
621 885
212 987
529 951
22 966
114 964
63 580
275 401
88 97
247 400
189 500
143 828
48 976
67 156
42 837
10 876
670 911
2 871
252 591
388 491
191 334
386 929
62 240
331 592
549 918
18 988
313 780
749 986
611 619
557 920
445 943
188 837
117 267
525 926
65 662
166 306
655 972
463 589
343 641
323 405
565 887
152 616
557 900
103 333
181 568
178 375
160 218
245 380
605 863
201 487
341 521
212 515
440 739
192 602
646 668
289 610
335 724
432 701
11 145
141 687
432 705
459 683
46 835
892 940
115 645
826 989
333 347
38 780
456 810
41 998
64 623
732 819
22 509
728 985
6 187
247 693
746 965
57 850
413 743
123 737
295 938
562 884
503 671
620 777
296 719
116 594
279 837
252 757
222 452
150 872
14 950
731 879
106 559
295 655
939 941
177 352
449 756
290 640
596 720
463 796
66 603
428 936
260 897
380 846
359 439
89 104
677 810
171 881
129 379
159 883
296 690
677 702
365 824
198 483
250 554
185 222
211 350
36 168
512 983
736 994
315 991
172 868
353 431
33 580
442 767
161 488
880 932
216 249
453 746
60 356
58 155
859 940
369 752
588 675
324 784
314 521
802 921
324 974
91 961
196 760
317 486
250 753
686 978
108 748
136 733
85 307
198 650
0 688
647 973
191 300
317 522
379 434
339 883
215 273
498 730
220 508
376 531
178 543
226 519
711 777
440 778
150 448
281 511
95 482
661 916
466 563
169 299
386 519
655 964
97 805
188 969
383 475
62 619
273 585
526 992
52 702
155 935
522 541
188 372
919 984
334 843
557 840
201 621
656 914
196 738
254 692
49 499
790 906
584 780
277 799
45 114
63 569
97 857
870 955
301 338
875 997
273 669
84 613
558 698
104 267
354 429
102 848
511 559
520 844
229 697
31 737
127 920
589 719
316 582
11 594
371 815
7 503
89 579
489 557
39 322
903 982
402 414
782 958
825 965
457 772
585 964
680 729
14 449
229 256
280 567
504 797
150 329
387 388
120 172
99 529
262 468
624 798
622 905
834 995
196 785
158 188
573 686
456 878
775 991
121 196
429 434
20 181
263 953
9 586
318 555
666 874
259 988
292 345
43 417
334 434
457 581
5 21
715 919
324 555
185 506
537 676
63 314
271 530
819 953
240 792
659 928
237 773
260 542
206 678
148 185
118 147
285 968
278 935
194 642
251 312
235 645
918 940
767 773
119 948
392 872
456 586
126 626
447 494
67 441
283 563
714 998
380 669
316 937
331 445
442 701
7 765
158 236
629 894
196 611
388 503
304 533
477 611
160 288
431 450
254 527
236 617
49 829
193 217
332 515
265 274
322 388
175 856
128 621
372 666
25 634
641 682
17 867
57 736
286 842
601 826
1 439
173 786
205 404
134 160
369 436
320 491
781 851
419 601
574 648
577 876
301 821
554 621
148 158
313 734
223 376
386 862
479 535
121 155
369 859
194 866
454 978
622 924
462 880
690 778
179 990
18 601
860 954
614 861
298 983
656 855
81 151
322 844
350 393
218 944
103 269
777 798
403 524
447 706
151 864
805 893
86 433
589 779
60 836
60 696
566 921
206 291
249 614
952 957
22 770
443 903
326 484
140 967
202 830
265 909
147 571
470 915
326 753
130 993
182 350
277 544
167 980
714 775
654 991
680 832
168 617
276 526
276 536
188 451
348 468
347 585
91 463
247 292
250 841
239 412
290 715
133 321
390 950
0 804
140 768
504 576
227 489
164 396
310 641
587 950
238 658
726 842
50 684
298 714
50 985
187 707
480 606
600 811
85 638
219 365
607 959
770 788
56 295
640 786
589 848
181 900
312 692
351 847
218 977
154 822
156 690
173 302
10 73
406 665
171 822
391 877
13 155
286 913
21 313
308 506
210 718
855 914
422 581
70 545
386 461
387 549
381 842
188 289
655 895
431 509
248 537
63 828
209 371
44 889
831 854
203 307
261 599
498 763
381 998
205 422
294 853
191 871
316 397
455 878
720 772
36 215
60 87
291 729
660 755
35 950
471 757
856 871
135 711
553 861
107 488
191 787
743 751
301 534
799 895
65 809
364 374
104 784
249 486
480 930
293 639
299 942
266 517
66 901
109 528
480 493
250 445
296 778
32 53
540 608
415 692
766 773
390 539
681 994
282 909
391 806
728 813
328 427
452 532
312 445
472 719
236 261
137 504
745 790
305 942
91 839
193 693
79 845
114 293
566 673
384 542
134 349
715 795
805 981
550 579
257 317
60 499
100 342
554 702
339 345
116 230
273 745
137 308
75 535
21 363
405 911
711 738
508 692
439 908
596 932
217 505
637 957
451 830
230 520
356 640
111 747
70 287
320 923
217 298
109 221
745 925
111 814
211 352
43 762
540 984
36 883
737 822
18 191
506 653
454 883
98 963
648 866
644 813
208 323
244 515
71 659
10 306
91 621
674 940
347 349
351 522
600 905
561 688
637 757
281 481
91 646
4 314
274 286
310 661
210 357
704 796
538 742
588 794
429 926
161 499
205 992
258 707
252 850
227 326
86 324
417 928
82 795
478 769
339 785
474 822
506 905
9 870
288 294
177 617
223 961
389 788
247 377
476 508
122 385
458 947
589 879
136 570
358 881
370 760
708 830
136 256
251 388
294 690
583 827
494 728
457 829
708 936
123 655
530 649
45 241
522 711
220 910
147 584
130 873
464 898
624 793
188 445
209 561
229 914
540 656
376 957
247 772
22 537
593 682
333 689
512 627
630 835
230 902
100 710
722 873
184 764
897 937
113 275
68 543
580 789
249 779
139 947
40 53
502 687
150 339
248 277
155 541
309 475
486 734
197 818
170 259
683 845
276 956
473 771
353 433
356 552
150 642
425 617
524 563
14 111
419 712
442 565
172 666
584 904
569 836
286 657
92 626
692 934
41 902
188 745
261 640
390 898
355 535
333 941
556 666
521 785
403 528
316 826
458 830
893 932
229 952
242 672
227 995
283 958
254 411
19 332
373 964
412 434
777 808
298 370
149 897
195 796
215 752
221 657
73 456
585 820
631 800
131 496
285 890
336 979
103 635
255 374
485 957
435 571
209 305
41 398
661 688
852 940
197 755
337 542
910 968
369 903
798 939
26 882
586 983
531 583
306 934
41 157
151 443
379 488
257 775
419 535
236 422
491 686
528 652
103 650
30 279
290 359
210 966
18 603
411 537
522 842
103 163
437 546
202 338
871 932
356 817
416 756
249 291
5 436
111 930
644 948
455 736
182 328
719 838
713 957
335 361
244 872
264 549
66 521
719 843
523 991
302 853
40 836
521 551
37 967
496 851
258 482
8 213
153 505
434 472
102 164
62 962
381 589
243 947
146 242
142 580
221 794
408 999
636 881
434 925
504 913
3 184
179 859
245 649
694 932
63 654
390 772
291 368
380 567
399 551
81 129
235 748
147 424
149 725
66 795
176 751
796 994
671 850
616 791
87 625
533 843
72 673
131 163
945 987
29 351
203 402
478 501
342 750
444 502
118 723
586 718
200 566
409 516
826 857
373 774
423 431
123 979
269 285
118 174
331 828
64 893
203 525
157 291
5 91
777 927
82 303
777 929
150 779
396 872
56 289
178 625
329 341
437 822
283 385
950 954
104 262
511 747
810 938
535 914
320 895
825 884
781 893
285 642
7 204
431 850
266 658
341 830
73 311
672 756
521 806
547 907
45 871
176 840
308 673
469 834
119 492
281 651
175 399
329 450
263 708
874 954
279 364
511 631
218 281
121 874
715 885
240 308
176 713
777 835
500 927
143 216
873 885
204 269
260 768
67 844
198 987
91 531
60 133
