50 100 1
17 20
37 47
35 40
11 26
2 8
24 29
27 45
26 48
8 15
10 31
39 44
2 25
18 42
3 45
14 46
46 49
33 35
20 35
1 9
16 25
0 14
5 33
10 25
18 40
22 31
20 21
11 37
0 29
0 19
14 39
24 32
13 29
17 40
24 45
9 38
33 48
1 27
7 49
14 27
19 41
1 24
15 31
18 34
25 41
26 32
0 45
29 31
32 33
1 40
16 38
11 23
38 47
21 25
12 19
22 45
22 35
35 45
0 13
19 22
21 31
21 34
6 19
13 25
5 38
8 16
12 40
21 47
6 31
45 47
31 42
0 34
5 40
24 38
2 15
7 42
18 26
20 44
42 44
20 42
36 49
15 27
13 37
30 41
22 44
29 41
40 47
22 43
21 30
12 46
23 35
9 34
31 49
4 31
2 16
25 32
2 28
10 37
13 20
34 43
0 10
