60 120 3
14 44
3 33
18 59
3 40
15 37
18 36
39 42
19 50
41 43
16 39
6 25
40 55
43 51
12 27
32 57
3 12
48 57
4 6
3 46
26 56
4 47
20 28
49 59
44 53
21 30
7 12
1 26
11 46
9 41
25 58
15 39
41 48
39 56
14 19
10 53
6 43
17 52
32 48
9 43
23 55
13 35
44 54
39 49
2 15
19 28
31 46
12 29
21 38
6 58
41 58
23 42
4 25
18 19
14 18
2 43
15 56
5 19
37 51
5 25
40 50
29 39
5 39
14 35
8 24
33 57
28 37
22 31
29 59
17 30
13 25
13 47
6 31
33 41
12 53
20 21
4 26
5 22
1 53
20 55
10 43
3 44
26 47
38 41
8 14
18 55
2 34
6 30
19 46
42 59
7 56
36 46
47 55
3 36
27 37
1 35
2 27
23 52
9 30
27 58
36 42
8 46
11 17
23 47
7 53
6 49
13 54
38 51
52 54
51 53
12 18
7 33
39 40
49 52
21 40
35 48
12 37
38 50
48 56
1 48
29 56
