90 180 3
50 58
41 63
0 54
36 65
40 60
12 83
37 65
14 55
34 52
33 66
20 36
2 23
36 70
10 34
9 82
30 58
10 65
27 73
23 46
13 58
20 41
17 56
27 82
54 76
9 43
66 74
0 13
53 62
11 68
9 72
31 84
24 82
23 38
4 29
66 75
60 81
82 86
19 84
57 89
13 52
3 38
51 53
24 60
50 71
41 64
59 80
62 81
48 88
34 55
22 24
2 6
69 89
21 35
55 67
11 14
36 48
63 73
7 84
36 40
10 24
4 79
19 62
20 50
31 82
63 72
13 67
25 66
7 64
37 57
42 85
16 18
19 48
52 58
17 32
46 63
8 55
11 20
15 70
25 87
43 72
6 27
41 55
13 17
67 78
27 85
21 36
29 33
40 66
37 43
8 74
7 9
29 53
11 17
38 69
2 32
81 88
38 49
3 49
28 88
31 45
10 59
27 69
25 75
39 49
50 59
29 71
68 71
57 72
0 66
28 30
18 87
57 83
20 81
26 49
16 20
58 64
26 83
38 70
44 45
50 89
51 80
30 49
7 70
58 59
60 74
3 61
45 56
2 18
22 47
43 64
2 43
14 15
4 5
61 80
55 70
30 60
31 59
47 68
48 79
12 71
19 76
57 82
17 25
51 57
1 18
2 13
10 11
80 89
16 32
24 89
14 38
12 87
73 76
16 41
74 89
56 76
13 70
1 10
17 72
8 83
33 47
36 83
3 26
37 73
25 42
14 71
24 65
10 30
71 79
15 25
75 88
22 26
14 72
53 69
79 81
38 64
7 71
19 80
27 33
22 71
