100 200 3
67 74
4 91
15 29
24 77
42 91
26 45
35 41
72 80
41 61
53 83
40 87
11 58
44 75
9 95
64 82
59 75
0 99
40 65
58 65
19 41
13 88
17 47
3 74
36 66
37 80
20 62
42 69
32 84
20 81
46 96
34 50
25 57
15 95
59 69
30 91
11 29
19 37
0 70
9 38
55 75
22 93
35 95
60 68
69 99
62 73
26 63
47 56
25 67
17 82
29 80
32 47
16 37
59 71
48 53
69 93
29 96
77 93
8 25
35 45
58 97
89 92
53 71
29 75
10 42
69 88
38 56
60 63
59 97
22 43
39 62
35 51
8 96
35 87
12 33
9 43
20 30
63 94
34 99
22 28
1 37
2 97
63 96
55 86
65 71
2 36
74 81
25 99
18 62
38 78
54 86
2 39
15 66
57 63
54 76
1 21
69 97
60 90
30 78
67 68
10 40
68 71
7 16
0 98
47 87
9 89
3 13
61 94
21 65
26 98
38 48
6 11
77 94
28 74
31 60
11 75
13 92
24 62
20 99
38 49
17 77
14 23
54 60
21 40
38 72
14 56
44 86
42 44
3 28
32 65
28 52
13 65
51 83
37 73
4 75
12 37
15 89
22 24
74 76
58 92
32 33
4 55
8 36
9 26
23 57
83 92
45 99
40 98
9 70
67 93
38 84
1 55
25 48
2 19
91 97
51 94
23 41
53 64
8 32
48 87
65 78
14 32
9 66
47 92
36 38
43 90
19 26
36 60
11 15
3 59
10 59
28 93
31 73
30 72
86 88
53 54
55 66
16 39
73 87
21 99
73 93
48 55
36 91
18 21
16 64
54 92
13 26
28 76
68 81
51 80
7 12
27 34
40 94
11 76
65 72
4 94
67 71
24 94
92 97
27 73
3 75
