300 600 4
156 221
40 107
67 268
155 270
48 206
81 279
152 275
0 246
70 211
72 146
48 260
55 73
16 29
186 218
217 234
110 153
34 296
131 213
17 233
7 88
157 290
120 212
89 238
83 245
164 251
101 176
89 222
158 292
45 255
149 274
122 206
119 273
23 155
30 187
54 118
5 74
230 252
56 247
44 55
12 91
68 249
137 253
75 180
116 265
180 256
65 274
104 279
15 204
29 257
116 182
216 227
180 270
23 133
84 199
139 163
139 259
105 111
144 242
255 261
146 277
38 161
167 203
99 103
211 230
106 143
47 211
231 240
197 294
107 248
175 227
199 241
123 267
189 232
245 263
9 287
96 130
0 175
147 253
104 271
258 262
166 275
170 278
94 105
179 218
201 204
43 129
268 290
25 287
66 186
23 287
160 175
175 269
100 214
95 126
154 262
20 40
5 71
183 213
77 155
72 268
33 268
66 148
208 281
13 63
24 101
123 130
54 193
250 268
87 197
133 213
60 292
189 201
186 197
179 217
202 271
57 132
197 233
87 163
210 272
208 286
73 138
60 207
50 194
232 251
72 77
185 186
1 34
87 100
142 297
124 241
140 242
61 211
240 246
27 212
100 215
15 96
182 268
49 184
97 115
81 198
11 277
267 289
111 202
114 263
75 160
87 130
233 256
90 258
153 205
87 107
130 188
4 239
135 221
87 279
68 116
38 210
243 269
165 242
162 167
181 191
101 183
106 259
134 204
30 88
65 192
109 299
182 275
125 207
154 254
44 208
174 184
115 254
12 282
253 279
93 182
12 241
63 293
5 131
114 131
48 289
81 192
6 211
183 246
5 195
48 272
19 67
66 246
101 175
172 281
87 140
139 222
111 113
17 181
146 179
53 138
14 286
149 256
97 222
185 232
135 229
24 68
178 211
173 221
66 179
16 173
91 118
1 133
57 88
203 245
158 294
98 167
3 190
36 142
75 76
39 260
50 233
205 224
30 63
67 196
30 42
58 196
12 125
45 269
28 206
0 220
16 193
96 214
59 63
67 236
56 195
2 164
80 197
206 255
151 207
65 188
233 260
98 131
93 193
122 185
36 266
111 274
124 236
78 255
10 265
42 120
94 264
126 269
57 151
136 274
103 244
75 281
153 285
97 145
76 132
275 293
180 188
81 199
4 83
210 269
76 253
91 223
119 258
21 55
159 178
54 166
78 122
101 139
96 263
243 297
119 248
5 181
242 296
98 201
263 270
81 88
99 297
46 48
66 127
224 293
3 38
26 96
201 287
82 135
226 282
7 222
66 108
218 281
234 277
94 122
288 297
7 154
157 204
65 227
135 217
125 138
26 156
162 268
133 137
79 293
117 237
232 258
71 75
15 197
87 175
203 217
46 261
232 277
23 233
122 133
60 111
10 55
93 262
72 116
42 153
146 214
207 295
54 210
133 188
53 79
205 258
92 113
40 278
150 291
49 85
11 240
131 262
116 138
108 204
106 220
145 278
33 40
126 212
66 151
77 180
52 75
78 241
104 115
60 167
16 239
26 262
108 189
2 208
1 184
287 291
177 211
67 234
20 71
103 176
69 251
80 241
125 131
51 176
123 282
94 293
117 190
58 289
23 28
121 219
52 256
282 292
13 78
9 276
44 186
143 231
3 145
95 111
147 172
121 190
218 297
118 164
3 280
126 144
129 156
33 43
57 291
159 239
113 271
2 25
67 93
48 140
68 294
5 219
133 209
197 250
71 92
50 125
58 160
66 254
59 285
154 181
275 284
136 156
123 155
58 157
85 174
36 176
155 293
170 276
244 248
8 52
95 112
26 266
96 171
178 238
33 218
39 108
93 154
95 270
220 287
180 239
144 243
6 287
112 228
188 266
7 21
119 160
58 296
230 249
38 135
16 219
117 184
209 283
168 171
71 100
95 258
73 99
138 164
65 173
117 160
139 141
47 186
100 285
113 231
13 60
181 234
136 299
134 188
188 271
81 281
51 182
40 102
266 292
163 224
109 134
172 256
28 166
25 107
9 152
1 207
46 71
36 101
94 259
140 214
9 80
63 246
91 202
25 66
145 166
238 272
242 271
23 185
32 166
242 244
115 242
159 271
239 245
207 218
215 269
156 286
244 246
34 49
195 222
118 266
9 248
39 61
154 221
93 151
166 186
87 225
144 185
36 114
170 267
64 162
18 282
235 244
157 280
247 261
166 219
37 209
125 268
108 143
255 277
47 223
18 172
129 221
114 249
63 125
90 196
73 288
44 153
196 230
181 263
183 258
7 201
273 283
49 212
73 157
26 206
218 250
45 235
63 219
42 296
54 261
143 169
97 169
152 273
155 279
12 160
3 205
3 176
68 257
56 174
19 281
16 37
101 241
1 76
159 187
103 198
179 247
144 255
58 158
79 292
72 177
129 132
54 222
67 294
49 112
72 139
163 190
62 259
185 241
94 270
271 278
57 61
70 230
80 102
47 105
42 244
79 107
29 206
24 138
80 291
136 279
159 279
159 293
81 289
157 202
147 185
105 292
291 296
129 260
116 246
14 255
201 249
95 102
54 163
115 297
200 220
100 281
119 295
34 223
119 130
225 277
85 293
57 231
23 116
63 264
184 261
188 265
66 222
61 288
30 41
81 101
13 228
109 296
113 183
85 128
93 145
107 240
69 277
9 144
168 172
26 31
169 191
109 212
31 173
131 191
57 288
145 261
45 90
