500 1000 2
87 351
237 392
227 303
187 208
226 392
27 434
107 441
143 411
255 377
154 458
97 404
311 412
179 418
14 417
293 303
164 474
36 498
135 375
305 442
21 242
415 449
301 307
266 451
194 308
176 323
124 129
89 479
201 244
112 472
164 205
18 336
108 254
220 471
53 193
162 385
77 456
63 359
194 461
221 232
161 444
211 297
228 475
367 426
115 287
21 143
306 441
10 467
239 281
339 422
148 264
206 327
39 412
171 280
229 405
156 376
226 345
20 420
196 362
55 266
1 364
206 324
154 292
47 479
44 172
176 379
114 240
44 360
47 69
68 362
73 469
20 477
90 406
222 496
141 365
95 205
211 252
56 443
407 427
189 327
60 144
146 281
137 433
243 328
244 288
354 372
26 120
248 410
440 469
34 332
153 239
88 214
119 247
35 474
283 417
179 411
70 121
290 341
24 368
237 311
12 334
291 455
6 104
11 415
139 264
84 250
87 403
182 372
15 20
86 106
113 448
53 140
78 185
70 283
230 378
289 377
227 469
410 438
166 288
350 434
191 357
285 490
69 87
180 242
156 344
13 68
20 411
109 179
64 464
227 392
78 146
190 191
27 374
281 468
33 66
247 300
166 365
349 470
92 180
277 443
42 51
266 476
279 314
290 466
385 444
73 409
234 468
145 359
83 217
96 203
236 396
140 337
221 301
47 115
162 434
289 498
264 380
304 431
19 60
126 264
297 411
91 376
170 193
134 322
56 447
312 474
104 486
66 115
70 106
296 470
346 377
265 472
123 299
387 436
83 211
140 423
45 155
255 474
112 348
34 380
325 340
55 206
118 459
70 306
98 354
361 382
195 214
238 397
198 341
257 316
220 420
344 421
6 102
309 369
58 229
14 357
408 490
28 94
397 456
72 205
392 495
38 299
305 387
6 415
243 280
211 237
231 444
118 352
68 491
170 448
299 382
101 105
188 377
428 465
51 131
119 155
242 333
368 461
270 353
101 366
124 320
241 408
111 484
9 66
343 394
139 347
381 428
332 372
217 477
45 401
361 411
322 340
45 106
38 82
29 497
85 203
84 299
91 439
389 401
380 432
75 276
422 470
278 404
94 151
52 458
391 499
5 27
330 469
112 318
214 349
191 192
113 493
94 288
149 482
179 390
120 146
210 261
213 222
211 318
167 432
227 406
107 306
184 300
312 341
49 312
130 480
99 486
409 455
280 326
220 335
124 448
226 320
27 213
20 454
19 114
460 462
288 393
58 332
375 488
386 391
333 388
38 390
290 323
64 288
232 367
175 462
409 487
217 244
43 494
27 443
310 460
149 390
29 496
76 158
33 166
220 304
8 283
455 477
225 392
8 24
4 60
58 116
7 375
267 466
19 479
51 407
180 203
140 276
186 309
128 191
147 378
206 483
315 441
257 396
209 302
252 490
321 483
135 350
152 311
59 465
167 205
68 83
208 295
173 484
193 276
31 411
69 257
394 419
104 252
346 405
347 445
92 280
76 252
62 119
278 374
119 452
76 208
79 437
335 497
2 211
206 312
303 310
243 299
44 150
236 444
394 467
162 225
170 227
78 296
38 296
43 473
285 310
373 387
25 254
246 420
324 402
225 407
91 358
86 96
4 225
25 33
118 130
350 372
307 427
202 360
70 118
89 191
84 469
67 310
18 432
118 261
43 381
100 495
138 470
195 303
85 269
434 473
110 400
77 98
231 491
89 178
171 284
76 256
367 466
150 490
79 455
104 266
60 410
122 277
85 109
157 437
29 298
241 497
248 397
199 394
273 444
62 375
245 474
43 187
312 465
109 478
79 228
60 240
120 295
16 179
55 398
10 369
159 489
109 442
84 189
18 107
40 477
193 314
167 433
17 64
219 313
222 461
114 431
136 374
8 491
93 102
30 381
146 434
123 231
33 54
273 361
236 466
72 446
84 322
63 417
272 439
201 241
242 275
192 484
41 351
144 204
21 141
208 339
194 449
197 431
21 315
73 332
264 375
129 189
261 436
223 388
30 61
7 467
126 152
189 359
319 480
171 189
434 474
174 175
66 488
207 450
105 116
219 282
149 498
82 297
124 166
98 101
49 136
101 323
176 488
51 118
36 100
266 360
62 422
371 414
145 328
118 141
245 451
34 335
148 322
71 491
70 384
106 473
15 363
237 252
147 212
327 455
39 148
222 415
114 303
216 347
119 415
155 238
7 396
130 463
53 395
338 370
247 482
128 172
23 248
378 473
5 411
86 293
58 470
105 150
15 78
9 241
202 209
213 227
0 454
69 426
262 327
210 304
4 238
100 362
244 445
111 442
5 478
174 357
173 399
56 475
255 340
163 350
394 426
135 479
90 248
250 267
199 377
82 405
8 199
48 459
190 343
19 486
354 402
261 467
44 241
9 61
141 385
127 256
62 92
319 423
63 248
149 421
125 237
160 272
18 473
70 261
83 386
198 369
96 404
139 208
129 353
457 496
1 45
233 305
107 185
77 291
180 187
92 213
208 212
56 129
0 102
112 489
86 387
363 462
259 435
6 120
159 257
296 372
327 377
223 421
39 383
17 280
22 91
48 404
361 493
277 388
253 429
204 497
144 186
217 438
220 382
189 332
259 343
79 81
214 348
176 261
236 413
60 256
211 423
65 129
287 471
390 407
63 204
149 450
364 398
150 246
69 246
68 152
244 289
102 258
315 467
31 405
192 244
112 146
45 287
9 196
378 469
98 392
70 440
198 428
39 93
78 484
28 113
53 353
192 357
53 312
23 372
71 465
452 454
276 428
289 319
211 239
107 341
128 436
68 124
213 313
177 447
77 323
59 302
224 230
82 137
161 361
27 242
241 372
289 363
116 452
296 397
441 478
149 199
172 215
168 405
95 410
335 439
2 86
18 276
264 316
22 165
180 256
79 146
64 336
5 193
209 254
90 128
13 383
71 226
298 411
69 434
18 139
14 25
72 264
142 211
9 261
89 135
79 115
233 392
94 346
465 483
342 358
310 434
300 461
25 494
123 125
125 413
175 345
24 338
82 220
117 339
240 430
171 457
385 454
15 73
169 383
16 405
119 218
177 243
116 185
319 442
133 415
382 485
168 293
86 406
355 416
262 386
305 381
50 387
161 213
437 481
214 400
30 499
293 395
124 139
239 498
69 475
70 267
4 172
371 452
8 245
215 465
311 348
408 413
169 274
174 413
197 328
57 238
360 361
339 423
69 241
140 335
128 233
118 340
18 399
120 384
455 495
165 199
102 486
138 221
432 485
54 215
331 428
80 398
300 338
153 491
126 497
151 169
70 366
116 173
29 395
64 279
182 445
121 365
426 439
337 416
351 417
301 397
7 395
343 471
17 448
280 316
285 386
261 264
39 197
142 259
53 488
236 459
79 335
27 309
229 404
106 129
277 461
125 442
102 291
85 165
343 383
138 462
333 457
332 459
36 345
333 410
79 317
1 240
222 261
212 369
25 208
226 477
114 383
120 454
143 298
32 70
147 428
260 299
198 288
82 98
257 446
73 90
255 395
201 246
183 200
214 365
348 385
150 459
9 297
0 331
235 373
275 336
270 326
162 294
239 310
139 281
198 268
1 259
227 364
356 390
376 433
297 359
251 336
92 223
212 489
182 444
28 351
321 352
73 161
54 338
103 384
288 384
74 484
298 450
198 368
33 244
146 175
13 350
68 107
270 316
88 283
23 416
133 179
3 422
23 187
210 395
101 135
177 483
445 473
141 350
327 424
29 438
132 291
14 404
108 321
342 469
490 491
255 312
366 409
338 380
142 398
84 184
161 266
14 416
53 117
343 480
152 371
300 367
81 461
65 276
207 413
107 214
419 486
336 383
438 443
152 349
403 428
20 57
108 449
8 204
369 400
123 274
100 286
264 437
43 73
220 384
340 492
17 387
137 360
132 424
19 241
14 291
151 408
419 455
24 176
259 328
274 357
240 486
25 130
213 372
224 247
98 293
26 469
270 448
9 148
356 421
20 335
344 366
126 427
35 332
351 370
78 446
131 305
45 499
262 321
118 125
228 285
22 411
59 355
277 433
211 262
120 271
62 282
144 184
84 196
27 231
142 216
61 70
2 112
254 288
84 439
400 404
19 496
243 455
127 475
104 472
36 41
119 146
10 171
28 45
277 383
88 374
62 93
286 368
105 144
9 329
249 434
88 235
114 299
229 317
47 48
21 46
405 455
82 466
465 494
19 385
60 185
111 333
281 430
171 292
92 227
114 140
105 167
96 194
185 465
120 202
185 271
101 238
94 213
17 122
10 113
52 199
208 382
168 258
193 285
55 419
358 387
290 368
41 252
221 386
68 248
13 63
4 325
43 56
31 131
199 338
451 459
425 436
289 328
119 356
76 342
149 251
3 446
28 374
300 420
432 452
12 300
60 316
231 315
38 450
65 433
385 445
30 219
171 209
186 418
240 432
310 384
42 229
365 414
187 211
131 459
14 474
171 197
88 481
193 269
57 481
9 99
301 490
436 476
7 147
414 438
99 129
230 351
