800 1600 1
158 303
399 672
21 629
47 592
560 678
580 687
502 679
328 413
60 685
288 389
255 533
85 258
29 118
253 304
107 678
673 760
22 92
39 85
367 558
250 644
581 677
76 301
184 279
84 401
512 710
40 662
282 530
212 797
518 539
398 430
189 468
261 349
19 527
43 464
18 253
572 671
180 466
126 487
173 217
293 600
411 428
203 303
418 532
213 452
53 510
539 743
465 531
114 295
32 236
132 134
134 712
344 491
101 778
489 493
19 584
201 309
322 763
144 187
524 720
313 526
246 558
403 458
159 480
726 740
298 433
199 622
416 758
464 777
164 736
110 761
229 422
437 464
85 127
121 150
126 150
64 598
40 290
357 633
33 754
320 691
188 507
353 761
67 249
2 701
672 688
52 218
276 606
114 568
408 781
44 520
300 350
197 762
268 423
735 740
602 636
383 437
115 283
447 448
635 692
244 748
54 363
89 732
161 666
81 293
223 661
13 591
693 776
360 675
705 789
353 630
430 719
339 591
220 262
111 289
78 543
451 552
60 730
341 688
638 658
247 320
387 791
222 483
125 513
175 558
127 497
49 457
263 715
267 299
387 591
301 558
720 786
36 232
147 615
175 263
8 277
310 354
247 269
587 703
685 714
171 589
106 261
364 454
337 777
583 614
116 722
304 451
172 397
219 716
219 798
241 331
117 715
394 562
108 333
458 477
160 768
328 405
313 562
47 299
22 314
244 636
141 542
111 310
633 735
301 754
291 782
422 706
12 456
352 364
188 642
69 117
116 306
385 759
1 649
649 703
36 37
509 652
310 746
1 203
252 647
307 389
192 400
398 579
139 212
353 512
159 430
135 493
422 771
93 765
411 762
328 490
110 155
30 610
526 573
23 638
71 556
14 337
490 774
298 745
120 731
165 294
381 734
392 444
6 269
0 427
340 650
296 620
350 721
352 592
269 320
143 348
86 287
560 614
252 781
215 794
360 454
2 457
624 635
26 676
550 670
354 372
311 413
172 392
200 222
442 512
6 479
371 579
626 634
550 651
165 304
346 541
199 275
552 652
7 162
324 757
300 632
638 704
147 728
681 702
212 557
323 579
193 310
409 564
495 708
160 537
498 645
38 376
397 775
355 774
165 490
363 718
396 740
702 718
235 421
58 791
270 301
572 658
122 730
475 729
590 668
105 134
86 528
216 736
193 205
219 324
223 317
16 751
213 619
361 554
377 395
457 495
66 702
153 591
26 493
183 514
246 442
443 780
452 667
281 484
550 578
453 463
517 688
19 77
159 685
476 579
159 533
332 553
741 751
583 598
233 771
770 791
95 375
256 657
608 659
482 561
383 786
50 203
102 591
257 492
154 523
129 481
26 385
183 646
599 620
697 726
759 773
164 796
184 487
52 623
184 707
106 371
189 553
515 634
46 93
333 453
77 670
122 169
442 756
259 394
569 775
705 724
222 672
421 630
340 477
77 406
727 735
587 614
113 324
265 439
619 704
235 783
33 470
282 323
385 703
38 757
89 680
742 788
199 257
46 647
297 371
201 432
332 732
309 705
412 451
201 354
254 313
120 240
155 172
767 791
292 670
590 796
271 626
442 528
670 687
70 669
421 793
260 701
82 663
134 205
174 286
366 464
496 761
488 781
532 787
266 796
484 517
548 706
75 396
399 609
15 487
419 602
222 236
88 655
370 752
595 732
169 623
0 418
145 719
357 750
494 797
25 678
603 691
249 711
202 756
145 656
379 533
435 509
574 771
431 662
62 769
130 755
115 728
106 210
257 576
183 744
210 278
302 428
311 570
52 673
377 769
430 479
261 387
394 517
243 308
143 293
280 509
526 736
186 662
463 610
213 313
483 740
330 339
143 337
6 349
54 631
211 705
396 788
80 130
70 268
299 763
660 724
291 568
690 763
584 727
715 765
449 690
503 652
409 778
28 779
542 789
594 606
277 308
13 396
79 218
222 283
544 667
388 717
83 172
478 779
41 119
235 787
445 726
300 783
141 374
130 384
152 721
334 444
294 727
341 518
438 476
106 217
382 791
142 144
388 494
212 763
353 619
714 737
68 153
135 635
258 572
261 301
118 721
96 305
366 716
138 745
74 267
671 792
244 686
439 726
319 782
83 85
97 513
76 411
13 103
5 532
44 280
77 266
146 206
679 744
293 466
120 639
77 242
591 752
331 702
82 252
186 615
130 396
173 390
211 751
323 449
180 624
533 706
369 713
171 500
146 198
271 432
106 505
267 517
618 639
58 649
355 467
295 686
84 519
62 256
224 672
38 230
515 604
10 120
93 752
93 116
83 706
392 796
152 401
320 349
240 260
461 489
379 456
355 426
182 605
650 708
376 715
273 348
99 382
123 549
635 707
366 623
100 366
397 450
207 671
689 720
517 703
589 623
108 405
382 605
347 568
25 332
51 683
447 713
194 515
499 585
149 795
17 336
137 331
147 438
380 519
19 174
485 556
409 638
457 780
546 577
236 731
96 783
239 348
217 664
15 253
114 402
268 548
181 525
736 751
270 759
47 414
108 183
102 357
27 227
497 690
99 381
268 693
97 408
104 463
111 270
82 398
149 660
99 391
393 587
443 717
152 610
112 501
49 72
471 654
258 745
144 651
409 776
60 308
57 417
630 654
373 791
611 723
323 545
114 157
218 311
284 298
417 522
76 160
173 270
350 446
139 580
122 751
257 352
254 780
186 504
26 695
320 345
102 680
190 431
160 234
259 733
350 490
81 416
102 784
157 678
368 686
220 394
37 464
357 583
439 527
703 725
101 374
278 522
146 316
646 756
206 639
292 495
169 446
122 265
252 786
324 583
439 790
182 464
52 234
185 526
15 796
48 199
298 503
325 567
141 594
15 442
116 430
25 474
41 302
94 134
331 343
247 746
34 506
32 386
235 784
687 740
92 784
68 587
545 747
215 347
488 756
9 119
3 414
139 321
101 457
57 334
95 129
55 734
445 595
354 504
96 359
453 793
108 469
228 440
41 539
538 652
678 740
540 605
209 347
87 657
243 563
435 711
329 587
764 795
147 620
86 540
274 406
36 87
83 516
38 240
202 534
573 758
418 567
100 749
380 572
238 779
207 624
95 142
101 460
175 612
349 522
176 283
485 600
256 647
441 655
4 739
37 307
352 708
497 699
260 459
435 744
168 479
353 691
59 239
472 780
241 320
113 636
161 261
362 467
434 744
252 652
387 679
275 588
623 633
123 632
51 447
274 498
405 529
303 527
502 653
562 628
280 679
40 724
365 467
478 634
335 591
337 711
366 657
474 698
57 621
659 793
55 125
310 617
382 460
557 744
218 219
59 120
482 514
259 327
141 468
224 246
240 342
708 716
71 451
499 646
154 404
360 708
381 403
174 280
388 775
245 577
331 624
101 131
35 742
184 708
310 482
478 673
347 442
29 250
209 572
304 697
40 672
194 219
309 486
270 491
18 394
630 633
15 789
286 323
51 396
181 626
519 606
395 439
13 261
439 796
37 531
399 681
458 730
208 308
121 179
227 350
483 499
642 737
514 526
630 757
258 680
662 743
714 766
67 301
130 733
86 734
292 488
458 487
340 436
275 741
520 789
186 640
381 422
425 487
49 482
42 750
155 701
178 668
8 284
335 541
140 192
248 439
32 643
243 675
657 750
661 716
318 538
62 612
136 759
152 419
53 254
549 702
12 429
327 607
125 475
404 757
343 668
88 304
55 663
223 455
623 798
266 603
453 619
501 543
248 365
80 408
126 622
290 468
499 636
256 591
368 710
74 732
254 594
312 487
117 511
546 726
485 595
278 734
30 199
185 733
277 623
9 124
6 761
43 351
67 388
700 788
341 549
511 541
221 540
11 185
322 406
613 752
389 417
432 730
494 560
301 461
103 788
287 748
295 690
395 788
278 432
128 591
218 485
230 648
203 594
91 263
465 720
242 406
60 490
219 509
13 432
81 615
329 770
50 444
322 348
160 581
126 739
710 728
326 597
356 428
312 438
211 346
367 505
427 599
3 330
240 704
402 649
274 604
193 767
101 429
110 134
11 413
72 88
122 285
112 353
551 596
16 538
320 454
354 487
333 675
10 352
42 175
137 670
345 454
262 524
21 22
336 752
518 630
214 218
465 610
10 558
83 707
290 547
709 775
614 662
58 326
280 707
457 694
382 761
254 654
490 697
78 749
221 533
79 736
434 456
269 271
60 665
100 592
27 110
232 665
254 387
186 251
27 694
279 286
742 796
253 562
197 447
242 611
21 70
22 555
492 740
44 610
716 782
570 719
133 413
21 549
274 610
243 375
260 552
445 460
109 299
331 796
393 489
106 730
117 181
432 448
168 331
70 582
16 150
226 466
59 648
129 325
6 412
508 743
247 358
149 409
626 628
283 657
114 330
113 464
158 569
115 640
406 774
40 470
57 94
590 690
587 605
158 341
393 581
402 597
42 773
21 134
435 588
93 247
126 577
299 616
467 497
332 722
135 342
705 784
270 658
413 528
89 256
397 562
566 773
451 529
100 216
554 727
163 623
174 507
269 307
74 628
63 365
283 645
206 488
373 690
188 216
204 763
156 434
161 454
671 706
284 413
321 365
151 365
498 564
365 780
277 443
260 793
163 554
438 660
7 281
24 783
462 480
332 504
359 677
49 710
661 714
280 618
566 606
765 784
52 59
517 662
301 749
329 530
293 789
391 775
356 430
665 676
61 225
32 720
12 173
111 264
294 322
754 758
275 343
452 639
175 364
350 441
176 724
439 620
312 798
79 231
86 505
199 772
79 515
6 381
174 639
416 638
169 624
17 18
182 763
189 656
439 621
638 787
423 720
282 776
50 689
554 754
691 792
432 765
221 789
711 717
660 737
300 599
452 466
592 679
340 686
42 382
402 523
91 105
370 733
73 297
334 362
155 697
59 524
59 274
381 520
16 594
147 751
184 367
644 672
96 369
352 406
131 639
554 653
631 780
78 746
473 522
130 150
246 356
348 433
131 380
351 503
362 409
69 245
34 302
19 129
740 787
314 476
117 568
503 579
380 720
67 757
300 772
97 424
326 601
90 629
49 461
180 375
98 151
407 469
48 359
364 645
713 786
458 653
3 420
66 631
363 628
266 298
86 567
279 316
88 337
74 537
660 758
104 261
42 386
526 750
9 414
96 396
658 793
32 267
360 794
294 330
32 297
43 472
5 367
199 355
515 578
87 594
70 334
124 293
62 597
212 484
58 185
75 673
478 765
59 566
93 277
363 796
339 764
112 266
170 795
32 161
166 694
328 759
570 578
331 475
47 86
142 658
254 586
91 331
19 108
221 664
336 668
562 669
198 788
354 516
108 759
277 784
34 315
52 115
114 399
371 637
272 322
684 689
5 492
48 452
218 609
349 493
156 775
663 694
181 191
531 667
122 698
225 503
374 554
644 785
178 230
120 269
28 99
621 649
316 462
245 337
139 495
164 671
2 271
324 713
13 640
287 385
471 765
225 623
274 393
39 152
96 102
748 776
197 629
150 547
457 775
186 319
109 676
263 786
137 378
642 651
225 743
360 734
108 297
530 663
386 394
0 690
256 433
472 525
320 663
305 592
28 255
242 652
32 583
306 317
325 371
49 330
365 472
44 640
238 421
175 709
398 406
107 506
212 224
80 330
398 694
150 233
281 639
345 446
369 691
86 296
355 370
71 653
217 631
484 503
312 709
313 697
134 525
43 364
324 611
4 738
31 609
421 683
285 789
597 713
357 679
41 286
112 500
300 701
113 730
351 451
120 677
4 335
316 532
653 745
241 623
356 634
664 795
260 769
341 415
731 754
140 226
235 695
65 398
172 203
582 601
141 469
302 631
173 532
725 762
226 314
466 720
443 562
626 659
365 714
440 456
8 712
96 480
253 580
743 762
46 408
369 489
397 666
54 618
23 734
95 765
219 705
202 426
664 694
426 733
42 506
40 103
410 494
303 418
633 727
297 388
414 784
63 582
491 780
204 322
541 559
248 457
25 151
159 475
90 449
579 796
230 510
521 703
177 728
80 771
196 638
650 697
500 546
198 673
326 490
155 513
434 690
167 401
273 769
451 535
17 350
362 669
280 374
203 607
43 764
646 705
161 396
325 539
488 643
2 387
223 724
2 487
473 701
133 423
427 741
164 211
572 753
167 484
306 691
3 238
370 529
45 631
12 395
543 757
47 754
335 464
167 740
480 796
184 263
187 420
387 566
12 415
596 796
221 678
504 608
583 751
190 642
13 768
169 263
764 777
70 299
419 743
347 737
476 631
202 604
452 781
154 291
178 301
407 709
359 497
82 94
245 271
61 379
182 511
471 592
239 701
428 650
120 210
353 768
294 569
170 711
229 632
73 396
59 420
277 566
411 783
72 155
585 620
107 794
184 712
280 763
444 604
140 185
658 741
300 543
18 421
32 459
429 574
262 293
45 741
369 551
4 373
589 752
386 742
613 683
43 242
525 715
132 445
337 365
168 722
146 204
489 766
409 749
757 769
87 436
285 557
83 452
165 618
436 698
47 528
597 625
32 580
549 799
89 433
243 766
142 151
75 447
318 632
103 667
76 769
86 744
21 246
195 661
403 719
22 318
36 504
575 579
187 754
72 595
182 730
135 270
111 322
554 714
641 702
345 374
32 221
68 412
8 42
673 734
656 681
366 750
88 772
423 488
36 409
231 767
310 738
392 483
496 585
494 598
582 744
241 616
152 303
462 472
526 614
278 796
462 586
615 778
457 642
428 573
58 210
287 346
492 658
120 176
518 760
50 558
418 544
685 701
301 351
324 628
514 767
253 364
627 672
263 478
494 743
510 521
431 515
203 452
309 554
132 481
202 478
92 359
32 468
245 286
474 487
38 181
677 735
236 400
403 495
103 333
382 403
388 499
64 114
151 204
250 510
410 616
113 509
167 455
259 412
452 680
397 429
238 687
320 634
46 184
268 549
144 436
634 797
192 642
214 779
317 342
114 487
416 463
134 330
336 608
190 541
478 758
266 675
126 689
153 544
82 186
70 528
158 233
211 779
546 630
205 319
239 778
664 726
290 775
81 187
38 482
523 542
118 571
426 574
295 638
70 661
74 591
277 738
190 605
287 626
200 236
109 604
565 698
263 300
164 484
95 111
111 131
443 667
553 653
420 718
21 319
498 520
245 560
79 149
39 322
86 704
37 277
13 798
104 319
97 467
2 525
467 523
303 389
295 453
374 532
234 375
