100
22975 1680
25752 2526
19246 25014
2530 19700
27520 6574
16791 16183
12105 18225
4545 114
29300 20698
28211 23344
16217 10318
19706 1019
11457 4306
22451 6378
18424 6419
13328 21043
29920 6534
20253 1134
21144 10475
13591 16770
5089 1918
7249 26282
8158 23480
24680 22344
19617 1152
11986 29820
12898 18434
25500 18122
20592 9563
25628 3895
28830 8817
17658 14301
16389 2910
28381 18117
9694 14697
21660 13846
18305 3310
9059 27326
19009 7185
6545 20919
23755 17845
21554 22436
22772 675
23325 20530
12308 18793
10141 1433
28804 19926
19923 27430
19244 29908
11032 26074
3597 18458
3863 20134
4810 16017
18240 12223
18441 10072
21520 17636
20233 5426
5410 14049
3849 27574
20198 2640
10283 27239
7958 14912
24877 11054
18705 10437
668 22720
4515 7608
24238 18827
26363 23448
7640 13472
26044 25942
21181 24261
14578 13835
6063 23184
17678 26575
23716 22058
23031 20456
7977 6915
14424 29207
4667 20301
10037 7864
9848 24494
24847 2556
22008 24981
20760 5790
19770 16946
29786 13480
28680 10284
20038 27938
27704 18692
27067 27037
21370 17325
14282 22567
29737 6941
15056 28004
21671 24963
29919 4316
27701 8291
8749 19987
27937 19268
25175 12611
