51 639
583 342 59 460 48 194 376 448 26 425 8 499 556 491 495 86 466 635 99 344 188 153 292 62 201 296 102 311 559 632 155 594 634 520 257 327 151 262 456 411 174 433 360 492 266 638 382 356 134 504 267 417 79 553 533 397 128 196 115 135 618 108 288 154 415 332 355 340 38 435 527 481 626 68 316 81 184 176 555 303 47 424 375 164 526 598 106 364 414 539 470 363 67 244 313 450 123 281 505 335 603 565 150 282 546 170 226 42 242 125 474 64 473 43 2 377 390 330 20 290 338 506 124 515 480 575 440 276 588 130 144 388 277 394 302 455 402 293 427 287 308 423 35 477 34 372 568 384 39 446 122 637 487 628 574 163 408 209 94 119 321 461 83 295 45 249 291 278 400 286 463 256 393 255 378 468 222 621 444 590 53 167 369 488 75 156 7 15 120 525 502 476 374 191 70 401 220 232 197 136 58 600 61 17 557 498 535 63 190 258 510 563 44 326 442 133 132 587 211 538 403 307 359 240 178 482 343 605 524 111 366 398 333 361 462 430 0 441 23 179 235 205 18 251 65 36 616 143 171 294 513 428 204 429 182 471 577 165 602 410 346 432 451 570 512 325 323 479 218 591 217 101 304 98 528 629 312 500 172 576 118 542 261 558 32 319 550 77 436 511 348 93 116 138 29 90 339 89 198 49 334 300 633 139 84 183 580 216 24 484 4 145 464 496 619 76 214 501 586 157 88 229 193 127 147 6 547 564 230 162 95 584 1 73 206 610 324 406 620 55 341 87 21 152 615 71 420 16 514 582 237 46 336 140 409 438 54 187 581 10 13 180 497 131 457 579 523 168 345 80 596 383 103 534 234 566 595 422 467 25 297 274 399 41 212 96 413 543 370 516 219 478 224 630 137 416 228 445 517 110 412 50 289 350 572 56 318 203 625 189 624 117 181 362 223 329 315 195 431 475 386 529 353 247 107 142 310 503 611 509 271 40 57 74 368 202 354 129 387 160 418 113 210 544 285 114 186 395 349 373 225 593 31 493 166 396 607 259 469 104 357 309 233 253 631 381 347 494 358 604 60 608 252 609 483 126 169 385 507 560 536 11 407 392 419 434 121 485 299 599 606 14 352 537 112 200 531 452 439 585 623 508 365 389 248 85 27 215 273 530 241 185 298 91 540 19 159 449 551 305 37 280 283 173 92 208 199 158 447 549 601 561 562 149 380 573 532 379 569 28 521 213 5 12 627 522 306 592 66 279 426 458 246 82 331 33 489 371 254 275 518 239 421 245 265 148 269 405 597 192 238 552 97 78 636 622 541 351 617 545 443 263 250 328 141 175 272 51 221 453 589 146 9 231 207 367 30 260 72 69 284 317 571 161 227 105 519 322 578 391 614 177 567 3 301 314 454 459 337 320 554 268 236 22 270 243 472 486 109 404 613 264 612 100 490 465 437 548 52 
2674 41 4314 876 73 2819 611 1018 4933 3113 696 3170 3832 41 1489 3686 4091 4498 2590 991 146 4354 4315 3652 1741 2045 1259 336 3760 1193 2606 265 2182 3504 3830 3776 609 4293 998 2550 4557 562 1628 1468 4542 1130 1241 2814 4175 602 1078 216 3684 3214 3993 825 602 3393 760 2671 1429 3028 4085 76 3787 499 4971 1288 3848 2605 504 1222 2664 707 2364 4011 2172 2490 3241 2165 543 2620 914 2592 1705 1819 4233 751 206 4976 1540 304 1423 1099 1248 3585 3649 2972 2865 2914 1076 1546 3713 2547 3679 1770 263 3520 3986 3290 945 2866 3541 3246 509 3319 2871 4602 3324 1133 4473 2153 88 3571 4764 4902 2104 4424 3528 1601 1970 4016 566 29 1544 348 2089 2944 2638 2410 1464 50 4682 1589 1343 609 2061 1222 1759 4955 889 4147 691 2950 2844 1431 621 749 2068 4537 784 3036 2227 186 2039 4854 630 1225 749 4924 3360 2258 4767 4945 4956 3319 2727 412 1026 356 1002 2550 4497 3585 4516 2965 3343 3076 2914 1143 1197 1949 73 427 4607 1174 4430 2405 1706 627 4813 4376 94 1566 1037 4737 4142 815 995 3257 1653 3937 839 483 1356 1016 1132 3231 2842 4626 2012 2638 4187 4691 1651 663 1635 894 354 1417 3453 4009 2263 2234 455 1304 1635 1304 4257 149 1125 2318 4214 2110 4029 4201 1081 1319 1859 4051 4156 1362 265 1904 3677 4644 1910 4903 3562 3490 4949 1283 3654 675 2221 403 1924 3832 4370 3879 260 4009 2620 3972 4 1946 4782 1505 2393 2686 314 1699 590 2723 939 4038 1411 1462 1235 2509 4962 3960 1494 1516 270 4938 3870 59 4701 3972 1265 118 1216 4556 2816 3331 3040 213 4289 3083 1955 1086 711 4485 4775 3381 4816 952 1542 3116 1680 2111 899 3074 789 3978 3133 4957 3690 1114 9 2942 791 1724 1364 29 185 4779 2201 72 1886 1975 1072 1334 2868 1154 4296 2169 826 4677 630 3651 2599 3310 4694 4687 81 117 2250 1668 1529 1680 2865 4422 3406 3827 1817 2517 2727 3667 4088 2682 4965 1341 687 1022 1663 4722 1065 4310 416 2903 4874 2125 3942 2746 1763 3424 2532 4807 2269 4319 603 1908 4308 3482 1013 1137 1631 4115 1810 4085 3557 2291 1294 4997 4153 1055 346 4709 249 2492 3713 132 115 1440 2959 4723 4705 1996 1053 270 2480 3239 1424 2919 867 2660 2499 3487 1197 2463 1634 2159 2023 1147 3393 3038 3926 648 4459 1603 808 4099 2831 4293 4601 2279 800 3353 449 3883 541 3316 4576 3763 4568 2337 3398 1419 4898 829 3852 1817 4231 4450 1926 659 230 4521 941 4561 148 163 1656 676 793 2362 1755 1399 3147 3715 1947 1189 4570 3639 2664 76 4516 1522 476 616 529 3235 2571 906 4465 4558 3963 4162 525 2550 2470 331 1924 3351 4334 2926 911 4738 1337 3338 1279 2394 2637 715 3165 1592 4950 4136 2506 3338 5 1338 2624 3665 4971 609 569 4282 2086 4153 3374 3653 3195 4877 3827 3397 2573 1250 4641 4175 3820 944 2612 1942 290 3420 566 3806 2586 1217 1451 1616 2610 1065 4167 1894 1075 3510 301 4696 4574 590 3162 1173 2969 2359 1032 1269 4427 3511 423 775 3780 911 3553 4183 392 496 765 875 1365 4903 3256 4461 475 1973 1822 1123 548 1578 4790 606 196 2595 2951 1344 755 2482 1013 1673 3440 3429 913 4763 968 4409 4416 1909 2224 1760 1435 205 4487 4320 959 946 1807 3167 3701 1368 2693 1788 3533 557 975 3448 22 3284 1223 4332 2377 3584 1949 2724 2983 2019 4777 
274 439
213 232
320 618
96 490
507 633
141 505
303 341
265 396
115 246
59 214
32 535
359 473
164 172
433 545
156 562
205 594
226 244
136 543
194 207
7 33
176 329
42 533
458 627
460 623
103 551
465 524
326 619
65 458
63 210
103 306
516 615
320 355
229 620
360 410
540 638
66 195
258 541
392 578
341 539
184 275
199 223
186 303
99 638
90 542
270 308
170 583
75 603
311 385
67 498
105 342
167 503
