835 468
301 288 307 455 162 460 441 62 450 344 226 244 121 180 410 376 374 324 137 340 174 176 362 456 164 87 420 432 207 311 337 216 212 17 241 370 415 119 189 227 124 331 151 467 306 292 351 256 114 353 199 332 308 168 97 330 44 335 79 30 323 247 184 118 452 25 354 195 240 375 397 267 461 399 29 408 274 255 128 138 319 403 73 173 84 49 74 34 392 139 348 457 419 239 159 92 276 414 20 71 367 299 390 253 82 300 78 161 42 46 45 201 369 110 11 372 448 371 252 298 363 220 94 358 459 35 302 435 76 273 72 437 275 89 386 187 381 64 433 129 321 364 136 80 449 366 421 286 318 289 223 15 85 150 191 254 57 196 198 265 33 23 156 10 53 350 132 106 229 39 36 6 451 385 102 9 103 219 398 262 185 113 43 341 194 333 329 425 26 3 400 120 177 182 90 117 236 314 37 22 268 134 41 179 383 54 183 391 384 310 283 4 238 115 377 69 453 170 225 285 309 221 135 145 304 393 444 417 16 312 200 142 186 295 211 338 209 418 111 126 365 152 279 258 100 387 290 281 166 443 287 75 396 130 149 462 405 466 280 68 250 342 429 171 233 190 228 231 21 251 107 245 232 165 427 269 99 440 104 181 154 163 155 28 438 56 316 347 356 81 359 401 346 24 213 67 40 271 322 352 334 51 260 98 465 382 197 361 83 266 327 434 153 413 160 416 326 12 394 14 108 411 47 204 125 214 2 13 264 242 112 148 360 339 458 336 0 222 59 454 388 77 143 291 431 409 380 210 48 257 86 133 116 243 192 235 38 224 317 131 19 263 172 109 296 217 5 96 442 122 58 284 144 157 345 446 208 328 8 65 315 158 7 422 378 426 60 447 303 423 389 282 18 140 127 278 237 261 424 343 368 123 407 27 294 31 277 463 373 169 395 147 63 249 215 246 297 430 193 230 88 167 205 436 412 105 439 270 234 203 141 355 93 146 61 101 349 91 178 313 32 259 379 66 404 55 202 175 50 52 248 402 320 95 445 1 272 188 305 406 293 428 206 218 357 464 70 325 
4059 1494 2741 3547 475 4774 4098 3881 3336 1073 3401 708 2956 667 4142 3589 2482 2169 3316 4397 1226 1010 2013 3137 1456 3763 44 743 22 2923 4513 4249 1019 2369 3718 4715 2651 3291 3336 2760 3170 1896 304 2641 1980 4200 4106 4792 3662 3682 3653 3754 4034 2030 988 2043 1254 84 1421 815 2719 2245 1064 2230 653 3865 4770 471 6 1048 1595 1488 4327 3277 1324 1541 2680 3991 2589 4711 4272 2946 4222 3471 184 3590 3956 4979 4780 7 3263 136 3488 2197 4034 2089 2936 4780 994 4791 4963 3966 1002 4106 1808 4568 2670 3135 2672 1458 2999 3546 3598 4219 3839 4845 2373 3564 1029 4265 3802 4724 3491 2605 1602 4228 1198 3693 4772 364 4302 2364 2722 3566 2422 3446 3611 496 1742 23 1813 4152 3016 3056 3394 3739 280 4883 1609 2655 3823 2708 4246 1339 145 2291 1340 3155 4605 4624 2226 79 1725 1982 2331 4734 3224 595 4131 3847 4988 4446 3806 3617 751 490 2339 1964 3136 4698 2210 1631 3225 1909 1738 4475 1921 2373 294 3856 1735 4562 1057 2607 3185 2076 3383 4120 1742 433 4685 2780 2280 3284 668 837 4126 4119 2738 3029 2120 578 738 4092 557 2796 1061 1902 3794 3433 2137 4581 4876 908 1185 3075 3720 1791 477 42 3352 3330 1291 2975 3073 3592 2190 788 1491 3240 4894 3054 2064 682 904 2006 4177 3480 1696 1140 2469 3999 1084 3640 4516 2622 4994 827 723 3839 4829 2582 4400 3979 1892 1024 1944 4835 4244 2350 2703 3708 503 142 688 3347 892 4638 3414 1401 2817 1691 3163 3936 4127 4411 4878 1383 1261 2190 1706 3875 2664 723 2196 2567 1361 1039 3589 2812 3246 4468 2426 1868 3190 543 3064 1548 503 4618 4100 24 2227 1204 49 1052 1571 3637 4459 968 3457 4406 1532 4963 1820 2976 557 2532 1496 3045 592 1804 3389 3916 2451 2320 1273 792 4384 134 1776 4643 3570 3301 2955 2079 3586 2258 334 894 491 104 4751 2234 723 4272 4612 3991 339 1642 3259 4048 2353 4659 480 303 2684 3991 3 569 4423 1896 1136 3009 2362 1743 2195 3700 3189 179 4043 1358 3942 1848 2470 1346 4381 1914 4965 711 62 386 74 2505 4463 2704 3103 1070 155 3530 1553 2075 4150 3731 2245 845 3050 4119 4066 1364 4553 3774 3471 4732 1748 2512 870 4399 499 2104 2353 680 3054 3044 4523 1089 1564 835 4851 2023 2241 1912 4493 652 3581 478 2617 4877 4179 221 4616 2349 1799 2180 1636 1858 2884 1663 3903 3263 4421 4771 4023 4274 842 2687 3889 3918 1718 1893 3699 1268 1750 66 390 1933 620 1082 
114 131
379 392
81 220
378 452
208 323
127 156
197 238
402 437
183 432
51 375
21 460
25 361
150 166
234 357
145 379
6 334
311 405
171 263
337 466
88 155
203 418
195 261
262 461
5 359
413 460
93 361
139 234
274 465
161 175
111 463
75 387
175 336
266 404
62 121
205 418
52 108
123 390
16 358
299 422
185 194
241 379
48 441
242 258
182 414
27 416
113 459
136 380
186 457
49 431
61 258
123 226
97 128
72 129
281 297
185 255
131 414
122 332
10 335
53 272
135 415
43 385
201 455
177 326
164 263
39 467
327 370
222 397
25 99
52 161
324 382
65 356
143 432
203 372
177 220
358 391
158 178
279 343
200 303
94 175
10 38
30 273
105 197
40 215
4 74
26 191
163 285
114 204
288 402
123 168
34 93
49 335
231 427
25 458
362 434
75 149
48 230
409 442
216 289
128 364
388 465
94 297
119 394
121 205
365 372
186 205
180 283
291 437
107 330
211 232
409 422
397 418
102 358
135 232
171 256
321 434
421 466
1 32
318 401
77 142
268 313
351 435
182 383
247 279
118 371
237 305
118 351
232 457
207 334
201 248
6 140
221 266
15 124
41 345
10 465
130 186
45 144
155 334
1 78
70 367
47 273
172 241
5 88
90 314
196 291
148 216
147 161
224 421
136 307
38 353
307 352
119 381
109 373
460 467
219 363
116 145
35 373
299 368
147 449
232 348
373 413
129 280
79 98
28 312
106 349
62 421
2 310
337 404
209 370
371 409
92 384
153 173
52 321
151 431
212 381
236 282
6 127
153 301
122 386
214 418
90 194
4 177
133 316
185 386
291 324
325 328
210 282
98 432
55 278
8 418
216 427
68 420
138 418
215 219
216 462
63 214
116 421
70 418
282 409
152 374
36 257
349 392
105 449
94 296
177 314
122 412
165 264
131 218
113 251
379 427
291 318
188 277
208 331
259 339
18 266
359 384
51 268
169 187
154 449
386 465
165 460
0 347
48 73
130 384
353 439
39 182
0 299
64 465
211 321
259 437
111 280
169 312
106 415
7 284
30 145
259 360
222 349
59 254
148 323
62 407
282 463
15 169
21 214
103 272
424 450
74 467
98 263
204 237
369 415
114 323
331 417
42 237
49 188
180 284
46 346
133 148
243 359
186 207
36 38
408 446
139 417
89 348
186 362
19 459
52 59
82 221
111 465
20 42
246 269
28 398
116 131
72 434
146 185
244 375
44 364
40 63
204 295
93 179
45 361
153 316
168 202
77 291
310 464
20 184
26 457
380 443
134 330
109 265
46 403
275 380
88 447
143 377
105 186
53 418
443 444
139 249
258 445
37 191
320 339
8 97
297 401
197 271
264 361
11 95
237 322
82 309
123 133
354 462
67 411
201 357
4 154
59 175
375 380
167 365
1 53
151 456
66 276
103 452
50 273
206 234
76 277
260 443
402 432
243 466
7 311
39 101
252 419
216 336
5 226
238 257
365 386
346 404
126 420
125 354
17 146
132 175
245 263
224 405
333 454
9 398
57 437
336 396
90 166
214 326
25 279
399 454
363 429
224 331
246 381
221 405
394 445
229 351
90 253
59 165
19 86
330 356
26 301
13 172
191 355
92 289
113 232
145 386
24 182
12 97
193 238
120 388
21 226
36 249
208 454
174 359
90 131
205 281
193 459
8 141
447 463
341 446
270 425
112 240
47 416
23 466
125 191
160 458
151 433
0 417
124 314
6 320
346 416
50 171
215 235
179 261
119 138
259 417
54 299
85 204
17 261
193 320
112 147
259 335
378 432
15 123
42 68
30 256
208 286
135 217
16 160
242 248
119 311
128 265
72 208
46 302
38 281
189 231
324 400
39 75
116 330
26 50
38 145
271 435
104 441
39 430
383 427
245 460
152 306
175 189
198 317
191 433
126 225
183 360
64 319
371 432
36 389
59 393
296 444
95 421
105 177
294 394
24 112
73 93
177 239
15 129
284 449
321 462
312 365
97 224
126 204
253 313
29 348
248 344
108 426
33 90
138 339
76 179
43 117
387 408
153 251
115 155
227 394
146 391
4 257
62 121
302 430
290 398
43 403
104 275
276 427
76 373
15 120
14 306
203 443
9 382
209 394
416 453
39 386
218 408
63 385
216 430
77 367
67 83
407 424
256 414
285 288
230 383
233 389
316 411
205 282
144 383
26 270
358 367
166 275
55 368
150 171
54 322
115 129
137 178
72 304
114 393
30 429
125 133
145 444
131 271
37 426
191 327
275 428
213 341
180 366
68 227
80 329
21 437
229 279
109 199
343 463
160 249
322 452
42 428
236 358
17 223
191 336
286 358
149 160
255 410
25 210
60 151
28 331
7 147
335 382
101 106
245 379
17 448
219 315
152 413
52 265
84 138
284 364
384 433
30 424
184 306
159 265
268 390
163 220
45 166
79 335
279 352
133 138
407 439
283 422
155 177
94 376
108 310
40 381
57 437
236 424
68 371
86 169
57 255
285 425
78 384
16 135
135 263
344 357
118 246
67 382
58 69
145 202
49 422
201 202
189 453
255 262
148 379
345 424
77 156
96 147
83 278
200 337
282 413
287 302
254 454
407 438
361 454
392 393
183 371
98 194
136 225
295 302
73 298
140 143
232 407
13 253
70 269
177 178
129 335
200 356
49 276
87 143
246 274
280 466
87 351
321 462
355 386
284 330
152 413
180 250
361 466
96 184
25 405
374 404
193 360
347 445
95 453
313 435
96 132
56 164
107 301
138 152
219 312
120 190
82 266
252 321
68 122
293 460
271 451
344 381
141 324
22 130
39 381
75 303
213 299
260 386
389 426
201 344
33 425
104 361
117 332
42 83
61 437
398 413
423 456
39 61
302 407
18 347
24 449
142 289
196 411
308 422
4 187
189 347
30 304
189 281
331 372
129 320
347 430
217 375
289 353
40 220
157 283
76 306
352 440
120 301
269 452
207 409
35 385
36 240
152 387
36 238
204 327
259 319
157 425
306 434
345 409
330 414
352 394
291 373
292 308
180 204
274 420
193 311
137 462
292 428
234 313
122 209
94 277
262 345
201 251
220 361
47 61
26 210
49 387
124 148
5 104
24 371
26 362
311 388
85 322
215 358
373 433
278 425
333 352
198 449
71 466
48 341
119 391
129 148
75 174
51 209
268 284
229 381
6 198
142 427
202 247
74 408
41 444
268 277
77 83
80 313
97 460
82 457
245 270
178 396
140 369
33 225
92 280
50 248
199 408
204 324
120 404
35 156
7 128
250 272
83 238
229 330
81 210
196 324
303 310
214 241
38 159
115 387
98 348
232 438
25 210
223 303
166 278
214 230
150 283
18 375
54 358
131 374
82 460
9 327
60 368
337 356
278 422
316 444
100 181
223 416
277 328
307 323
152 398
43 136
326 359
139 288
25 211
231 361
267 457
94 427
252 329
294 441
298 345
32 389
424 433
118 458
173 302
56 409
348 441
131 135
323 367
86 425
12 56
343 408
365 441
7 259
351 447
152 362
204 376
101 231
185 214
102 379
37 43
205 442
292 401
97 116
138 235
206 375
79 215
80 438
59 297
96 128
180 222
85 448
318 376
456 457
41 433
129 234
42 127
64 378
64 252
137 414
188 416
318 320
176 223
146 269
79 285
279 361
7 175
93 300
71 144
116 216
149 221
146 178
222 383
305 316
273 430
48 387
77 370
124 137
398 461
10 109
89 422
115 296
91 433
308 384
402 452
76 460
42 314
223 280
34 359
208 345
16 156
