8739 562
430 32 6 259 474 207 489 322 230 443 316 58 451 120 422 290 229 288 382 464 257 544 300 248 419 236 57 298 369 178 509 301 372 87 415 157 141 79 465 219 343 180 452 94 177 83 454 123 103 30 370 305 107 13 29 536 280 341 206 135 446 93 528 287 250 488 511 95 318 559 16 399 66 337 457 497 495 490 0 127 421 515 246 508 232 533 265 11 531 527 37 31 244 467 115 3 28 281 168 113 21 140 529 71 200 412 411 262 513 499 52 418 86 371 432 482 315 350 317 10 75 239 469 552 335 72 520 242 51 159 89 485 76 390 215 267 328 153 378 184 225 347 409 285 380 291 169 264 277 45 431 496 241 534 461 351 273 81 163 439 346 128 252 353 379 181 493 154 68 521 456 166 146 504 20 238 152 109 106 188 92 7 101 498 425 462 278 131 125 363 137 214 253 185 91 491 136 283 145 561 445 468 326 393 518 82 404 64 275 14 216 134 352 313 424 344 435 368 119 357 70 492 429 426 19 142 108 366 304 523 516 149 434 25 27 471 118 387 333 427 410 542 158 139 449 501 481 217 18 173 162 65 191 111 164 114 338 408 505 199 84 155 323 39 416 235 165 506 183 296 41 441 553 486 311 210 458 138 436 187 61 224 261 258 402 63 466 502 494 438 151 260 26 361 12 406 122 256 324 420 272 392 447 336 218 80 78 325 483 74 405 293 47 472 284 356 60 144 276 375 524 201 414 383 355 532 541 126 381 220 551 226 540 364 549 237 147 460 40 36 388 150 269 423 525 386 167 234 227 400 538 208 522 396 391 240 292 556 365 175 389 514 385 394 192 306 54 194 500 547 535 543 327 105 204 417 384 9 263 251 102 266 397 132 186 330 4 33 557 104 345 319 43 110 295 245 299 329 195 282 358 247 8 98 23 479 332 450 437 212 367 205 526 38 271 407 179 143 307 198 189 360 453 359 44 477 274 53 302 190 99 254 340 310 470 209 376 321 50 448 401 48 433 193 303 228 546 554 395 558 398 349 213 148 49 268 473 22 221 530 270 560 124 320 67 442 161 334 34 286 88 171 348 279 211 203 56 85 116 487 444 121 312 24 55 510 172 112 455 97 73 463 1 223 233 46 373 512 476 517 539 475 480 77 17 197 428 129 331 555 202 440 309 69 133 413 231 459 537 222 403 130 362 15 478 117 176 2 339 484 314 170 100 550 174 42 5 342 196 96 243 289 377 156 354 62 308 545 294 297 507 374 503 160 249 90 519 35 255 182 59 548 
190 4373 2420 302 1703 4845 524 1540 610 1828 1638 3187 2417 1828 170 2624 4900 2515 416 3645 437 3670 379 1677 2859 2953 4847 2138 916 2989 4617 2289 2383 3075 334 3916 1057 657 63 4617 4525 2130 2443 1985 4873 2050 3397 3027 3583 203 3776 417 666 4553 3760 2756 1418 2845 3555 4444 1825 2000 3423 122 734 1414 4918 794 1874 2061 1176 4075 986 2502 1623 3209 2396 1027 1721 1292 1989 930 4073 978 194 9 2255 923 877 138 817 3804 1091 2913 2290 2254 4980 2300 2323 2903 2603 1370 655 2730 4735 2439 2275 227 1464 3135 2973 4349 1454 4504 2308 519 3334 2438 696 3180 662 3145 2660 962 1908 1577 3473 646 3593 2973 629 4197 1812 536 836 1230 3717 3533 4957 1159 4750 4621 3297 4725 3121 4527 1407 3984 3446 575 1692 1589 539 665 3105 878 354 2943 2005 624 4853 626 2612 2843 3725 1150 136 3591 147 2329 3856 2805 1742 1910 4382 2780 4103 84 693 533 2313 1100 1162 1048 2406 291 2570 4960 2629 2140 1229 2581 2472 1779 2441 3457 2149 4445 4746 1126 2211 4699 617 1181 4816 1065 1227 4473 2480 4594 2483 3006 3537 334 1106 2588 733 639 1166 1065 4519 3400 33 2509 3897 3439 3979 2639 3246 4060 4170 745 2363 4770 1050 1519 1468 559 2144 3062 604 4191 2187 1227 3604 2005 1301 1769 424 1348 397 4567 231 1666 1153 2001 3618 4174 787 669 1598 1580 1225 2729 1261 2159 3426 3268 4313 735 453 170 4563 1571 3212 4236 1891 1712 2065 4751 3961 2546 4768 1755 788 3218 4566 4943 2089 274 2816 2580 838 4389 4270 1887 3831 810 4641 2322 3320 4882 1627 3021 1412 455 894 1985 2358 3000 337 3830 951 1458 2406 366 2335 50 4095 3593 1271 120 3018 4314 254 1118 4978 4161 1506 154 4592 1563 3577 4855 73 1135 3017 51 4194 1946 1853 748 2522 3062 1345 260 3367 2886 4440 2719 4108 269 3555 2051 2433 3800 2021 1736 1099 2793 3917 1183 4030 317 3060 3759 4584 2400 1136 3358 71 272 2343 2781 3878 407 3296 2687 2404 3253 719 3036 2286 3429 1679 961 102 950 2365 1386 2627 2158 2738 4842 3939 1594 2097 1034 4494 4769 2874 4936 4110 97 382 1562 740 585 924 3500 1732 1850 443 3607 1851 3288 1041 2770 4224 1589 1468 2084 3401 1159 607 1939 4464 921 3367 759 4686 4024 230 4299 4357 471 3176 4197 1684 4989 2620 2947 2191 3276 2470 520 4342 1198 3546 1655 2159 4059 795 3792 3342 4838 3901 3233 2676 4737 2439 4959 581 2086 14 285 254 728 286 2427 4671 4537 3282 3371 1550 1349 4078 1200 1836 3574 3138 3352 3732 2618 234 572 2377 530 2732 1045 343 1468 1 2529 917 2635 5000 2758 4241 582 3624 942 2132 750 1540 4300 576 4100 4364 3246 4727 202 1425 4084 2390 736 2025 3896 3746 1171 1484 3718 3393 3753 1325 4774 2741 3256 4469 2071 1844 31 757 766 3115 2981 1459 2359 3125 1009 312 1668 1718 929 2591 1100 4581 3871 2991 413 4001 3065 3276 85 4683 2912 107 4869 3645 3827 1437 2367 
260 352
129 292
236 343
140 551
151 490
432 462
23 550
306 398
219 553
238 254
299 484
437 478
19 346
330 502
375 557
59 443
234 380
23 280
106 536
229 451
60 202
128 316
305 447
83 541
2 371
272 446
350 521
308 335
207 412
219 309
100 509
200 283
16 362
84 208
212 246
477 553
211 419
87 397
161 318
353 403
60 162
424 516
26 459
254 496
338 452
34 510
25 519
137 507
241 269
45 239
1 220
11 480
222 534
70 465
55 171
300 319
248 335
244 534
30 309
3 398
217 277
159 523
323 550
109 122
261 541
92 307
142 462
246 429
68 277
103 233
322 545
90 515
290 358
27 40
144 229
228 268
149 331
0 277
222 472
79 485
345 535
313 318
121 479
282 538
27 208
299 373
167 384
232 530
29 229
248 397
314 522
146 496
204 519
228 340
460 511
158 433
369 523
47 194
139 323
38 173
33 196
388 432
478 503
111 127
116 273
60 527
148 542
150 216
346 551
243 400
13 23
8 259
12 333
155 552
28 202
489 549
367 377
428 498
500 510
365 546
302 502
10 129
126 368
129 239
109 450
259 279
331 478
63 258
371 454
120 144
86 559
103 333
94 289
332 464
252 327
274 279
189 355
124 252
94 118
224 439
84 392
5 168
444 541
201 471
28 46
200 285
175 543
83 434
48 344
47 66
228 484
52 526
119 522
159 483
372 393
103 429
6 249
163 345
131 512
9 284
364 536
33 103
96 501
155 264
12 286
192 272
131 411
85 113
67 556
249 388
32 494
121 183
61 399
214 216
340 433
9 484
39 461
313 403
449 456
361 517
383 497
35 124
370 475
228 520
41 232
120 509
287 397
46 479
7 227
292 537
184 243
374 403
70 319
14 120
238 304
121 275
215 249
59 480
345 502
350 452
82 302
35 552
10 350
380 508
15 394
141 371
289 405
260 431
160 556
78 515
276 390
184 404
348 531
245 544
321 367
145 397
296 418
231 471
155 470
20 546
246 457
146 537
271 491
478 484
106 439
306 400
140 348
94 123
457 479
201 287
233 430
436 527
108 541
327 557
317 357
143 499
279 342
3 186
64 176
42 434
35 390
62 477
189 466
306 466
53 176
415 427
12 62
513 543
437 545
137 279
470 476
106 477
26 74
179 202
245 277
88 91
319 506
76 165
320 336
123 300
5 36
55 255
115 323
265 545
64 351
34 241
317 536
200 409
0 14
120 173
5 561
93 484
392 469
326 434
476 492
9 184
271 537
83 254
409 471
96 561
257 435
87 128
12 173
205 328
317 450
335 559
303 395
137 253
135 281
102 201
338 514
252 478
253 331
164 441
169 344
322 437
31 486
6 310
274 434
5 366
73 163
140 403
157 255
119 403
226 335
269 383
112 186
171 290
383 403
260 353
51 104
262 343
173 175
68 400
87 277
51 284
59 241
450 546
221 430
155 329
366 383
19 51
390 435
26 66
9 423
304 314
118 325
124 244
89 277
94 151
122 243
195 472
319 387
35 243
369 546
357 486
250 346
235 283
401 515
110 542
143 415
254 261
180 558
102 444
170 355
76 469
61 338
15 237
441 528
230 271
36 50
245 315
351 429
280 554
469 556
163 490
40 416
395 523
14 378
188 526
24 85
129 214
73 318
409 443
356 492
273 378
111 418
222 382
258 404
5 47
159 436
16 211
121 270
95 386
48 413
237 452
74 303
18 359
144 454
18 94
11 244
282 538
90 137
106 398
97 491
175 560
483 561
314 350
109 293
233 546
143 336
391 402
226 399
466 508
61 507
231 482
41 260
262 350
176 429
167 340
86 107
391 413
5 133
473 554
31 431
141 510
366 458
0 290
321 377
375 473
1 222
77 275
27 103
206 266
16 31
15 528
332 358
330 519
6 422
206 377
58 174
301 471
124 354
154 355
1 420
398 505
139 151
158 268
98 419
125 280
397 543
300 443
101 375
83 403
220 424
94 171
280 369
104 451
271 510
11 326
244 526
141 454
124 361
55 229
132 142
193 330
6 374
17 419
185 419
61 207
47 535
296 398
61 195
17 153
205 519
141 234
21 527
298 414
178 288
313 329
367 380
97 182
364 400
163 164
456 535
162 270
130 148
426 526
147 246
33 474
73 118
489 548
44 91
32 471
153 196
309 378
234 352
69 331
422 510
271 313
462 555
27 261
69 249
226 319
25 539
314 355
281 320
20 493
357 452
48 370
209 327
181 232
462 513
174 521
90 389
474 490
72 536
111 489
13 390
204 441
498 543
48 553
399 544
92 257
146 175
19 310
109 310
187 515
52 522
146 290
299 378
169 526
8 315
0 515
30 493
1 204
99 115
201 559
116 502
97 557
165 403
427 439
5 450
22 412
211 411
108 279
108 334
169 376
119 153
470 556
88 518
414 427
398 558
117 469
108 373
84 304
36 58
468 491
274 507
154 392
16 336
13 384
262 404
205 280
6 501
86 299
212 313
23 151
237 353
236 263
193 528
248 328
251 503
125 216
194 203
10 91
287 510
95 241
448 560
205 524
163 423
233 485
320 462
253 531
34 498
187 370
42 477
106 302
160 429
13 63
12 561
130 525
352 547
187 260
43 344
238 332
240 503
200 260
514 528
195 541
259 493
75 381
18 103
0 184
7 553
4 246
342 538
375 516
235 513
100 341
285 437
100 477
292 299
287 551
144 374
162 166
134 248
408 417
37 320
123 323
84 144
1 77
365 424
141 373
83 342
2 8
72 259
32 68
94 453
109 409
88 186
22 250
60 340
261 549
357 437
200 351
161 187
294 317
242 542
113 182
198 264
423 527
2 110
398 444
44 237
255 309
90 181
228 522
77 261
52 481
284 349
373 508
104 434
99 409
117 229
373 530
421 482
128 415
128 294
124 133
212 397
50 163
44 193
391 407
270 351
135 528
12 129
191 485
49 217
63 253
268 529
19 332
16 77
173 249
72 413
17 133
263 386
421 509
170 410
97 291
113 336
191 511
92 423
31 221
84 408
163 526
122 260
101 529
58 204
291 314
422 489
468 479
87 198
41 362
214 436
132 261
268 468
157 490
232 496
231 528
276 389
529 557
3 458
172 462
116 486
44 304
123 327
220 444
293 369
208 311
48 525
129 130
28 116
178 527
240 548
84 167
46 333
326 373
101 236
327 404
103 334
224 498
330 343
57 149
72 84
29 224
99 140
245 314
155 227
406 432
60 114
136 291
115 349
154 311
67 412
0 460
99 215
100 514
373 539
25 553
341 410
319 440
41 230
256 275
320 534
217 404
200 383
26 110
234 404
11 532
82 326
63 334
334 488
326 357
276 318
134 370
288 428
300 392
420 444
239 431
269 479
231 316
331 525
371 412
75 458
68 304
137 552
383 404
456 461
244 402
319 387
157 414
113 458
453 459
115 374
101 208
388 473
213 296
35 112
72 507
196 331
88 509
65 530
253 363
169 256
45 524
125 474
79 253
139 150
128 475
127 216
90 170
218 477
25 118
167 474
147 188
66 543
323 383
333 453
201 411
10 419
296 533
113 118
392 468
97 388
231 320
21 531
14 329
71 335
276 503
419 434
119 273
235 410
150 260
326 352
35 432
142 365
147 534
112 281
46 335
330 507
212 388
78 304
163 177
120 301
18 99
9 462
181 398
141 455
4 68
474 555
91 525
405 524
259 338
299 323
297 502
155 481
96 237
75 539
5 35
139 416
211 325
24 114
469 515
102 149
45 141
449 555
185 364
316 493
254 457
310 543
99 166
99 463
309 378
97 341
12 433
345 468
282 333
292 343
80 503
132 486
52 129
417 525
325 470
9 380
73 265
97 278
162 273
497 500
58 163
232 546
353 526
45 206
455 515
206 293
10 377
193 485
211 264
32 243
79 252
172 390
44 179
407 543
20 96
96 203
217 484
127 450
140 489
286 321
236 427
227 506
329 434
31 379
320 441
283 498
55 212
427 505
241 538
193 429
462 473
82 161
171 483
184 453
16 50
526 550
266 360
181 442
305 482
12 49
237 243
150 371
251 551
8 234
405 410
201 361
171 499
293 331
326 538
96 116
384 436
94 249
141 268
357 397
150 211
9 477
409 526
305 329
134 193
303 399
4 228
365 449
498 547
11 538
415 446
194 272
231 537
25 482
90 213
23 48
122 270
286 398
297 454
19 382
91 216
40 161
40 236
446 510
240 521
154 363
89 359
165 367
234 278
203 364
134 382
173 251
100 257
170 363
14 194
286 473
31 499
39 100
487 500
51 346
190 277
137 499
30 173
85 334
216 490
332 527
119 458
315 416
154 497
367 489
44 451
239 456
261 479
179 395
470 555
107 217
242 278
273 495
273 312
216 436
9 183
140 386
74 543
28 97
350 547
66 265
30 139
158 303
208 443
319 437
293 451
281 396
29 558
151 280
401 444
135 248
10 446
66 324
274 331
88 513
405 491
7 435
40 434
70 506
163 505
207 336
113 177
173 320
245 439
169 535
89 111
8 538
118 359
136 284
277 363
48 484
550 551
112 237
139 143
273 333
172 251
275 298
123 159
141 228
283 385
311 546
145 315
409 415
274 309
131 187
215 270
72 278
41 216
131 340
304 329
130 305
333 551
73 79
206 545
12 120
359 494
277 294
113 131
165 413
104 391
13 538
476 542
66 553
72 145
248 501
147 164
355 510
16 177
367 542
5 289
26 100
13 212
188 524
7 462
150 493
109 337
71 240
180 437
28 390
68 363
477 486
132 453
161 231
132 329
399 449
72 225
52 474
98 542
367 405
55 345
205 380
30 146
266 532
178 417
142 455
361 534
224 407
29 162
70 254
117 138
196 209
35 387
55 539
240 337
109 345
429 500
415 451
135 188
38 518
492 547
407 500
98 286
306 464
54 220
505 545
265 502
418 528
205 458
164 365
280 552
26 246
201 441
244 428
1 510
369 379
25 311
150 374
281 312
299 479
471 495
320 416
242 549
126 370
90 476
68 316
2 236
179 539
300 485
165 526
196 238
6 360
170 491
51 285
75 274
92 122
267 470
86 298
189 216
77 528
374 495
482 495
266 288
23 561
308 380
204 528
33 259
288 513
23 213
204 494
27 208
140 551
155 186
201 390
165 324
144 504
231 507
21 445
126 544
341 467
61 513
433 494
355 431
195 467
299 384
40 389
297 478
84 440
79 81
67 446
122 446
212 335
97 479
11 230
340 546
456 515
122 179
264 441
159 278
175 225
191 392
16 98
162 542
370 406
155 413
197 215
0 284
79 124
185 546
287 477
249 370
29 433
251 458
15 242
15 116
377 380
452 471
1 98
307 465
347 379
403 476
81 278
59 362
190 526
105 386
419 424
94 301
313 510
435 496
230 256
111 363
149 358
340 467
43 540
25 88
318 392
41 265
126 547
187 489
112 245
77 480
211 349
157 263
379 511
247 402
221 296
197 352
409 555
171 332
205 470
34 191
171 408
318 324
420 501
237 359
246 508
45 229
458 522
362 528
177 352
22 372
11 348
318 439
281 286
68 226
53 314
298 343
82 427
8 239
26 61
258 314
22 382
75 326
277 452
137 368
220 270
3 414
18 249
209 369
34 46
118 291
41 422
129 535
225 353
127 234
109 449
285 486
249 525
259 547
15 521
235 360
136 294
215 311
12 423
118 350
142 276
33 422
242 253
132 269
95 314
55 552
284 529
50 78
43 158
303 315
425 471
68 238
315 499
430 557
68 153
66 371
18 258
205 294
195 473
398 455
216 265
247 521
171 269
73 258
57 320
58 439
161 359
30 167
19 162
503 547
66 152
374 449
338 460
24 308
408 507
8 268
8 77
355 383
261 304
348 493
295 479
189 298
104 197
121 257
432 434
189 286
171 406
108 242
109 240
382 427
345 373
305 327
118 495
235 248
5 47
436 548
294 379
37 315
3 250
46 293
104 410
201 402
142 459
12 88
23 228
31 402
122 506
481 490
131 376
382 477
494 496
36 412
51 68
207 328
119 477
121 423
411 493
121 298
53 182
218 493
168 226
191 442
129 177
35 247
468 482
131 196
128 264
152 446
520 523
316 324
4 396
429 500
111 535
372 388
33 493
321 362
513 519
168 362
156 504
247 357
123 445
548 549
445 476
333 458
258 474
280 324
35 422
47 234
211 239
303 538
96 205
351 484
14 536
258 527
24 522
225 370
86 169
371 534
2 379
223 317
330 410
62 319
293 507
177 228
296 498
149 405
118 329
365 437
324 404
456 460
161 455
66 551
338 556
288 558
436 446
121 435
70 541
142 342
271 316
183 524
219 493
54 195
427 546
26 310
69 281
249 485
427 484
220 460
89 103
212 407
217 410
36 500
133 135
58 305
172 473
400 525
425 484
293 532
65 242
124 472
16 66
288 559
25 206
88 334
70 138
108 219
132 138
58 233
253 311
133 230
353 478
226 467
261 559
168 228
388 546
226 553
124 325
524 551
84 402
45 550
82 265
151 482
480 526
21 462
175 176
131 379
44 295
125 197
2 81
137 249
19 197
349 411
38 232
201 412
210 540
233 492
256 347
114 460
165 177
0 151
130 533
133 291
97 453
219 232
127 367
351 496
105 416
127 284
293 470
255 467
3 539
42 254
90 394
197 557
214 240
19 368
215 382
148 273
443 444
179 377
358 376
91 338
74 239
16 242
17 117
145 190
69 200
130 481
110 461
221 232
151 264
17 116
350 479
361 499
352 409
127 552
112 467
274 487
23 433
230 438
107 108
57 451
156 550
224 491
335 507
165 242
489 518
72 337
32 105
146 484
52 493
75 491
462 468
324 545
372 513
231 426
444 448
187 503
38 64
526 541
172 342
15 218
409 503
83 259
306 521
223 231
158 278
125 440
3 397
453 500
213 548
122 336
47 151
177 251
19 24
131 351
320 524
384 502
195 483
244 421
552 559
260 421
218 377
64 367
208 213
390 482
166 510
44 92
471 499
9 162
124 434
349 460
395 532
255 354
284 532
30 226
66 172
142 348
22 341
439 558
222 433
176 229
11 96
278 521
283 320
515 561
420 489
85 238
34 51
158 518
186 489
243 265
305 534
105 391
119 486
287 312
43 340
108 178
23 498
71 508
123 392
73 117
337 369
149 423
80 458
11 536
119 177
374 457
15 558
187 228
111 302
209 395
19 513
15 377
152 215
188 493
111 381
97 525
280 324
289 547
472 499
223 288
128 510
74 390
229 468
447 507
45 314
58 510
150 501
270 548
206 269
164 292
45 364
15 331
57 298
164 441
384 552
197 493
351 412
106 148
81 231
388 413
51 407
150 333
38 86
238 392
130 255
1 344
61 87
80 408
133 402
26 349
59 448
290 446
212 218
437 445
11 25
58 188
153 444
42 351
74 423
482 537
229 233
281 465
243 386
165 247
44 217
346 513
107 397
419 491
254 401
376 447
258 538
37 497
242 474
239 366
228 461
122 417
421 487
220 247
249 288
5 87
263 377
471 536
127 238
265 352
163 267
342 558
302 539
14 528
32 294
238 286
42 273
49 471
56 312
201 452
169 374
385 508
302 364
201 305
445 557
76 481
197 329
246 436
224 453
165 195
166 374
447 496
148 318
278 288
246 362
164 216
281 488
372 481
29 47
92 214
514 532
386 454
444 446
13 511
17 537
181 291
26 36
1 284
368 526
484 542
272 535
151 395
217 471
6 477
189 236
175 230
156 271
216 236
90 532
229 429
188 543
246 430
184 527
267 467
403 481
149 372
139 485
267 275
141 204
261 294
47 374
345 382
212 466
280 394
264 284
302 495
269 551
224 424
161 558
8 458
293 431
453 465
315 487
330 470
127 134
155 440
398 459
55 235
48 486
213 249
57 491
84 498
180 386
183 533
246 290
293 392
121 451
181 454
111 250
130 548
72 333
309 430
229 307
78 156
158 387
172 289
211 303
65 491
212 508
41 436
66 330
414 542
153 267
101 287
3 12
162 327
313 392
320 508
3 126
91 364
320 515
258 416
295 347
245 428
306 477
204 327
337 504
74 131
11 558
191 355
188 380
342 513
57 219
131 229
21 246
353 370
76 336
289 474
34 275
25 470
65 366
58 341
204 532
403 502
455 484
338 459
67 512
203 516
110 155
254 530
494 534
102 535
213 454
498 504
28 387
109 308
182 418
442 553
460 476
4 387
107 348
194 508
270 380
268 358
166 198
121 276
208 513
160 167
388 487
321 481
311 387
124 237
28 520
178 334
8 393
342 373
379 440
273 378
198 364
112 455
121 527
241 335
198 227
75 539
302 363
189 561
82 169
79 174
154 421
352 513
40 90
35 55
57 263
1 129
90 532
181 440
383 520
181 530
30 419
115 266
40 149
301 445
114 479
194 481
31 391
278 459
215 259
15 87
416 557
49 140
235 518
300 447
140 302
72 514
56 100
390 418
74 219
367 373
297 489
229 344
374 547
527 532
132 366
243 328
95 380
17 46
137 314
216 347
54 389
54 369
440 462
317 387
10 356
56 154
246 344
157 293
135 434
120 490
89 261
190 445
166 380
207 519
158 531
167 172
63 124
228 312
99 190
11 37
273 347
155 341
218 456
328 362
217 293
225 239
130 359
267 460
333 334
346 477
25 128
255 483
1 557
535 545
68 436
246 527
158 160
305 353
218 333
19 361
423 430
223 394
55 151
13 285
54 225
123 348
19 452
390 444
224 538
67 360
418 558
67 467
379 559
199 466
25 398
150 456
37 209
81 302
187 477
39 56
90 383
0 97
491 498
217 436
308 395
11 497
178 484
192 214
553 554
5 401
256 424
260 339
254 369
38 426
8 164
92 181
148 247
111 410
15 137
66 76
359 444
46 317
82 473
18 77
33 335
414 530
288 428
457 522
8 160
76 408
23 526
211 557
205 513
96 314
64 318
49 544
59 317
148 275
42 101
19 187
501 533
15 173
289 552
526 544
49 129
496 529
243 352
369 465
358 372
161 392
105 462
21 345
317 359
67 272
218 518
142 399
429 456
143 323
180 368
242 441
9 265
230 500
181 400
73 352
73 172
60 386
209 294
79 205
354 366
58 64
192 208
18 317
300 345
79 96
174 503
185 400
49 114
122 200
80 447
81 103
144 410
98 316
4 514
153 553
121 534
47 80
291 298
302 353
28 68
182 260
271 376
22 311
141 200
197 202
260 543
218 505
293 538
491 555
297 553
169 184
357 532
348 457
120 127
224 436
315 520
541 560
22 420
222 224
89 399
145 554
206 237
395 404
99 164
127 388
380 416
60 180
171 371
13 219
146 556
125 262
189 521
191 548
93 261
394 532
121 291
213 236
533 552
273 456
431 498
116 342
91 130
136 390
417 482
116 526
1 480
194 245
247 435
145 528
43 468
245 498
207 292
251 532
331 406
231 258
300 515
76 238
344 421
147 489
46 51
142 284
525 528
48 160
187 365
19 519
165 403
29 404
29 454
272 404
186 209
337 421
323 526
5 124
197 507
76 232
100 541
143 302
32 103
308 523
131 168
16 561
331 418
37 495
99 181
99 354
189 225
286 370
70 116
115 276
307 390
238 559
257 506
155 328
70 128
378 425
201 226
107 505
115 172
281 482
185 536
107 420
1 416
34 187
314 539
255 473
212 372
223 543
43 477
241 393
185 211
382 499
345 497
21 229
208 245
134 156
139 554
275 309
223 333
262 531
121 167
113 312
283 537
118 198
103 167
89 301
38 151
69 150
272 526
201 503
49 359
97 351
418 533
472 491
21 313
187 244
225 512
18 484
190 245
416 427
439 505
86 419
349 509
259 364
366 368
266 332
240 544
545 559
348 519
247 292
358 419
348 440
389 518
263 342
372 515
412 448
63 169
296 532
412 422
10 256
134 479
172 337
167 495
198 291
254 352
204 276
77 113
420 551
207 558
56 109
234 553
440 558
331 517
123 181
287 348
241 419
369 377
255 414
131 300
353 507
233 526
448 480
239 408
103 206
280 519
24 414
85 307
228 372
93 531
214 228
250 439
132 157
194 482
372 476
201 237
264 279
377 429
20 365
64 529
199 271
56 284
328 448
173 530
426 530
47 420
162 509
282 549
229 362
21 59
112 525
92 118
124 300
463 504
365 407
167 345
164 200
157 205
338 510
388 560
47 376
130 298
151 368
78 216
182 230
387 503
238 443
455 520
283 375
125 127
16 499
351 499
29 42
141 538
71 295
230 310
141 468
379 438
68 444
95 467
141 143
373 428
225 447
356 362
342 542
372 511
157 181
187 534
28 80
51 110
370 407
187 348
543 548
191 205
27 416
23 382
353 358
128 417
129 312
29 166
108 385
79 375
231 261
270 393
123 528
114 119
150 229
184 473
36 555
253 317
203 216
103 225
331 352
84 515
193 363
402 460
107 238
68 305
520 542
287 381
218 457
68 354
51 539
114 479
397 504
112 130
448 488
394 482
438 531
507 548
234 541
280 528
288 542
77 378
7 316
20 56
400 487
320 461
286 513
237 268
129 151
206 362
186 498
321 476
147 164
66 174
22 269
238 440
243 507
354 507
44 532
405 471
126 185
96 321
79 491
266 520
176 439
86 463
91 556
64 325
240 288
462 517
196 447
24 490
307 503
290 351
120 290
55 419
177 183
302 472
205 527
101 514
221 475
145 511
149 239
154 243
0 503
75 541
276 504
462 470
181 242
87 140
360 520
170 396
1 199
165 375
85 217
174 478
272 333
243 396
206 437
490 554
231 405
405 545
326 541
240 364
85 523
76 372
293 423
31 185
337 392
106 417
76 301
101 510
195 371
405 491
151 187
180 352
152 364
91 499
91 248
39 545
208 367
23 559
62 493
196 282
296 445
282 346
152 262
217 247
476 547
352 527
531 555
29 150
292 346
424 445
21 560
477 503
70 247
133 298
292 445
304 555
280 389
200 309
380 536
103 356
80 141
67 502
189 424
186 392
265 468
19 301
63 373
162 407
280 545
6 144
173 305
89 264
83 271
359 544
146 216
78 244
93 121
45 248
19 216
254 422
250 408
213 376
334 489
94 199
5 324
104 312
1 432
46 372
246 469
179 474
102 372
44 131
401 453
89 210
313 537
184 417
285 515
182 343
36 82
407 518
63 463
445 473
167 187
205 503
206 359
124 296
117 441
183 268
118 459
18 88
73 83
6 431
169 259
22 380
32 475
51 470
42 261
120 279
2 206
19 431
231 389
250 452
86 147
368 484
272 403
170 323
165 229
54 527
248 338
151 478
211 298
314 419
361 404
118 429
29 422
248 395
127 225
182 390
37 252
221 386
173 455
286 399
48 136
398 430
292 345
14 145
219 282
192 514
162 343
395 542
181 452
142 468
414 551
153 252
151 241
90 163
185 345
278 544
460 498
282 476
370 445
72 375
154 286
204 257
440 455
34 382
149 201
110 303
37 301
264 321
150 546
310 536
297 442
41 60
163 319
378 495
108 519
147 177
101 182
150 430
200 346
54 114
164 428
25 228
52 499
223 238
357 481
1 33
333 547
289 327
320 396
360 538
53 177
319 334
89 384
198 463
407 518
86 176
59 260
341 463
361 390
169 343
56 449
37 276
21 481
420 503
97 380
100 154
155 366
110 296
428 462
4 85
161 359
391 508
41 229
97 232
54 77
197 204
142 239
421 521
114 381
150 300
144 552
36 463
212 469
332 556
94 122
18 53
71 482
196 362
225 229
78 350
326 417
223 307
15 282
104 302
28 305
224 264
318 529
361 492
232 387
339 483
345 550
222 256
471 522
409 469
3 234
142 225
75 335
114 420
303 557
415 501
93 130
94 293
79 459
355 490
58 287
33 153
131 275
99 311
169 179
296 527
6 109
320 442
98 448
172 349
44 439
124 538
185 547
245 385
182 277
254 536
123 138
23 370
182 373
475 485
163 379
219 443
179 324
296 505
278 521
100 119
357 511
230 256
393 520
226 437
112 205
175 183
152 191
129 264
113 148
57 532
121 276
349 447
21 503
24 50
1 42
305 355
367 543
223 352
480 512
137 192
122 430
182 467
71 282
137 305
223 296
89 442
43 252
216 421
258 431
134 416
6 311
23 522
51 502
132 438
174 383
165 393
36 416
175 223
200 509
239 301
40 303
156 313
319 347
14 154
8 255
429 532
240 396
301 310
96 208
347 458
195 340
121 217
463 482
84 373
15 395
80 227
218 264
492 506
269 421
41 415
34 37
93 518
314 355
354 471
277 310
87 363
75 145
231 293
302 503
302 430
132 400
109 334
217 219
185 244
30 520
183 399
49 548
282 509
57 250
293 477
21 347
137 191
36 38
132 458
141 444
84 105
17 540
287 551
279 424
3 57
298 352
254 377
232 284
294 389
307 521
398 454
352 378
358 471
150 554
107 471
155 341
103 243
123 241
103 330
252 456
141 235
57 302
17 199
52 401
82 516
86 540
475 494
245 316
6 488
75 516
42 454
11 55
322 502
289 411
88 289
102 432
516 523
59 337
32 391
414 496
86 162
297 344
109 266
163 364
45 158
491 509
92 518
55 110
19 454
262 370
184 308
279 322
205 266
348 440
50 224
100 262
341 436
108 204
393 480
171 389
218 452
177 378
99 234
318 486
21 286
236 553
170 558
88 487
225 455
24 123
132 477
302 400
430 436
291 304
348 433
95 205
176 272
280 333
169 294
155 420
115 328
41 338
287 495
470 551
33 542
2 499
240 474
99 448
30 302
262 547
410 466
28 185
304 434
415 482
30 262
185 526
535 550
22 149
108 295
244 326
238 381
405 498
72 160
97 538
111 265
324 557
322 373
464 474
291 506
113 279
236 525
328 351
8 187
266 327
69 484
3 447
433 508
91 450
98 179
133 282
450 460
119 324
24 226
123 323
108 299
45 432
11 294
231 280
71 470
51 431
38 42
41 128
265 367
314 323
64 176
104 445
168 297
31 97
358 458
109 360
14 78
150 473
231 338
53 281
39 190
137 224
366 504
4 184
37 51
103 202
89 512
80 327
259 522
201 415
137 552
224 537
371 530
158 288
7 513
344 367
36 352
406 442
412 546
289 338
86 533
24 106
269 361
109 124
153 551
426 521
379 514
79 91
11 415
48 419
113 443
165 186
240 540
83 497
141 280
19 386
41 257
304 360
220 383
118 156
206 305
5 425
194 361
285 334
297 465
227 342
20 502
315 378
169 478
47 441
22 57
157 531
117 242
47 337
50 52
150 328
0 531
515 546
353 491
544 554
343 469
148 188
293 446
150 437
260 448
237 536
76 415
415 468
50 432
98 355
34 545
134 150
110 121
347 380
440 542
191 237
243 452
281 419
360 443
102 344
246 491
275 547
2 151
54 558
95 437
19 255
174 335
134 382
45 163
37 406
177 416
41 118
195 510
17 546
23 33
189 368
3 75
214 544
19 93
178 321
25 87
5 194
0 97
235 299
484 539
0 269
54 454
276 494
247 291
83 351
92 125
14 462
312 367
18 222
204 487
172 310
392 522
69 561
75 476
85 270
56 502
255 495
118 328
240 466
281 351
31 232
351 418
133 501
304 382
167 535
57 166
267 454
117 447
165 213
199 334
344 432
10 414
193 385
299 350
395 537
86 132
422 454
355 413
80 476
144 356
184 198
89 552
259 300
301 373
338 382
382 406
464 494
23 479
4 437
181 361
9 27
295 487
124 552
442 471
409 532
9 40
476 555
171 421
33 219
204 324
411 542
79 208
145 180
257 383
179 459
25 266
280 481
15 556
50 316
150 206
413 435
278 287
353 458
310 497
202 334
217 495
141 277
217 434
283 536
16 285
279 332
53 359
224 276
339 438
268 475
51 61
330 397
181 298
450 554
159 481
131 211
138 292
11 15
260 347
1 447
48 286
93 194
225 555
402 438
198 327
345 401
437 551
89 254
99 458
59 418
156 201
170 332
6 189
67 443
419 499
292 393
100 462
413 476
111 255
93 472
5 408
85 105
102 230
211 248
18 212
311 519
133 397
168 262
64 412
193 304
111 341
147 312
462 515
65 126
111 371
164 462
28 370
56 302
94 469
174 372
216 407
309 542
80 362
269 271
125 460
230 247
52 191
72 320
74 129
77 389
244 298
353 376
197 414
237 361
313 543
161 178
175 358
407 484
266 540
220 295
242 285
218 252
252 388
490 529
402 439
118 464
278 423
354 394
150 266
11 468
212 314
141 478
113 504
238 255
117 498
259 262
369 510
10 533
400 514
41 471
100 169
102 555
6 462
201 504
167 265
68 110
67 509
249 410
179 369
327 338
141 364
437 505
121 325
9 241
266 468
162 421
97 179
446 506
425 452
359 477
411 441
181 349
173 288
210 345
304 431
33 448
355 549
143 213
398 454
40 324
97 539
292 546
86 327
49 214
27 257
131 516
162 245
220 509
222 501
170 501
471 476
15 344
426 481
408 522
32 407
400 524
473 518
419 466
72 462
209 420
9 151
304 433
112 398
207 331
232 287
475 555
396 559
144 232
29 445
29 58
447 522
244 307
149 252
258 388
248 257
178 249
202 270
228 478
360 361
9 235
162 371
495 518
242 472
157 545
20 292
137 172
49 489
380 560
42 198
12 372
122 545
26 35
226 359
216 255
266 301
211 275
71 386
257 481
128 484
2 83
131 390
80 500
492 514
488 491
340 382
320 359
40 207
93 419
178 212
257 297
357 470
174 349
356 493
100 319
225 471
62 372
50 342
253 292
286 321
121 309
102 104
46 423
131 503
136 508
148 541
175 274
119 442
370 375
42 379
429 492
68 521
32 44
21 146
193 214
66 110
362 554
101 415
1 212
114 131
346 363
367 369
45 341
119 184
369 530
14 376
212 265
173 266
375 513
219 525
16 280
84 206
81 183
468 547
46 68
50 342
8 310
252 445
48 471
106 270
48 515
348 557
42 183
10 560
231 458
181 425
34 524
330 471
420 553
156 529
446 498
253 289
463 526
391 479
131 352
62 224
295 412
175 340
217 222
136 307
391 544
278 296
422 436
117 455
446 521
93 236
14 353
324 357
244 455
8 434
81 446
348 495
29 66
208 553
198 300
89 440
230 479
38 187
212 347
163 293
98 537
59 433
367 441
234 260
35 338
135 233
219 557
212 532
92 311
374 522
69 140
111 491
94 345
229 246
246 300
461 464
400 412
313 338
317 444
173 503
347 374
96 396
262 405
62 488
61 260
185 513
23 537
27 293
160 442
1 217
201 468
228 501
194 320
27 124
191 355
30 289
15 503
278 340
63 404
100 468
120 374
277 364
403 538
139 151
136 163
273 286
98 557
109 152
156 513
50 544
389 442
463 482
33 411
134 376
58 385
371 522
336 496
208 267
136 437
37 445
421 461
237 423
318 481
29 414
218 220
49 514
147 415
104 344
405 430
480 542
333 452
333 516
110 328
73 476
223 239
173 396
324 446
17 234
108 470
512 519
139 532
197 434
212 287
507 548
235 421
405 487
20 416
61 396
502 547
158 424
24 459
129 395
410 484
124 372
2 255
169 501
70 385
212 217
122 521
32 551
134 255
233 317
11 187
193 285
4 173
225 455
86 401
292 431
442 496
329 332
238 467
235 273
73 146
310 362
271 328
112 119
444 459
42 133
409 430
296 343
74 364
388 438
382 458
61 534
104 486
88 446
19 404
148 259
80 361
168 528
16 443
357 411
429 536
478 548
49 57
30 126
323 410
337 369
297 409
197 367
189 217
114 536
266 551
453 472
8 172
43 192
92 225
295 384
380 473
256 357
418 520
247 339
29 246
239 335
330 479
266 454
469 529
241 262
297 356
195 359
321 468
361 437
152 209
75 237
65 95
71 440
285 376
93 367
321 382
501 533
185 444
210 510
216 510
394 544
140 556
29 259
172 517
120 236
19 466
395 493
409 541
259 314
282 343
448 466
62 310
135 399
322 447
437 485
393 509
183 461
74 174
115 334
35 388
27 143
142 438
44 168
246 293
283 501
253 420
215 408
398 492
456 490
102 358
418 491
310 455
248 485
287 446
15 302
94 489
264 291
203 433
284 314
81 441
426 540
253 358
180 248
372 557
414 443
328 508
58 388
136 291
296 345
319 493
179 472
135 379
425 458
386 520
234 496
63 496
329 529
480 503
96 347
142 362
38 121
96 350
360 365
59 331
352 446
193 516
195 461
560 561
340 448
142 380
450 487
34 325
158 391
410 549
536 550
30 39
49 125
378 405
106 333
317 328
64 329
62 73
194 476
48 500
93 204
362 425
51 171
157 254
261 393
155 292
92 401
216 301
160 387
176 316
132 446
346 542
348 383
17 391
103 501
367 384
403 514
460 514
13 166
127 220
489 525
112 284
93 428
306 450
316 395
24 186
445 481
235 280
278 429
306 464
182 318
214 533
146 335
59 175
343 467
83 155
126 183
194 272
157 195
120 361
148 557
238 388
370 470
446 555
134 167
70 319
243 513
81 86
219 246
166 236
375 497
418 518
433 465
371 427
350 513
100 282
516 540
416 548
147 441
161 558
193 338
2 506
74 360
208 558
187 340
126 426
153 355
286 289
56 422
109 131
261 336
346 509
217 259
185 525
59 392
72 89
314 472
154 453
136 452
53 186
11 108
135 452
237 364
140 182
206 392
68 87
539 551
21 419
211 457
156 368
15 387
445 547
84 444
87 304
175 505
7 480
83 378
112 202
371 478
65 353
118 281
312 539
16 150
5 284
70 545
301 528
48 516
356 431
75 524
39 84
242 480
315 516
109 210
411 439
74 379
248 523
12 43
162 545
363 532
211 500
223 445
170 270
75 253
83 108
56 473
23 259
100 152
15 310
81 548
64 531
12 543
306 405
135 308
54 171
190 423
341 540
157 189
39 112
78 528
80 549
3 190
115 480
452 475
427 546
196 485
138 294
200 486
135 255
112 193
165 189
405 520
361 425
316 513
164 174
82 278
87 102
7 188
301 472
113 553
121 538
25 417
111 331
283 422
60 145
189 476
138 551
172 303
74 499
81 442
109 386
47 259
193 215
135 457
203 352
37 493
174 317
421 521
314 473
479 502
306 403
413 470
339 384
414 422
295 462
130 149
275 514
145 441
81 84
180 301
122 534
294 445
196 241
334 528
189 244
377 399
15 438
109 416
261 450
494 560
202 383
510 546
213 514
294 334
156 290
141 226
43 395
335 388
277 391
215 249
469 550
72 224
379 398
488 549
334 341
434 461
145 268
321 455
69 116
124 292
119 239
279 329
386 457
172 326
11 70
117 224
368 514
130 242
383 421
165 488
46 443
287 469
49 228
117 342
60 478
100 240
175 501
44 424
197 311
474 542
399 531
115 354
156 169
399 433
164 254
323 333
129 491
27 518
103 440
153 302
236 314
119 269
396 560
283 468
288 443
220 271
293 320
210 414
208 253
45 396
52 385
151 311
1 220
150 173
162 532
183 486
93 388
65 166
143 371
44 423
143 451
182 219
221 437
25 423
106 295
307 459
88 276
309 491
191 308
269 346
148 444
65 493
128 537
265 383
176 379
40 46
26 256
378 495
290 477
68 484
220 483
161 469
109 404
27 337
136 529
541 560
225 238
87 508
13 62
148 217
215 410
181 225
54 516
41 203
2 400
302 413
165 449
267 392
151 464
179 276
120 304
368 479
233 335
53 415
33 273
101 288
192 450
92 425
239 510
109 225
321 467
269 385
146 431
359 404
4 379
36 518
329 350
92 234
25 214
154 505
297 481
103 135
209 561
111 215
15 294
155 459
97 396
100 491
9 449
320 397
459 489
94 413
116 343
142 159
59 248
96 425
423 471
249 461
139 235
116 201
292 506
283 430
43 145
136 462
522 532
150 340
171 178
90 229
29 432
491 543
107 400
209 340
108 318
303 341
216 319
50 482
152 439
125 378
191 338
19 153
409 534
217 507
183 446
130 544
343 376
150 555
29 180
332 504
135 166
31 257
138 539
129 435
212 520
132 396
434 467
12 165
166 421
74 246
177 488
388 418
143 283
72 345
0 454
74 393
143 377
168 180
0 27
300 379
178 380
159 167
302 542
107 402
153 500
131 237
50 168
225 449
96 266
278 498
68 384
468 547
212 295
48 518
16 471
163 317
49 119
514 546
62 471
203 324
25 76
199 313
196 441
141 209
406 493
112 489
28 147
89 186
317 392
28 115
371 537
128 335
89 336
18 352
166 306
86 443
53 157
363 364
246 371
222 268
53 181
92 293
16 123
81 531
132 425
327 410
444 506
226 232
26 118
379 397
141 531
423 458
142 201
119 378
188 207
35 407
21 26
373 485
256 459
75 148
172 292
25 65
38 435
97 266
311 491
252 455
67 285
203 345
375 465
41 155
397 524
230 343
330 463
141 305
211 361
118 238
381 490
368 408
409 424
101 135
45 57
89 353
180 261
388 473
380 516
115 154
23 172
158 429
2 487
56 227
108 202
398 507
254 303
258 335
8 550
207 213
413 416
18 480
25 186
59 389
35 484
254 505
195 323
328 532
145 535
370 509
302 382
177 186
50 98
196 459
49 447
66 311
42 478
303 472
138 510
65 412
138 294
170 261
294 387
143 447
205 313
374 412
420 540
158 163
176 287
343 462
20 339
155 522
385 510
68 481
268 547
43 281
209 440
200 436
41 317
340 385
299 398
319 377
4 259
150 257
19 303
161 535
28 368
127 538
94 359
36 255
249 336
134 515
155 280
48 539
265 550
61 411
149 402
132 381
206 302
163 200
353 423
282 504
175 369
329 548
167 536
172 413
272 321
251 416
164 214
2 298
138 303
370 467
133 261
14 19
78 191
346 434
107 503
243 454
236 313
372 512
56 145
140 303
119 209
25 241
40 274
50 118
6 113
232 414
202 365
201 263
277 288
249 470
368 560
339 430
177 351
153 176
424 436
14 272
264 392
72 330
426 460
68 196
430 504
275 467
118 497
216 276
60 479
251 486
18 553
437 540
224 405
52 206
217 463
25 66
19 322
337 467
269 549
64 492
271 310
323 420
385 552
12 244
9 479
116 181
103 507
296 299
380 427
425 507
177 283
187 489
281 321
232 521
269 494
112 498
41 110
3 202
0 351
527 560
537 543
51 519
50 60
218 560
510 535
291 526
416 481
315 417
62 200
246 347
329 465
27 378
89 462
225 561
167 395
101 226
324 439
50 419
160 430
463 471
236 341
367 377
220 500
156 199
8 23
213 527
189 435
116 179
327 355
451 524
305 313
58 210
290 488
248 367
281 410
222 537
100 419
203 285
50 198
81 240
407 536
308 460
341 432
129 357
114 219
136 489
111 264
200 310
361 389
150 557
235 453
250 424
266 456
21 521
154 190
46 472
70 498
8 188
160 241
124 442
234 432
53 557
84 320
163 428
106 140
306 510
423 497
238 315
304 496
330 409
451 493
117 363
87 470
0 341
253 301
15 218
58 515
52 400
88 95
302 552
110 261
377 494
67 483
115 149
103 509
290 514
441 450
504 557
145 200
44 518
82 411
128 299
23 468
249 441
432 468
147 529
186 386
355 423
42 146
75 400
340 442
131 274
63 70
61 401
82 218
282 387
165 331
404 406
383 410
138 153
55 130
24 43
172 326
46 385
27 402
417 474
58 340
75 373
48 111
183 188
258 559
148 273
89 525
161 530
412 432
365 394
420 502
123 149
29 94
477 484
317 328
514 550
391 483
73 537
128 458
88 379
117 473
135 285
168 230
109 415
28 95
358 540
95 311
65 165
49 226
287 300
11 133
27 509
252 322
334 350
295 539
329 435
39 203
262 561
259 387
144 389
53 202
289 464
216 537
179 285
240 354
52 181
133 422
387 390
52 136
272 304
20 337
279 545
113 265
359 371
304 487
147 347
2 379
32 233
179 430
354 477
92 484
198 223
173 290
179 207
9 156
383 439
17 304
31 421
423 430
81 226
141 550
310 503
200 207
443 556
343 506
240 543
415 453
301 489
206 397
229 485
321 495
50 382
205 545
83 310
178 293
188 426
414 498
176 193
38 443
133 137
63 239
103 130
55 143
130 225
238 453
421 468
62 338
259 473
84 488
16 98
268 515
212 491
398 407
36 105
145 201
384 441
278 483
368 478
32 361
384 505
71 450
298 505
390 530
70 500
253 520
84 414
273 281
297 395
255 303
40 103
72 263
425 512
109 265
399 462
170 408
178 461
187 458
210 553
394 471
133 368
303 378
427 471
241 246
250 344
205 277
320 355
29 214
195 533
257 515
249 279
339 349
147 503
94 164
156 518
215 349
259 296
243 314
126 219
165 535
40 326
55 379
275 534
187 228
1 39
41 419
120 224
150 535
84 267
53 88
184 275
50 149
453 499
199 322
9 272
239 323
126 297
156 404
295 343
134 524
26 446
82 305
36 534
499 530
38 199
130 368
83 170
162 555
127 434
86 368
294 403
176 418
410 537
107 449
214 415
431 548
84 109
55 139
3 25
102 512
334 361
141 246
60 149
94 315
122 318
115 196
14 223
199 363
217 460
403 518
3 149
99 365
355 546
21 478
197 478
54 245
17 139
147 265
233 407
221 225
84 116
32 389
172 416
231 251
375 384
13 317
289 477
33 220
170 558
73 93
109 370
171 505
109 252
25 224
200 434
342 521
243 496
5 137
181 266
503 532
68 262
98 446
163 435
0 393
47 388
177 259
479 543
232 352
142 214
240 271
419 438
220 547
13 369
94 108
249 530
278 330
153 395
505 519
50 258
20 549
276 396
86 98
30 423
29 203
456 485
111 213
403 439
31 559
254 343
186 391
160 476
97 187
45 342
292 488
120 259
185 394
130 421
337 409
64 243
311 317
238 464
260 290
346 446
227 318
181 411
231 297
95 417
1 333
16 338
0 40
34 507
71 266
215 385
212 405
345 520
6 544
295 555
57 526
104 108
145 376
67 229
232 353
70 253
210 536
308 410
289 472
369 384
120 418
32 161
162 267
43 339
246 548
95 214
371 553
311 512
16 351
148 195
19 516
272 337
355 370
11 394
151 465
61 417
56 364
48 110
306 446
51 62
96 271
330 560
91 278
55 328
66 122
74 168
171 382
111 374
235 293
183 289
37 137
84 358
327 378
75 174
94 420
411 509
92 172
188 503
299 403
82 555
237 423
127 423
244 411
155 209
26 227
6 36
21 119
27 174
100 411
124 140
225 497
31 140
261 279
86 238
174 294
42 348
441 512
16 293
278 319
69 510
59 195
124 356
43 57
118 506
335 536
200 412
95 396
246 530
12 294
31 75
103 149
255 493
20 181
55 290
205 287
44 345
72 310
14 211
106 236
268 537
26 286
226 231
138 401
130 243
315 474
265 307
49 379
19 424
127 132
237 386
88 104
455 503
71 500
126 491
149 396
59 178
22 502
162 361
90 373
376 511
120 560
176 227
34 126
113 389
389 530
85 293
274 409
1 341
144 403
216 361
212 490
152 425
173 176
36 77
43 129
337 495
458 499
176 318
111 416
156 378
33 41
136 316
115 378
80 158
104 503
62 183
60 62
40 423
165 285
82 527
214 268
418 471
182 227
15 43
145 476
41 152
31 46
238 497
115 545
218 270
121 279
97 447
63 515
297 315
374 514
55 233
540 561
256 408
92 236
176 208
379 500
200 499
272 331
56 253
462 512
322 484
133 357
438 537
221 474
344 496
17 250
2 109
407 460
395 540
398 539
46 281
253 529
369 475
82 275
157 446
197 384
70 330
105 340
31 158
200 553
401 502
198 339
406 545
331 357
318 361
51 156
77 220
29 391
277 388
213 301
345 457
418 520
414 542
151 267
87 559
276 478
0 283
112 474
496 544
14 175
298 481
429 519
23 350
93 142
303 485
253 258
311 559
85 528
209 377
238 431
229 520
173 450
470 521
250 400
42 228
235 300
417 436
245 457
298 507
58 218
365 375
123 527
147 246
336 395
325 534
21 500
328 347
54 131
16 36
446 487
284 292
91 245
297 408
20 537
34 326
55 260
30 516
22 23
80 465
162 250
20 53
52 226
214 541
134 365
315 484
189 398
145 228
225 335
48 505
61 354
231 406
378 422
49 471
40 133
534 560
106 340
430 500
199 368
30 459
203 465
370 461
51 166
224 306
125 310
13 243
299 386
283 517
488 509
143 382
384 385
400 528
338 404
464 544
339 414
195 199
53 196
263 368
244 297
0 380
12 411
297 354
124 206
286 318
256 500
349 538
401 500
36 57
200 560
443 499
441 558
316 395
43 213
29 294
3 99
145 482
138 530
72 194
95 279
93 427
31 490
195 378
365 464
300 386
140 496
256 528
271 365
78 293
90 166
207 364
22 513
207 236
376 531
113 396
185 338
93 217
394 543
291 359
58 353
315 541
335 458
270 393
246 545
177 529
43 107
245 529
320 506
80 117
128 433
248 449
338 353
53 276
241 528
287 418
30 150
327 356
171 469
62 191
51 406
66 245
110 186
172 531
69 522
111 303
9 540
360 423
305 333
0 180
163 506
361 549
18 114
260 531
98 514
115 529
281 321
249 452
121 139
405 482
11 110
27 495
29 51
246 407
21 267
318 468
261 280
296 518
26 439
205 503
329 408
355 431
89 139
41 488
12 55
459 478
102 455
0 103
176 518
37 61
154 381
349 461
26 502
74 356
508 551
8 497
86 249
19 245
366 508
98 141
456 475
70 200
242 446
134 193
248 409
113 417
25 553
344 499
402 535
70 459
200 361
132 197
91 259
263 288
38 266
65 242
65 401
35 544
192 219
175 439
225 559
356 441
238 398
72 90
51 181
241 288
149 274
44 219
44 331
261 374
19 220
219 451
413 485
327 451
483 510
356 492
156 196
251 257
153 277
337 501
40 204
184 292
121 133
108 134
439 538
108 422
66 243
395 514
71 340
151 342
308 476
80 207
44 92
97 112
34 375
214 478
23 550
46 531
53 508
120 506
145 314
104 128
401 421
475 498
168 293
310 413
119 248
301 381
159 264
25 400
430 484
372 524
152 315
521 542
104 345
152 473
18 334
37 244
90 552
117 332
384 418
74 299
61 510
54 170
268 390
424 425
269 399
267 482
422 455
250 430
332 448
270 292
323 333
175 336
135 340
299 513
113 194
133 143
133 515
44 287
37 191
107 397
478 545
93 436
503 514
95 526
307 407
56 211
262 447
185 381
119 418
90 321
221 551
426 437
110 202
371 472
133 362
417 535
266 445
342 371
429 559
208 215
487 509
180 500
42 89
161 346
47 545
289 393
64 281
400 549
253 349
261 507
97 196
171 366
145 386
36 259
362 383
378 522
28 116
48 252
402 505
75 476
257 482
70 304
179 481
158 423
202 434
84 526
325 496
99 342
44 354
86 191
436 527
131 561
22 450
73 391
120 302
242 311
252 284
393 416
499 546
319 344
340 389
79 213
199 336
310 439
21 488
1 442
66 464
368 427
267 288
299 336
287 427
175 436
191 290
31 324
237 268
31 486
3 49
186 316
325 365
17 390
324 341
38 517
317 547
73 221
364 446
152 541
32 488
165 471
215 535
408 497
462 555
352 532
234 339
174 265
403 516
179 237
221 510
234 517
92 426
300 459
236 367
34 294
142 234
142 550
409 489
139 356
356 507
245 338
171 440
205 467
355 401
38 470
41 255
138 148
205 373
205 472
194 390
175 332
403 482
28 498
101 105
12 110
66 105
15 128
110 178
477 498
383 417
98 350
210 370
108 498
36 304
282 311
479 549
434 544
232 332
24 407
155 335
46 547
286 537
11 289
29 495
120 463
303 506
317 397
85 362
460 515
147 363
112 191
12 384
115 401
110 526
129 427
133 559
81 463
86 406
199 269
383 505
28 252
177 310
17 496
118 446
112 362
51 217
82 279
109 208
29 315
6 354
69 227
452 500
18 256
222 329
379 496
94 406
78 183
82 83
46 164
68 520
277 523
232 316
12 215
184 324
220 543
291 503
193 521
249 366
279 354
210 550
234 326
88 536
39 113
517 550
131 143
52 406
143 335
66 256
58 412
13 442
108 308
507 532
192 509
452 503
284 521
321 499
408 474
62 156
68 526
267 461
114 447
58 347
238 463
74 287
326 449
85 189
280 454
315 381
460 527
100 321
259 312
328 388
254 508
102 454
113 372
278 323
93 551
333 437
261 306
103 325
92 502
256 283
179 411
231 500
45 553
339 346
129 169
338 552
272 346
215 218
126 355
129 519
227 553
41 453
338 378
65 507
216 362
59 410
151 152
267 535
61 476
296 473
139 368
309 517
349 550
16 213
253 406
300 393
268 286
115 206
58 416
70 492
427 543
268 427
128 138
51 320
278 516
305 408
248 377
113 300
78 266
68 366
230 283
70 293
435 528
67 86
104 386
295 382
58 466
239 381
510 519
14 215
482 558
397 452
490 522
126 139
0 17
338 537
244 494
11 342
151 203
324 419
81 240
132 176
167 496
205 333
44 485
319 528
154 258
268 396
76 340
233 271
151 206
42 544
165 502
50 171
61 409
178 188
100 351
379 532
140 404
363 451
0 103
319 460
459 555
391 496
373 520
131 326
184 351
207 367
48 224
48 451
131 314
157 358
255 363
288 303
24 448
111 301
61 322
395 454
186 464
374 518
68 181
364 451
61 77
142 254
436 536
82 410
267 470
44 557
181 233
16 192
100 296
393 482
365 451
183 436
315 429
317 320
30 176
124 231
5 25
219 507
21 88
218 223
514 537
114 203
245 293
78 138
317 534
3 271
143 383
73 116
294 334
105 352
283 373
216 344
240 306
257 534
106 175
389 444
288 444
73 475
75 514
162 370
56 176
266 283
272 476
92 334
156 237
136 232
149 199
131 301
405 516
391 490
206 324
166 195
311 356
181 475
447 487
106 174
1 83
241 273
38 363
137 399
74 130
16 480
378 493
22 536
259 459
120 550
251 402
141 157
357 412
173 456
141 309
85 127
165 209
33 404
357 541
89 182
271 456
83 267
98 543
81 387
320 420
239 392
272 425
119 228
330 484
243 501
323 530
53 315
67 75
304 397
360 512
76 284
244 333
213 245
406 460
143 443
12 377
225 392
40 214
61 218
176 204
198 288
42 381
88 515
457 468
379 423
221 357
191 205
200 319
235 448
62 128
246 469
333 493
127 297
96 235
116 421
44 160
205 323
261 280
43 238
489 551
276 513
55 505
181 417
200 494
171 311
262 349
142 369
164 218
177 475
208 542
320 458
200 410
139 228
235 262
164 524
81 440
156 449
92 303
536 551
168 368
138 200
60 161
365 545
285 503
205 557
319 522
56 277
331 372
149 366
15 324
169 513
20 360
202 234
3 200
45 237
392 411
373 425
299 557
209 462
162 224
158 469
181 473
208 516
262 386
57 467
293 414
97 212
275 553
182 270
170 397
439 510
182 366
330 553
110 335
476 485
335 460
485 532
348 477
71 488
80 211
9 127
52 315
196 270
221 420
249 256
394 492
5 170
70 127
105 532
125 148
3 542
346 362
167 179
63 271
128 381
377 382
5 204
255 275
22 237
98 163
139 464
200 426
412 544
2 153
467 480
362 385
174 428
19 264
385 523
139 427
232 429
102 168
189 226
221 529
148 320
271 277
85 179
104 387
477 519
187 278
276 469
219 302
302 387
9 294
230 553
215 511
388 529
74 276
76 548
127 435
343 473
2 94
19 174
226 343
254 408
325 485
239 345
135 267
42 92
279 439
179 408
331 407
182 331
45 260
325 410
95 561
181 526
52 285
278 467
383 455
220 260
67 270
225 520
41 402
30 332
259 297
60 212
4 162
121 193
10 410
232 271
100 522
418 453
52 385
167 269
1 99
521 523
160 267
296 374
251 431
220 538
50 410
134 375
282 392
186 284
199 375
166 189
64 143
58 319
35 552
32 453
482 499
94 203
246 379
33 226
287 505
10 329
128 294
147 377
180 532
447 502
171 377
93 349
200 545
32 107
53 474
184 234
430 521
52 308
154 307
28 495
98 205
162 364
112 471
17 419
277 381
487 522
273 299
324 536
92 385
249 501
189 223
102 460
279 554
293 358
18 257
163 258
84 499
0 51
415 527
456 540
201 283
126 500
182 255
83 218
0 16
10 140
83 169
225 396
86 99
349 359
227 503
36 206
122 148
263 426
353 560
74 402
255 546
346 454
270 379
228 500
9 68
267 406
51 556
206 554
134 439
269 474
236 422
228 237
114 455
45 399
247 435
65 524
134 502
241 278
7 221
275 398
227 319
11 45
92 279
172 179
395 436
421 444
248 535
270 387
390 469
134 456
14 94
210 529
166 441
236 429
296 345
112 528
129 337
145 322
135 151
195 497
164 169
170 390
279 447
135 441
328 390
192 415
534 536
304 315
206 376
207 424
80 496
313 372
295 345
10 251
286 485
159 444
442 462
76 89
460 541
208 537
23 463
202 281
306 496
256 341
93 315
21 161
426 522
348 411
254 518
145 520
371 391
356 520
402 404
340 524
115 390
72 518
110 547
539 558
84 200
55 319
93 429
115 335
338 504
205 553
201 522
130 133
49 254
13 327
3 58
45 147
234 527
191 411
255 418
133 406
87 440
26 522
110 328
5 430
54 396
162 480
85 123
175 507
468 508
79 454
211 273
125 561
294 556
489 550
23 113
215 393
164 324
500 501
317 508
39 332
190 367
230 305
38 231
212 300
65 522
346 383
104 490
501 516
241 373
69 258
179 394
252 369
44 189
28 454
248 393
383 399
408 437
84 541
152 261
404 429
442 503
295 494
173 233
260 488
206 457
141 451
362 497
11 469
251 387
48 397
113 281
195 249
164 260
168 487
367 416
158 304
109 539
199 534
191 503
216 463
424 470
391 531
190 486
36 429
432 438
432 512
65 501
223 229
225 275
140 513
132 423
46 486
201 533
31 445
223 527
224 289
157 253
62 367
465 473
218 487
81 177
364 441
188 534
59 440
57 306
45 154
116 499
11 206
467 513
233 552
14 219
317 400
261 546
314 316
208 223
87 280
391 487
55 83
115 163
22 420
382 508
55 446
429 500
199 460
260 491
73 431
531 553
77 236
187 494
247 444
24 100
131 241
84 298
109 479
254 412
7 192
126 345
409 521
123 411
379 536
337 445
93 489
75 89
189 495
148 194
126 155
80 420
296 331
98 373
286 523
320 476
546 559
143 194
209 249
48 311
457 559
110 168
228 255
55 535
140 380
226 246
107 157
116 394
205 392
149 387
378 391
142 327
115 211
134 145
377 427
24 553
56 141
32 516
17 195
75 503
295 356
6 214
172 536
151 447
31 561
59 151
115 140
372 391
400 492
354 400
73 443
145 510
73 550
8 280
416 516
18 209
249 480
282 433
474 544
163 170
274 369
77 333
489 490
162 466
542 560
297 362
483 496
156 234
28 171
432 557
297 545
267 302
200 316
372 401
61 262
278 501
171 385
11 425
107 555
24 49
131 151
124 166
276 346
481 507
26 336
83 542
372 527
230 409
81 498
298 455
158 170
80 482
83 465
76 404
224 455
356 467
98 405
202 209
100 306
29 368
205 557
282 459
172 484
90 94
57 463
517 521
2 343
68 125
139 465
9 405
22 426
121 186
29 507
321 492
78 253
95 257
252 517
126 493
15 156
69 425
65 334
102 383
178 448
138 466
260 391
154 284
126 155
91 385
23 412
84 325
163 471
299 463
270 552
365 496
240 453
428 555
475 476
372 414
340 365
13 399
282 404
182 475
182 324
23 257
298 367
92 378
11 531
286 491
263 431
46 197
288 318
31 110
412 540
388 459
280 518
341 433
442 549
234 356
204 335
85 86
244 486
94 434
186 382
205 237
179 262
147 400
48 386
61 140
129 455
301 434
330 342
161 205
524 531
10 465
195 356
269 524
311 449
205 408
226 241
34 56
197 256
49 120
37 437
138 306
6 140
131 143
362 451
176 178
349 479
75 161
212 313
248 375
154 332
190 375
81 334
120 261
243 556
51 459
187 341
239 456
85 137
506 543
74 534
252 467
18 307
129 426
69 449
106 212
489 513
500 532
248 365
195 293
268 316
332 425
223 289
96 146
98 507
9 124
58 451
107 111
135 194
91 323
102 377
52 511
226 480
161 406
371 441
112 282
89 185
25 96
12 509
78 246
299 446
139 144
209 291
112 521
140 174
66 192
62 458
320 358
0 318
120 386
151 257
2 540
106 432
299 517
154 377
235 291
165 171
117 216
26 184
200 302
188 357
143 456
34 452
241 327
193 200
138 471
27 503
144 406
58 467
377 467
200 400
91 163
321 505
104 338
383 431
44 440
131 466
64 435
222 437
162 411
410 509
228 406
346 525
85 397
40 110
92 343
62 243
66 209
77 539
37 517
70 474
348 438
74 241
39 58
274 416
110 143
22 432
424 493
305 507
88 160
439 486
343 554
165 323
82 114
19 478
234 513
68 332
412 434
212 326
342 492
350 358
278 494
237 348
168 377
158 485
467 545
120 483
73 143
534 553
12 179
183 298
224 448
238 551
95 312
181 291
117 235
84 157
347 535
405 560
320 535
56 349
465 504
8 393
353 398
192 555
191 553
92 362
248 300
37 51
72 267
348 362
37 152
326 359
228 367
17 60
45 297
226 349
21 452
422 430
245 550
41 68
107 116
115 331
142 370
162 450
154 376
129 298
115 218
258 329
131 483
264 433
364 464
390 510
112 120
289 388
24 536
7 29
91 113
282 376
338 541
317 390
126 526
128 528
230 373
336 495
221 264
51 448
70 491
13 82
411 506
188 487
234 324
149 164
246 462
280 545
385 418
66 517
244 441
19 304
28 149
152 169
174 537
186 312
288 439
103 538
116 233
241 550
97 217
0 213
359 368
72 438
538 550
106 218
112 506
268 337
85 183
73 528
33 166
93 447
108 121
118 496
409 445
97 400
405 468
102 512
123 302
171 497
7 239
29 78
98 256
81 270
13 182
417 474
101 525
279 548
52 516
212 396
431 482
2 47
198 361
83 241
118 329
273 559
174 347
379 512
451 478
331 502
71 480
319 531
165 431
123 528
227 276
88 427
49 230
255 382
305 483
54 553
110 161
251 559
446 526
88 166
27 538
65 329
485 539
59 232
45 93
100 238
312 543
314 508
545 550
274 536
86 228
63 286
107 227
88 127
231 418
123 343
373 464
87 146
289 371
185 205
297 491
395 478
220 285
40 389
460 477
344 508
222 507
155 265
209 287
343 380
149 211
40 490
383 432
33 398
316 412
59 327
483 529
158 335
37 323
219 313
24 310
84 261
387 484
229 408
296 496
184 237
145 500
99 165
47 237
117 473
444 543
0 334
390 399
81 160
38 506
199 260
42 204
242 247
84 413
150 226
8 523
154 471
126 204
199 364
101 360
248 458
123 304
11 32
139 520
107 377
260 553
315 443
14 80
341 424
325 372
7 44
47 436
227 480
35 548
267 451
177 398
131 137
46 458
215 367
95 287
421 524
53 57
471 513
376 405
192 211
8 136
73 406
56 555
252 362
206 466
15 363
129 170
435 448
16 118
267 292
122 124
259 531
69 339
413 461
237 507
79 371
304 454
214 487
83 407
68 525
263 299
282 552
285 359
193 425
321 423
319 524
126 201
295 371
207 497
143 544
41 379
302 365
46 399
239 438
283 456
220 295
146 469
69 292
179 293
141 347
235 330
28 281
75 545
214 527
263 428
241 404
336 472
41 470
419 459
204 512
314 417
32 519
350 543
56 513
253 295
47 126
110 494
297 530
67 541
12 275
447 528
45 499
207 375
24 205
164 244
119 410
236 382
153 341
239 492
269 336
250 531
75 148
55 84
423 478
173 209
212 528
424 534
141 385
87 408
173 371
24 429
4 345
213 392
303 359
27 305
195 466
319 417
361 440
118 548
115 131
245 399
354 552
128 179
77 110
447 555
397 448
253 380
249 295
190 452
47 159
138 330
225 538
260 375
128 440
515 525
344 490
251 472
67 394
25 136
43 240
40 319
351 353
243 536
149 390
191 274
251 412
44 101
50 67
150 381
90 432
25 362
194 298
203 262
91 117
407 483
11 147
378 474
219 513
114 142
359 484
41 253
408 533
271 519
52 481
65 503
314 398
14 376
364 537
274 532
289 410
22 210
112 429
296 534
185 235
254 474
103 312
345 443
129 511
243 528
8 401
180 373
28 392
178 435
195 523
283 501
85 331
86 208
343 528
459 530
36 96
337 540
285 355
322 427
115 160
47 488
118 233
65 489
123 451
67 304
12 454
233 295
119 446
236 405
231 274
88 123
76 160
27 231
470 492
242 343
122 549
13 436
389 543
491 542
399 540
123 416
302 501
132 375
160 174
400 485
171 493
163 250
166 465
209 296
293 494
231 306
156 470
523 533
209 442
146 198
335 517
28 155
120 543
283 450
221 461
9 503
150 306
282 508
89 396
14 305
7 86
69 482
220 494
445 515
13 163
104 284
44 351
28 420
470 549
64 459
46 457
78 106
97 368
178 367
43 355
9 513
109 392
136 308
87 432
302 545
257 485
252 269
426 480
98 225
299 429
138 403
51 110
23 242
22 482
315 559
87 502
45 86
529 557
320 329
21 221
135 408
17 331
119 416
202 500
255 278
360 544
74 393
108 398
103 500
143 157
45 511
147 309
20 44
131 331
271 465
136 378
219 264
231 265
118 546
61 423
353 372
70 432
334 337
19 123
63 83
550 554
17 480
350 356
441 550
58 548
97 182
12 496
289 518
74 551
278 520
340 401
31 220
20 322
72 79
282 555
28 372
84 281
117 454
151 164
334 394
328 462
21 438
289 318
237 296
151 198
19 339
241 389
252 508
351 509
258 328
178 336
7 399
100 235
51 212
28 60
188 245
222 494
4 86
511 520
223 284
388 451
396 448
87 258
429 536
331 395
54 282
123 397
219 251
85 209
507 551
250 361
195 504
337 536
306 529
158 463
100 348
137 377
149 547
22 116
138 224
287 405
265 523
34 181
206 522
56 110
67 95
55 135
168 536
11 531
313 338
65 533
258 432
277 284
24 192
236 455
351 439
283 361
275 512
11 425
372 432
389 454
105 520
161 301
242 380
169 315
221 347
4 330
196 384
189 550
22 507
6 94
119 471
98 428
163 230
79 479
318 436
416 464
351 398
472 526
18 272
367 487
166 202
333 471
553 555
329 367
15 424
23 75
36 147
109 258
239 557
3 386
21 544
77 275
89 261
425 468
90 106
19 70
126 315
191 333
299 469
384 466
301 305
288 320
290 354
64 314
472 559
114 194
36 180
250 475
144 277
92 329
291 369
25 147
432 452
33 403
427 479
45 380
250 415
225 251
223 237
298 432
32 488
81 402
330 365
405 470
315 558
133 545
249 551
483 494
96 233
23 427
35 423
379 557
203 481
51 407
58 399
83 134
345 346
392 433
11 429
184 537
223 416
58 73
60 67
249 402
484 557
264 436
51 129
198 506
428 525
99 219
3 340
35 66
120 210
365 499
208 541
261 489
11 276
39 197
216 449
99 360
68 556
115 167
356 430
237 415
54 116
71 105
167 530
237 378
381 403
179 475
163 558
185 447
7 309
350 499
16 534
312 454
122 460
86 294
196 515
24 514
117 509
264 364
37 379
253 402
219 377
447 499
185 313
87 474
17 341
92 106
461 491
0 340
511 520
14 219
88 551
280 542
36 517
114 304
196 198
112 136
234 240
72 131
60 340
89 261
389 397
317 558
341 417
446 495
226 537
83 257
252 486
26 423
231 246
27 260
415 502
458 520
447 511
111 159
169 498
531 537
275 542
384 426
137 144
279 290
269 549
219 425
85 282
228 526
370 480
41 157
398 550
35 344
278 501
494 554
130 505
427 512
218 356
420 508
186 395
382 482
147 450
4 268
85 99
273 337
191 419
406 409
49 131
105 286
33 413
129 196
112 355
40 351
174 492
401 494
236 532
253 451
119 257
0 43
169 377
91 231
39 45
80 89
22 412
182 494
329 532
430 525
185 361
471 520
257 367
18 196
131 402
43 138
74 187
78 226
232 382
307 456
103 371
51 310
165 307
79 384
98 285
152 328
298 492
163 467
196 394
95 553
156 485
116 404
448 476
329 516
378 463
168 526
5 341
12 458
289 405
74 84
39 360
175 376
123 432
363 429
181 402
61 392
245 369
63 549
194 558
111 188
37 274
541 542
255 309
229 417
160 288
216 224
467 536
242 271
51 361
414 536
275 350
258 312
360 520
58 352
117 157
83 510
226 356
243 479
412 542
218 232
207 255
97 250
37 468
422 551
329 487
304 513
402 529
105 228
157 250
3 83
85 386
57 300
2 393
231 494
225 528
199 452
446 472
29 84
209 420
129 525
70 389
267 325
183 350
99 296
3 309
189 408
14 184
322 332
96 129
270 427
120 427
341 496
18 512
57 481
404 455
117 294
439 507
155 178
135 252
241 309
315 485
187 252
353 413
160 232
246 404
0 302
490 523
232 382
324 449
0 456
326 338
103 502
11 86
195 407
164 285
173 528
19 135
111 190
194 384
190 508
41 113
170 269
41 471
48 93
321 441
199 306
13 260
150 485
133 173
44 298
230 549
175 307
82 236
90 459
295 490
130 533
406 434
150 286
278 447
216 380
38 41
149 332
357 369
188 512
319 427
89 428
129 479
96 272
377 551
354 449
352 401
415 495
182 501
172 204
292 467
11 450
52 309
192 277
202 545
51 160
28 418
45 80
205 364
47 342
5 342
21 122
536 545
227 482
134 150
268 328
280 341
211 323
64 399
131 363
303 520
270 446
89 406
143 169
230 236
0 474
235 281
54 175
160 420
36 486
124 362
65 266
102 320
40 264
140 380
203 449
210 479
164 519
105 344
134 170
262 554
367 510
234 528
474 502
335 524
106 302
295 477
12 382
45 309
54 137
225 297
336 469
90 531
266 503
189 357
122 228
94 384
162 468
73 149
308 330
138 556
231 266
78 405
132 337
375 552
39 216
414 417
380 507
131 451
348 443
88 264
285 481
276 439
72 273
278 378
20 461
106 347
78 561
129 154
199 446
70 196
35 374
328 385
47 551
272 416
63 398
9 277
240 319
214 230
270 525
258 265
130 371
187 421
42 197
503 534
137 475
173 453
339 558
420 510
117 545
378 533
190 373
402 521
140 308
135 455
329 413
6 459
59 401
173 411
224 276
12 32
194 326
368 550
15 549
262 496
78 321
110 360
23 451
303 487
10 343
130 296
26 381
160 481
114 248
246 494
330 555
495 496
38 201
263 508
320 465
105 520
465 467
483 552
117 306
166 521
209 496
16 184
363 448
329 469
317 446
44 245
280 420
26 258
376 505
108 514
89 500
273 495
418 440
77 289
94 95
187 478
275 552
151 512
29 127
191 349
280 318
215 557
407 526
30 506
317 324
190 306
500 519
39 463
481 486
266 267
283 508
115 125
39 44
199 404
356 458
17 560
316 459
217 463
244 312
299 458
48 73
325 518
194 400
158 307
308 338
44 168
144 190
41 383
342 492
168 268
294 484
67 112
400 402
34 184
27 366
136 409
239 491
16 431
337 376
223 320
516 520
183 393
27 380
105 248
345 545
105 328
348 446
96 141
430 478
206 540
174 552
222 303
231 384
412 433
394 464
85 221
250 552
75 112
140 325
33 500
122 349
399 490
156 436
54 196
302 310
166 283
16 169
12 463
263 413
197 511
0 235
5 207
416 508
189 209
64 359
198 474
263 505
68 333
66 425
72 315
112 386
430 435
23 164
227 241
90 323
158 297
171 414
54 349
232 281
184 505
275 423
122 257
439 445
138 262
108 347
30 514
105 254
206 378
157 509
182 501
208 309
297 502
441 509
126 487
203 526
119 320
235 294
115 382
8 501
73 198
530 545
369 531
431 527
323 485
251 473
169 376
39 513
20 148
160 250
275 489
16 199
416 529
138 327
508 515
492 534
9 155
46 478
151 353
8 61
129 369
7 20
170 555
427 450
96 357
88 143
114 558
121 456
481 552
274 375
381 397
182 470
186 234
152 215
94 162
453 510
88 455
215 280
91 210
422 493
191 350
5 548
46 166
127 268
245 547
118 558
52 337
131 544
53 344
367 465
26 443
3 292
240 357
169 489
225 551
140 198
69 501
30 477
91 153
291 357
526 549
348 439
436 450
365 509
87 365
358 498
169 237
4 102
411 500
48 266
69 222
121 211
412 447
77 446
189 446
211 337
92 527
106 478
76 379
235 499
105 149
135 417
112 255
397 400
112 116
270 459
324 338
351 357
37 136
104 288
100 428
256 354
358 410
43 456
111 549
88 260
19 287
416 440
98 222
280 555
291 335
357 531
130 387
239 307
241 543
526 549
171 277
92 222
186 560
423 538
61 453
165 255
124 466
174 504
401 480
89 237
263 465
53 414
117 139
11 305
92 558
148 407
39 156
58 474
377 535
0 421
253 300
86 321
133 400
298 411
30 224
179 466
506 561
55 525
347 547
151 559
527 531
18 134
381 446
212 412
133 454
13 222
134 235
245 519
146 159
125 219
192 470
176 395
377 420
12 559
79 84
438 557
34 247
199 213
415 531
18 291
237 377
14 227
196 525
335 536
260 467
171 416
122 287
55 396
27 477
378 494
308 382
7 94
200 235
292 339
293 458
45 512
172 288
9 417
280 501
2 374
49 546
101 486
7 558
30 254
103 111
291 416
102 372
321 489
352 490
136 452
183 489
29 199
235 266
48 331
71 253
464 536
40 272
173 318
336 487
6 552
224 261
4 298
235 533
135 374
272 507
146 528
158 332
69 368
2 123
4 178
26 59
316 531
188 439
280 434
37 111
243 393
417 462
5 317
161 508
159 185
262 525
403 486
129 211
264 483
235 352
154 539
87 288
129 138
75 323
244 521
29 204
160 379
285 465
66 70
12 343
138 513
474 546
269 546
213 276
210 471
118 345
448 513
95 243
332 501
33 50
168 252
345 527
361 363
263 276
356 538
66 167
506 528
157 269
139 503
209 442
349 460
98 103
10 153
242 502
68 359
5 470
158 457
72 559
186 487
160 281
360 475
112 275
128 519
334 424
162 445
276 295
219 394
218 496
436 461
391 392
21 161
84 558
270 464
146 359
80 235
63 411
49 555
112 479
23 518
288 561
24 272
164 473
20 292
189 452
76 309
161 317
93 461
321 507
416 525
35 162
151 445
203 333
146 456
250 550
211 471
18 47
157 348
78 338
550 559
50 77
305 325
322 487
347 399
489 524
436 502
302 559
172 340
420 554
337 349
116 192
247 258
35 419
99 370
190 306
60 219
493 526
35 521
52 231
70 311
245 441
195 429
166 524
241 359
261 474
245 539
104 226
244 528
23 263
113 468
187 298
59 348
483 516
509 544
156 468
238 339
191 429
105 383
163 468
14 369
254 435
164 255
131 253
11 137
282 430
26 279
283 307
1 167
495 528
114 206
120 447
388 406
209 273
25 244
17 259
242 385
340 405
42 269
148 251
106 249
22 382
246 532
337 531
57 193
299 559
130 470
103 273
420 445
75 466
332 354
52 357
25 151
189 518
433 511
80 559
467 552
15 335
277 461
264 316
108 182
49 466
280 386
359 467
77 179
306 560
26 116
53 143
200 466
249 415
123 286
66 460
48 284
408 510
433 554
70 333
398 417
182 199
153 367
67 314
285 434
134 257
393 489
17 288
221 432
237 413
301 415
11 151
376 409
226 287
280 559
14 329
110 458
414 454
480 541
460 488
147 240
215 368
229 404
215 477
130 185
242 521
331 415
108 167
378 543
266 545
142 229
80 444
230 243
385 473
460 473
141 472
41 289
65 277
250 272
199 321
356 454
315 388
156 330
324 479
257 394
103 513
28 391
194 253
92 269
179 250
132 212
344 432
228 545
82 546
116 203
187 521
26 441
143 263
69 229
117 341
352 426
330 423
443 455
180 235
483 559
442 451
487 522
272 385
168 330
202 366
359 458
152 325
287 386
417 460
17 207
207 322
155 159
272 283
1 62
85 464
334 554
62 290
184 470
291 468
431 524
105 421
76 467
62 301
213 508
184 412
110 525
141 329
388 463
173 509
285 537
163 439
280 439
79 397
158 369
32 453
107 443
356 452
228 245
207 513
91 228
452 515
490 532
332 514
26 47
24 498
131 357
519 526
60 542
367 524
73 103
209 359
35 490
83 237
293 323
217 242
197 477
342 355
144 545
77 529
547 548
301 402
35 520
202 409
66 178
291 561
190 497
360 449
333 346
72 258
143 389
170 332
273 281
182 240
215 217
60 221
443 478
365 520
51 370
184 333
417 477
34 354
80 287
193 242
233 519
179 308
164 248
341 553
86 182
96 105
290 445
11 547
64 364
14 178
185 239
118 290
148 432
289 380
271 433
59 198
261 468
368 407
129 434
274 437
109 219
35 126
207 511
65 448
172 347
182 188
97 310
59 377
428 523
43 176
43 142
14 60
288 504
203 304
29 121
161 454
495 511
95 279
155 502
125 328
23 465
389 553
262 453
213 260
61 376
70 365
227 473
91 228
224 540
303 328
54 516
274 542
164 458
147 439
227 453
249 553
19 277
33 90
187 455
148 532
109 197
154 432
67 116
137 317
233 389
180 462
3 263
179 292
111 299
250 456
79 259
279 307
141 400
93 378
64 133
269 500
178 207
124 146
457 512
246 332
111 302
474 504
379 481
255 328
431 516
131 406
166 339
422 549
100 187
65 489
267 323
173 175
52 170
190 257
24 29
386 513
16 156
454 523
26 217
209 324
75 250
298 436
14 38
226 423
17 347
437 478
46 451
45 46
93 512
25 482
239 272
5 224
61 68
35 271
47 220
169 215
6 420
97 494
2 207
306 365
287 510
137 209
172 232
119 277
120 284
250 314
36 482
277 412
15 313
98 507
17 500
210 270
219 302
55 328
62 528
464 521
117 230
321 421
290 439
296 526
255 333
50 528
223 519
403 528
97 397
89 384
280 330
421 518
461 529
48 320
136 143
185 441
79 314
347 513
112 558
508 537
221 380
31 33
57 90
315 523
7 109
441 512
312 434
90 167
90 508
216 269
88 107
201 350
161 327
35 541
64 206
145 534
203 485
145 410
359 520
159 252
264 353
94 390
66 95
372 391
65 401
15 38
223 507
329 551
223 281
15 30
324 486
270 389
43 130
318 348
127 145
6 273
222 541
212 340
320 481
289 551
69 255
79 280
315 467
45 334
220 345
181 219
82 446
183 302
86 308
136 292
230 422
290 382
199 319
420 481
39 185
48 356
273 513
89 301
89 320
248 443
464 529
175 338
49 63
90 106
26 485
448 486
315 394
231 529
269 464
104 117
301 429
377 453
289 521
19 474
294 474
185 190
0 407
40 63
279 557
196 399
455 557
162 374
114 462
30 535
474 520
33 526
57 94
132 445
145 535
491 512
108 129
11 215
158 493
233 413
251 383
66 198
328 521
14 324
76 514
453 546
0 350
117 323
426 543
470 561
160 545
140 282
74 303
0 495
101 471
91 483
60 122
170 194
164 527
293 312
4 159
382 414
100 324
47 535
84 207
139 177
497 507
179 211
59 126
15 70
67 444
201 438
38 240
19 290
81 202
212 382
37 39
145 175
122 545
134 166
2 437
139 469
34 133
103 313
20 85
156 446
128 322
146 261
400 525
224 267
211 525
163 246
267 438
339 441
320 363
237 299
94 511
19 195
456 551
294 516
273 339
477 522
25 417
121 392
23 393
268 285
38 83
68 200
405 532
66 406
11 311
198 249
377 496
144 438
31 450
295 452
80 270
164 310
305 344
79 238
111 382
206 343
11 65
101 184
167 254
344 490
45 105
458 528
278 385
111 312
49 195
384 551
32 161
153 433
154 199
472 553
465 559
136 172
147 266
49 295
452 460
163 398
63 136
83 110
150 308
86 376
266 416
144 242
507 535
92 104
229 326
445 483
72 270
202 255
0 17
127 442
190 195
121 247
158 371
21 353
58 538
37 504
119 140
14 198
134 449
376 495
271 450
365 535
270 518
368 510
252 485
308 546
234 367
283 365
142 305
311 438
193 516
36 454
40 110
180 549
338 559
79 155
175 385
9 528
59 303
14 337
209 355
281 535
77 251
104 550
324 434
162 443
95 315
253 516
277 458
257 428
319 528
47 160
173 330
33 300
213 254
50 231
482 532
181 351
246 357
275 344
71 537
30 267
82 510
239 370
156 405
116 462
120 284
11 486
292 542
402 491
110 169
315 440
478 515
184 226
8 192
172 370
41 427
509 518
111 471
171 528
334 461
173 334
4 561
207 457
155 537
28 269
262 560
85 294
44 171
386 540
247 314
87 232
15 428
3 392
243 303
505 556
377 399
13 17
285 288
398 543
35 384
52 236
2 546
177 460
193 212
353 459
329 528
142 380
262 410
120 227
377 523
72 245
397 504
382 559
110 547
297 426
374 479
476 511
141 395
211 451
15 323
340 432
148 536
452 478
38 455
208 533
94 475
89 314
530 553
360 464
167 341
194 497
96 173
99 375
162 556
40 93
351 489
33 77
311 426
258 354
166 274
368 400
53 317
60 499
260 435
169 361
70 291
354 461
173 510
206 361
61 481
127 316
408 505
190 474
149 299
250 404
49 420
364 496
175 189
469 529
115 276
112 524
233 467
127 311
244 308
278 545
367 535
50 453
64 209
119 550
87 435
408 506
85 308
74 143
167 473
458 560
228 237
153 385
494 495
44 106
141 294
108 245
333 532
142 492
246 322
238 440
282 338
306 543
364 549
36 369
253 285
40 67
521 543
6 124
118 307
333 489
99 215
440 487
481 512
190 349
445 516
28 377
268 457
255 413
67 313
156 179
6 541
463 481
155 475
180 278
112 494
243 387
207 379
159 210
93 97
104 275
261 431
16 52
291 385
232 387
2 458
369 436
413 552
86 524
316 523
417 450
45 131
69 214
153 354
82 251
259 454
188 409
168 499
179 554
308 378
102 307
56 191
67 107
236 373
356 528
176 528
121 480
110 243
284 495
324 331
110 527
213 358
147 485
50 471
49 549
35 227
120 470
49 289
20 397
270 298
256 289
248 537
6 351
88 483
397 409
49 296
306 483
369 540
57 148
311 425
40 481
63 123
385 415
410 553
34 215
83 146
148 284
153 388
166 299
78 293
57 363
196 361
478 529
130 393
115 379
14 258
26 198
20 127
145 504
0 136
350 446
261 428
31 516
296 419
429 469
219 321
477 480
56 164
134 456
128 440
463 550
122 496
154 466
152 271
106 240
102 244
433 521
258 401
214 527
73 143
157 418
207 470
260 409
224 321
199 349
472 505
201 328
95 382
67 251
309 449
398 457
288 450
79 437
0 295
119 175
479 484
72 97
253 325
240 448
39 263
100 478
332 377
288 402
13 478
169 463
100 341
32 458
