9224 564
528 154 70 116 538 173 262 380 264 257 20 91 392 493 501 69 213 382 90 284 395 206 334 110 140 363 103 209 205 285 561 480 40 452 542 411 507 372 88 92 465 430 199 272 168 250 277 544 155 8 307 136 514 39 188 431 156 204 433 552 494 425 268 178 234 454 408 455 47 318 266 89 226 314 129 1 308 335 503 182 14 488 137 174 236 248 513 526 531 471 557 190 159 73 238 378 432 535 216 396 364 545 558 223 469 36 297 280 324 68 516 419 170 27 105 251 157 381 44 303 406 120 11 249 128 481 261 253 359 15 426 6 543 97 246 235 309 172 466 139 224 56 50 357 127 404 377 386 356 233 405 214 228 489 301 13 185 61 66 349 368 181 476 146 373 473 310 48 387 496 553 64 312 49 311 53 522 19 180 101 138 424 509 367 498 484 508 305 194 550 161 28 141 93 495 446 192 96 145 313 393 259 350 37 125 122 523 30 244 51 407 124 245 400 439 352 464 300 16 203 506 231 57 165 304 60 167 323 230 326 479 525 555 541 388 397 409 477 176 551 442 55 267 54 434 486 519 241 22 299 269 534 133 401 483 98 348 169 281 212 391 117 225 355 71 255 254 339 536 500 83 5 65 353 327 389 63 33 99 114 200 151 470 79 239 457 358 193 365 21 319 76 111 298 177 332 315 361 333 81 130 202 398 278 107 74 423 135 108 440 554 123 390 162 321 119 144 183 208 149 58 502 532 77 163 34 72 118 43 275 102 468 316 370 417 143 59 443 530 207 394 160 95 379 45 24 441 104 18 322 399 184 197 546 482 237 463 42 175 371 474 17 360 131 287 524 221 456 362 510 186 505 518 62 487 132 152 86 243 461 428 191 504 517 9 35 429 211 286 499 115 220 171 302 416 451 164 385 2 547 148 270 562 453 462 12 458 450 78 549 67 187 201 282 85 467 134 436 346 347 106 291 126 153 548 472 52 414 556 240 142 328 217 179 290 26 247 415 273 31 296 521 437 10 490 94 527 460 337 100 82 196 512 3 447 295 227 449 29 294 376 260 384 4 374 421 306 158 445 375 475 331 478 497 292 329 345 491 84 427 420 25 121 229 219 32 459 340 435 276 422 215 413 109 320 325 369 366 560 539 271 448 289 80 38 23 274 7 520 341 46 403 293 438 529 256 150 166 343 317 338 485 87 0 265 418 540 354 232 330 252 559 242 113 283 511 189 533 258 195 402 198 351 222 218 515 342 263 537 288 147 210 412 344 112 279 383 336 410 563 75 444 41 492 
685 2319 4176 3504 2298 4312 2211 519 3327 1388 722 3939 3404 1968 2885 1996 3612 2283 2239 3136 1913 2354 1164 891 742 377 3509 1653 2428 699 130 139 1801 3804 2664 256 2167 549 4915 253 633 4440 2182 4695 4507 4532 2896 633 2050 1499 2289 4249 4858 970 1997 2055 3367 1329 776 1387 701 2211 1395 1262 108 3664 662 205 1814 593 159 4865 731 3452 433 882 4576 2737 2841 4437 4459 4228 3293 4707 4842 933 1310 1380 1956 1436 503 4492 2679 3928 766 749 4660 689 2755 4397 3433 4900 1998 2074 3117 4288 3398 3091 3953 1511 3895 840 1733 439 772 1141 785 4834 590 1435 4229 2427 2931 135 4586 993 2162 1727 963 1560 2630 3354 1510 2662 3281 1528 2040 1772 1403 762 816 1750 2723 1435 3986 2989 4885 1799 511 698 4045 2250 4890 1149 1243 4725 3782 3360 1064 2020 967 2541 1384 1979 599 1807 111 2571 4890 2544 2721 3880 1171 1390 317 4741 3312 4315 3201 4937 1372 4125 2444 2483 2860 4036 496 4052 2692 3643 671 1381 1378 16 3056 2417 4154 4535 153 3708 1580 3363 4727 204 3860 1566 388 4510 489 284 2392 4892 1320 3915 2043 486 3505 942 386 3918 4338 1499 744 1489 2578 1024 3023 3427 2929 1781 3791 906 3471 1110 1670 3574 554 4920 976 887 508 806 4841 1543 4443 2604 3425 4305 1410 1308 784 667 1809 319 2066 952 1937 1655 1836 3777 2739 2682 3504 1525 2833 553 1277 1142 4061 2826 611 3175 2576 1451 2037 2546 3822 1464 4895 3382 4840 1926 3434 4490 1561 1 3678 3075 2734 4187 2456 2780 2768 3414 3956 390 4996 1044 2613 605 1180 933 1610 374 119 2905 2875 4942 1975 3806 3549 2389 4578 244 257 587 2347 3639 644 321 3001 2717 2483 1363 2800 1121 1909 948 2894 4823 2149 2434 3153 3089 4552 1716 776 3209 892 2474 415 3375 2506 2388 87 3294 2813 3006 3517 3602 4587 2082 2754 1997 1388 462 4915 4450 2376 4647 1985 4249 1534 3718 2979 2413 1035 4522 867 3290 2567 3271 4559 955 3678 1373 2281 995 4533 804 25 994 4852 214 2921 3594 4355 4325 1793 787 864 1560 4708 1804 1520 3784 2026 2994 3683 1343 1464 3662 3485 467 2117 3298 4466 4799 4055 2852 4026 4652 2421 1191 2342 198 3646 4734 2906 513 3946 4018 2203 4222 3879 4550 3034 808 1727 3193 1681 4428 2319 491 3870 1048 1939 892 1062 2283 1984 1793 2308 4694 787 5000 1218 2745 4825 4991 3734 2129 254 4000 3945 2097 2601 208 4413 1278 1880 2336 1933 2416 168 1762 4121 2005 1864 728 681 4832 2398 330 4498 458 1338 271 1663 2192 2266 4598 946 590 4661 2093 2971 1041 428 1081 3632 1691 118 1255 2902 875 427 1651 4278 1411 1939 4071 4332 1454 3072 3327 892 1481 3121 818 2654 3642 3761 67 2748 2854 1176 3929 3881 4375 2823 131 540 4622 1369 2288 1308 605 496 614 1791 649 3438 4849 742 4782 462 767 1963 3379 250 1962 1422 2519 4086 4638 3060 1963 4405 2803 2834 2346 538 2668 2928 960 1698 969 4897 1031 1992 299 977 1111 
255 541
373 431
267 343
138 313
146 363
279 350
33 61
242 296
328 435
221 438
112 129
132 522
2 339
43 514
80 480
490 525
289 344
280 349
151 465
82 87
150 256
514 547
55 506
108 366
203 316
500 534
270 372
61 328
13 454
95 537
92 192
31 178
64 523
399 498
328 351
243 459
286 322
24 209
78 268
99 192
350 518
81 103
222 335
232 441
21 360
422 551
397 430
135 208
59 173
256 270
278 526
170 424
37 499
59 87
225 243
175 474
264 392
321 535
214 267
23 550
118 521
414 448
221 322
118 449
65 325
194 478
66 212
242 554
465 509
315 437
323 461
208 336
9 532
125 516
219 301
216 397
78 540
172 184
50 168
170 297
392 490
306 417
173 423
358 477
169 406
166 297
336 535
148 283
12 112
222 276
121 336
149 299
82 417
110 174
170 367
30 31
383 422
202 469
73 256
355 424
196 229
298 476
100 446
134 551
143 562
132 504
12 292
401 557
309 377
131 268
180 419
58 478
340 478
264 528
91 355
83 414
205 474
309 470
291 463
101 470
158 451
104 526
98 156
34 313
253 442
279 499
463 548
55 96
245 426
107 522
102 427
93 377
50 312
212 406
54 315
206 462
219 499
504 537
83 500
248 335
276 302
255 389
101 364
384 470
4 272
113 452
301 500
157 488
58 560
107 132
83 445
102 334
76 301
35 369
283 482
320 351
3 540
273 353
39 493
62 509
329 502
0 298
485 503
113 320
71 330
8 162
226 379
525 543
167 456
87 214
514 548
403 490
52 110
7 136
123 244
378 544
367 481
58 529
427 521
10 73
189 305
58 78
309 419
419 455
404 554
453 547
339 492
64 257
125 129
55 78
137 553
103 377
5 200
19 301
80 294
205 287
161 334
36 522
201 539
246 328
494 495
367 380
39 447
17 342
118 381
153 518
318 367
142 404
387 552
256 517
238 485
222 376
200 272
460 528
175 546
252 276
74 163
151 382
263 521
209 441
7 506
262 404
288 446
91 101
71 180
59 375
140 541
191 425
212 499
46 96
94 364
204 452
17 278
418 438
424 517
187 326
401 451
364 420
93 549
116 239
235 443
276 514
16 544
247 352
265 477
262 434
30 475
20 78
23 510
62 128
71 421
465 555
12 408
109 128
24 341
90 318
401 454
269 422
229 416
126 374
259 389
291 475
127 260
82 179
0 253
134 555
232 475
21 361
370 383
35 245
11 335
534 552
60 348
355 556
142 391
108 398
423 513
17 99
251 262
227 364
115 198
36 79
19 334
209 445
219 275
23 458
167 228
102 441
46 88
115 148
80 284
384 435
131 507
168 381
99 214
347 419
167 375
42 375
9 32
33 314
157 480
337 537
71 512
176 429
546 548
191 256
318 396
505 520
55 403
71 540
137 531
66 74
67 344
443 516
113 536
143 267
113 184
90 230
306 544
69 280
41 113
18 221
445 509
249 308
428 481
349 423
61 237
184 315
35 131
5 96
498 505
82 142
311 346
64 161
50 505
430 461
38 390
493 529
186 369
107 328
187 275
194 419
446 505
84 400
31 283
464 542
186 406
205 437
225 518
325 441
398 562
188 351
82 243
245 561
9 308
142 533
9 96
30 540
145 546
72 479
42 344
367 561
87 377
34 245
320 365
112 555
387 435
356 469
154 346
57 540
321 425
52 405
13 230
61 467
272 337
299 529
8 115
153 416
197 381
160 246
449 491
199 433
335 525
299 398
125 275
77 212
226 524
19 193
9 129
316 457
402 476
257 350
215 498
330 541
291 305
11 208
278 482
208 213
230 471
201 549
260 324
223 517
312 373
56 554
74 540
282 306
355 451
129 358
4 560
2 129
194 246
202 527
194 483
461 525
12 225
103 247
323 539
175 504
266 341
356 449
57 107
135 378
317 553
50 72
13 195
135 362
158 370
160 262
9 293
90 436
60 128
344 387
91 425
283 479
105 507
343 524
201 501
411 510
339 453
73 453
166 502
532 546
360 554
178 546
107 533
301 450
114 295
427 515
123 213
142 555
163 389
35 276
155 306
135 432
96 409
315 381
200 439
202 229
223 517
545 555
187 293
83 304
235 562
90 290
192 504
15 413
182 305
32 151
274 538
243 448
251 349
96 220
267 274
21 34
119 132
29 94
350 382
166 265
463 486
100 211
241 248
299 400
205 423
118 300
102 135
94 480
425 494
197 293
230 326
65 327
174 184
191 243
227 487
227 308
74 253
51 384
213 237
275 410
70 310
5 218
314 321
7 179
357 364
378 432
401 559
44 436
208 220
153 251
150 361
74 457
14 510
14 280
125 440
19 457
32 283
109 457
422 479
90 205
353 472
162 377
90 512
5 268
11 193
445 447
137 229
13 418
369 374
47 520
264 536
315 475
2 307
146 361
491 493
234 484
224 232
40 155
49 178
38 259
317 338
20 153
98 288
38 388
19 323
221 368
379 558
29 411
101 177
137 164
82 338
9 432
272 466
212 428
343 508
107 137
24 226
171 426
201 461
72 478
136 440
12 318
118 281
82 535
76 382
131 366
183 350
100 165
44 251
108 556
113 193
184 480
91 112
372 537
434 554
234 499
135 518
74 86
56 341
452 552
108 509
301 339
197 458
383 390
301 310
26 223
78 341
158 322
143 552
161 276
136 267
83 157
179 372
3 518
378 450
180 317
357 430
228 447
553 561
6 241
228 554
48 300
342 395
227 373
126 413
4 538
91 94
187 529
112 406
20 318
233 267
50 216
286 469
203 474
419 563
36 331
473 487
360 549
28 539
111 309
296 540
173 451
212 541
146 509
67 316
81 557
113 176
345 411
355 559
170 560
118 153
144 194
237 420
33 335
27 356
362 393
318 555
34 63
223 307
466 467
331 420
266 442
8 482
374 524
329 463
381 486
110 330
31 529
111 385
256 468
393 414
264 534
46 375
90 322
136 325
78 498
40 194
321 538
29 168
302 461
229 516
224 295
192 430
30 177
45 361
38 453
276 479
249 460
85 279
7 373
142 425
116 195
426 553
427 481
349 448
379 561
302 471
318 326
17 420
123 478
128 227
419 424
251 455
137 467
95 230
353 390
298 561
65 528
351 481
3 397
190 311
421 424
225 239
6 66
237 380
243 413
530 553
179 531
275 445
86 353
84 505
280 335
93 554
97 270
35 233
206 376
192 525
392 413
390 408
54 122
168 466
209 321
117 261
138 416
138 314
419 551
34 430
177 469
256 380
182 436
125 129
49 291
180 348
333 489
137 514
20 128
100 520
287 562
35 377
416 432
465 479
52 149
0 142
142 392
406 489
112 480
194 305
94 288
337 345
473 490
370 540
203 334
370 489
323 456
216 244
10 318
180 506
175 201
11 520
272 283
12 386
213 405
109 134
143 318
8 107
152 363
172 188
215 337
333 550
84 260
68 504
350 492
216 300
101 433
194 296
452 543
252 561
39 377
299 440
194 319
516 548
212 428
26 111
228 481
379 392
394 484
186 537
248 277
88 379
155 417
374 463
252 545
353 450
15 546
77 491
15 245
273 460
333 539
226 399
449 522
425 555
159 461
309 503
528 551
248 419
193 373
152 187
209 339
356 457
38 194
226 499
83 534
59 536
199 502
298 370
17 563
61 533
33 552
110 274
253 293
66 425
207 453
264 415
208 302
167 373
198 219
1 263
236 299
52 531
318 320
128 505
141 387
358 494
369 463
196 462
192 526
238 326
34 457
148 501
130 394
409 509
245 443
96 521
318 523
368 497
279 495
68 162
100 186
368 479
12 360
182 457
61 82
247 472
32 116
204 393
161 266
162 269
190 446
189 434
88 430
47 254
45 385
18 544
412 535
135 225
59 113
184 431
131 151
341 482
335 494
154 471
99 170
418 432
64 319
221 460
249 516
112 114
71 123
99 274
277 298
168 402
219 536
446 450
44 261
45 64
58 370
272 445
161 416
161 230
81 443
297 463
238 384
127 450
345 445
233 260
374 434
65 277
172 243
56 375
157 433
55 289
141 498
109 235
60 324
386 492
209 335
52 544
19 491
221 275
60 259
250 365
163 557
194 427
469 551
151 275
331 529
418 507
64 186
12 486
17 80
348 509
147 150
172 432
296 348
73 237
77 436
289 483
238 408
452 492
80 437
338 502
89 217
101 126
90 183
103 372
65 368
6 448
64 101
40 253
313 448
402 555
54 480
259 395
235 432
360 479
79 406
504 562
88 473
446 519
105 233
165 419
16 254
11 229
60 499
109 463
25 87
324 400
321 435
239 439
133 244
220 516
46 62
5 373
69 231
10 204
171 259
249 315
130 300
256 472
149 464
12 310
4 224
322 508
380 407
141 161
373 494
79 191
358 371
398 417
65 239
205 308
41 413
128 420
323 534
323 409
111 336
128 549
195 557
44 241
37 221
218 284
162 264
298 413
362 430
100 302
91 219
116 276
37 242
242 420
383 515
223 368
217 552
205 357
368 414
307 386
127 334
172 385
236 409
363 532
111 228
151 343
141 335
34 95
316 557
451 525
366 463
161 529
117 336
39 275
69 334
216 562
10 222
334 368
2 144
205 244
220 402
292 340
362 394
45 290
229 457
34 281
106 449
151 476
327 433
173 205
351 498
159 230
279 410
97 510
204 248
296 561
78 359
16 285
203 475
50 497
131 494
403 477
84 259
8 42
11 321
8 510
8 218
132 141
138 463
103 397
318 371
170 212
25 160
80 539
343 411
36 203
324 387
31 106
150 223
368 433
229 479
75 250
405 485
341 438
415 495
331 501
80 209
443 509
21 157
109 330
42 127
410 563
177 424
89 135
288 506
119 488
219 413
181 446
406 474
165 225
350 424
142 554
159 464
270 387
258 548
56 83
62 491
267 543
149 504
282 518
503 543
14 555
69 160
405 547
202 314
99 140
106 402
229 307
268 340
418 487
237 334
86 513
497 532
413 434
71 441
62 324
224 423
212 505
12 311
121 537
209 385
93 287
333 453
36 78
197 397
116 512
260 501
137 300
203 480
158 448
383 486
250 470
8 490
152 475
466 562
93 297
35 209
304 508
68 548
144 343
302 317
484 521
115 203
32 383
126 138
389 452
74 555
70 79
210 412
309 516
303 434
184 330
252 395
346 390
131 423
209 527
413 558
173 328
148 264
253 415
370 455
310 417
136 226
19 439
256 409
316 509
210 255
38 279
270 487
85 509
95 522
220 393
112 268
65 399
23 408
186 523
280 518
49 116
257 290
69 257
46 319
427 551
287 559
351 368
180 273
62 139
41 72
271 497
268 328
493 551
344 458
58 495
221 445
121 176
149 412
40 138
236 311
327 462
164 246
57 157
454 481
79 82
223 293
4 156
122 165
7 187
219 463
248 361
97 274
106 348
274 376
412 529
180 530
45 108
131 559
20 86
30 130
409 439
239 269
41 405
77 383
145 284
510 543
227 489
250 425
65 519
137 387
214 281
441 447
341 482
41 272
499 528
347 441
31 400
386 495
36 484
78 150
41 216
444 453
24 178
369 525
90 263
238 241
91 233
117 456
179 363
68 461
96 119
266 555
371 485
5 77
366 372
140 449
247 303
144 369
83 340
251 288
303 355
29 73
450 559
286 518
251 467
451 467
133 357
19 470
188 550
492 547
24 410
5 196
200 458
79 375
124 297
98 288
31 450
174 356
383 487
112 165
186 314
19 332
57 496
154 173
265 453
404 548
466 508
202 474
112 542
188 543
402 519
8 551
46 555
275 278
217 316
67 354
314 465
4 32
343 448
73 427
72 347
66 421
44 233
88 517
474 477
196 508
393 451
178 298
467 540
313 536
122 278
209 278
92 435
478 504
167 238
420 552
379 434
87 414
281 491
23 218
9 426
427 516
300 444
43 547
75 478
222 376
9 350
74 469
193 380
77 83
291 499
42 391
170 274
292 516
38 333
270 548
158 253
44 473
151 451
79 176
104 302
108 531
254 435
320 474
37 183
36 59
155 195
503 538
69 492
284 450
224 536
63 206
298 420
388 560
18 158
1 369
4 200
319 502
162 432
32 195
185 444
269 413
98 263
303 501
275 385
477 513
42 539
93 127
420 540
312 478
200 314
308 311
163 320
7 163
280 463
94 300
168 418
372 401
92 144
317 367
376 419
109 505
46 452
112 513
359 386
287 483
290 340
256 455
269 495
204 355
303 368
50 171
207 251
264 388
69 497
129 530
171 173
25 281
112 553
112 168
267 364
395 450
304 418
255 518
120 157
41 237
75 455
255 318
269 334
306 550
230 470
85 303
35 392
25 33
131 313
168 546
252 470
202 348
187 231
36 302
262 531
26 543
348 405
277 375
126 463
338 478
325 560
85 431
311 328
129 322
107 328
521 532
7 324
498 521
100 313
232 253
90 542
121 551
219 532
80 220
371 397
141 244
166 240
75 284
390 462
100 185
95 289
57 339
103 354
315 560
157 342
285 398
352 475
71 400
84 244
253 435
262 270
51 64
269 360
390 557
202 509
448 530
272 557
25 35
30 263
150 423
358 442
279 483
460 470
108 276
136 277
376 542
89 478
277 475
142 411
8 453
450 533
49 543
19 83
181 534
258 515
52 366
225 312
456 520
301 310
20 96
235 398
82 376
264 498
81 281
322 537
386 501
61 455
250 289
515 527
175 509
424 491
4 517
22 31
36 548
159 161
460 464
295 374
77 359
46 510
58 190
41 440
299 547
238 285
492 521
283 394
174 287
5 234
105 510
285 476
399 504
286 562
222 540
147 446
328 381
355 491
109 446
182 253
168 345
46 417
449 492
163 213
263 295
24 97
10 172
35 481
164 289
174 491
375 444
119 408
293 412
254 527
74 136
233 371
169 308
243 397
130 266
146 452
218 513
444 531
8 297
186 536
383 553
163 332
70 382
50 262
111 499
11 115
276 541
385 538
368 480
38 357
88 353
320 524
190 508
86 420
83 318
298 454
109 533
429 517
397 450
76 442
339 411
223 506
333 344
493 498
61 456
1 22
434 539
285 547
71 132
128 180
17 399
213 492
91 556
367 453
96 521
434 540
280 460
92 280
242 411
151 470
422 519
368 410
1 57
263 302
116 367
333 393
217 335
117 280
9 348
250 464
196 519
116 210
262 467
394 448
327 346
156 264
433 457
34 146
66 396
14 78
99 441
345 521
193 500
348 534
71 491
401 545
97 274
486 563
36 177
5 415
17 281
289 301
67 111
154 170
476 560
22 457
10 299
430 525
171 295
14 259
24 414
18 228
194 561
2 482
440 470
279 437
64 231
115 428
169 504
144 275
88 389
43 430
142 278
218 492
26 457
215 304
24 287
29 420
55 412
215 263
38 413
179 222
78 251
38 157
24 294
335 406
194 254
89 310
247 494
94 428
120 302
265 368
311 508
140 533
262 353
146 361
399 542
54 234
33 282
35 99
435 482
24 78
95 391
99 477
146 342
160 391
55 153
253 554
50 316
211 275
25 107
63 544
220 234
324 408
395 474
192 418
28 268
188 332
264 289
111 533
219 263
197 533
88 326
516 544
100 439
4 68
189 380
127 460
38 262
364 370
79 185
47 237
40 96
189 550
113 408
285 519
214 337
13 297
351 498
338 562
74 225
367 490
205 478
423 504
98 252
51 366
138 269
148 322
39 191
294 562
7 109
129 334
0 97
199 540
213 511
295 441
4 544
292 354
409 423
14 172
95 346
47 306
302 388
375 520
117 334
14 552
73 371
409 477
76 390
291 407
122 338
55 407
178 402
482 487
228 498
122 183
424 464
166 324
342 417
128 312
297 341
86 379
209 228
34 254
153 336
357 537
70 150
438 494
95 519
12 461
92 457
86 368
471 541
76 133
24 143
339 460
329 555
174 408
369 540
302 471
2 205
135 317
200 444
286 508
120 211
225 229
82 426
7 80
180 491
30 435
263 545
41 298
409 555
331 553
281 506
96 286
143 444
3 463
373 388
286 494
226 281
222 459
293 319
418 545
185 236
181 282
92 388
106 472
22 320
162 498
260 392
320 382
362 455
167 172
93 545
178 310
277 311
185 452
100 171
343 493
164 284
445 537
64 161
243 477
311 452
362 411
31 520
255 415
351 435
7 22
159 549
82 450
213 287
196 227
236 435
337 385
86 429
165 377
5 538
93 548
171 383
72 543
127 198
159 353
12 510
75 546
318 543
112 223
159 200
184 346
147 225
42 359
36 311
75 181
253 521
106 336
200 520
85 113
162 190
48 239
125 174
292 421
381 523
98 236
135 340
64 310
79 302
58 205
111 434
348 543
102 518
144 242
216 267
3 317
204 206
116 436
96 212
217 377
182 368
25 482
249 429
42 230
87 347
27 501
25 526
229 391
102 160
83 483
80 86
132 398
163 539
313 424
147 219
448 554
281 333
238 315
263 445
205 442
278 354
103 181
191 256
211 275
121 517
98 295
113 561
353 476
45 276
158 559
188 467
145 321
210 535
193 533
349 375
180 443
149 496
207 553
228 508
391 518
262 359
407 561
67 338
175 476
43 434
330 430
151 158
113 563
345 560
210 503
124 222
4 334
92 420
406 518
206 390
11 491
104 194
165 400
282 373
13 368
281 373
231 449
405 510
556 559
181 444
277 375
356 386
264 276
276 523
101 542
14 453
289 346
210 524
64 442
52 210
143 206
251 504
250 372
7 520
127 461
443 542
192 315
115 226
139 546
40 254
95 418
65 468
382 549
261 562
299 508
11 449
35 335
221 488
430 471
178 263
2 544
217 450
471 554
96 546
109 110
184 389
110 117
241 250
367 525
312 523
370 492
429 556
240 413
446 472
107 138
350 555
51 299
144 483
383 428
505 522
322 408
255 559
71 188
523 562
130 452
11 550
45 413
260 432
42 175
43 529
39 447
83 194
15 244
327 342
155 225
184 488
443 484
273 449
244 560
85 457
188 381
39 336
342 386
156 226
54 225
90 372
193 320
137 181
158 259
119 272
229 355
139 282
266 375
287 307
398 465
100 508
288 398
78 207
247 471
62 251
175 182
185 544
90 483
347 555
72 384
91 399
87 549
251 321
65 540
179 349
83 483
303 386
83 170
143 460
87 173
29 66
393 481
99 366
243 321
358 438
83 374
220 281
36 103
155 450
142 388
242 286
314 343
92 516
159 458
199 511
2 306
7 424
199 408
206 498
14 200
142 342
29 355
29 463
456 493
311 389
115 349
51 71
23 387
309 357
174 351
22 552
29 263
400 410
189 345
115 194
330 497
323 380
240 520
159 228
349 454
182 544
10 553
340 549
287 560
68 442
499 540
198 440
164 207
187 444
27 359
270 543
428 512
297 336
413 451
258 329
36 328
130 160
235 521
141 230
11 209
134 355
81 143
59 294
326 544
123 212
19 269
43 407
12 88
81 299
146 337
402 494
223 298
1 100
482 484
227 478
194 305
315 379
392 485
432 518
355 401
385 452
87 495
246 444
54 394
242 456
485 546
165 412
324 420
296 423
55 327
447 506
304 475
161 403
135 416
215 416
225 518
320 557
214 385
18 534
340 507
504 506
6 474
2 271
81 87
236 406
259 352
357 460
273 381
277 417
210 306
14 546
367 548
267 365
48 457
317 448
302 307
294 359
140 551
98 105
5 170
43 101
327 450
101 376
0 335
123 279
121 279
93 365
96 475
397 468
254 493
156 183
215 407
325 353
211 319
24 468
139 313
15 465
178 220
37 440
195 234
118 550
283 340
229 519
54 189
209 351
195 449
247 259
291 408
323 542
323 345
185 377
446 541
117 365
92 421
145 222
92 510
137 239
54 163
174 357
5 405
139 521
202 496
237 347
243 403
53 54
112 305
201 253
186 302
270 396
283 493
92 128
299 322
21 344
246 397
178 415
430 515
255 479
113 450
158 284
458 515
229 348
105 311
223 505
370 408
145 235
8 319
334 432
161 468
91 249
233 545
179 264
200 415
161 305
275 449
177 384
176 299
55 546
271 340
241 507
162 277
231 374
300 334
343 556
289 515
113 418
127 274
90 146
320 334
76 358
368 397
71 517
102 132
46 298
173 528
174 463
171 258
375 413
173 184
412 547
366 514
275 429
40 107
92 243
165 454
395 413
175 218
441 497
39 348
163 303
141 426
156 279
420 453
13 114
360 512
440 547
162 216
243 246
496 505
22 107
159 368
319 459
25 149
108 322
28 207
149 326
39 342
365 373
463 485
255 485
267 480
453 495
75 504
12 563
41 534
426 536
111 460
42 322
239 500
218 356
28 412
321 449
176 319
298 352
75 496
164 386
90 388
313 480
36 252
48 231
330 503
459 543
471 491
87 330
55 136
300 304
25 525
158 499
46 324
4 217
223 242
418 486
176 224
164 233
187 453
345 526
432 555
67 194
269 406
28 157
98 158
69 121
180 283
164 277
41 166
17 143
217 296
223 540
16 170
143 488
8 286
396 560
138 291
94 105
88 245
391 544
151 485
142 532
60 417
118 405
433 468
288 529
96 514
325 550
148 384
363 410
110 123
40 489
296 350
2 226
101 357
140 501
144 453
376 469
45 129
32 461
85 334
248 305
92 514
146 414
32 478
29 389
15 84
106 142
17 247
414 458
519 553
118 359
80 176
94 504
291 373
224 268
259 261
360 397
85 106
328 542
284 441
64 208
353 428
190 502
137 484
134 244
212 532
173 352
9 415
86 521
46 486
67 461
266 508
139 515
296 462
454 522
181 425
433 482
36 555
29 535
100 207
395 532
22 456
89 537
21 543
152 354
272 359
144 561
203 388
199 272
361 475
409 470
170 385
353 407
346 544
285 408
105 351
503 512
244 311
313 403
66 85
116 365
240 283
324 502
203 204
107 251
108 206
224 452
10 467
99 137
68 334
258 278
93 431
86 445
212 321
118 481
322 437
189 281
466 558
438 523
378 407
216 233
243 320
90 467
62 560
170 317
462 503
287 371
5 536
183 401
85 515
118 452
5 73
16 494
34 222
102 551
39 223
318 485
393 425
238 457
357 447
507 553
177 301
51 263
423 519
13 452
348 442
151 192
241 421
34 472
96 538
179 206
388 442
9 42
88 462
155 472
76 373
38 207
17 47
248 295
52 259
84 378
122 399
215 358
160 513
37 306
193 556
40 134
24 351
119 524
79 406
260 510
42 476
458 479
203 262
46 402
239 556
105 226
60 183
56 91
63 84
69 107
76 538
58 298
321 530
465 539
108 457
218 409
325 418
250 293
104 183
386 537
64 204
336 501
103 307
488 549
182 360
212 264
30 392
336 463
3 557
182 323
447 468
391 530
350 514
190 493
16 108
136 167
339 389
169 237
78 173
19 559
276 397
192 434
168 319
287 388
242 390
386 423
283 373
50 558
231 290
8 360
68 170
128 499
88 376
116 209
98 428
51 88
256 464
149 295
197 204
32 67
147 313
209 531
337 496
437 446
404 481
197 473
12 385
8 471
188 521
36 307
465 526
360 549
182 240
50 298
159 175
374 543
73 335
140 545
156 377
95 236
120 313
28 256
239 480
242 496
89 131
288 408
57 397
4 556
73 304
164 240
258 431
154 345
32 196
90 191
319 336
143 477
158 428
267 434
120 251
167 290
228 420
99 209
351 540
24 275
320 531
52 266
264 318
463 476
64 351
126 319
294 460
57 241
15 443
54 466
19 429
277 483
78 526
206 245
151 246
477 558
72 473
310 541
66 202
27 560
66 229
12 87
131 269
455 486
189 512
270 308
99 381
78 83
110 405
281 295
159 531
133 256
325 382
150 172
429 488
156 160
350 484
19 557
216 419
40 177
70 160
95 305
248 545
280 370
119 420
188 212
127 321
35 268
173 280
345 468
53 214
18 60
264 494
292 416
431 505
332 461
195 535
56 504
41 331
296 408
63 270
202 434
118 446
154 352
89 229
258 404
262 372
190 407
333 495
1 494
77 543
101 146
153 249
25 126
145 268
208 268
5 468
60 226
220 533
222 260
118 338
65 158
192 493
71 365
215 537
374 503
61 475
16 350
391 450
229 332
138 234
191 245
12 512
35 221
185 560
87 288
139 494
31 475
60 325
86 142
35 36
258 431
45 542
477 523
181 372
63 107
264 525
272 429
9 338
37 150
226 277
3 250
11 336
207 325
86 420
47 203
209 389
75 537
136 212
16 337
509 530
50 223
33 263
48 418
17 472
376 406
389 457
300 319
97 303
114 320
90 104
57 139
172 373
139 323
208 210
18 307
292 423
53 178
250 275
246 527
229 547
456 460
28 324
150 512
101 492
183 250
344 403
285 531
100 347
106 214
256 307
102 166
373 561
151 478
108 303
364 418
15 295
91 541
405 526
85 202
113 397
49 523
7 28
174 466
299 383
409 515
11 546
287 407
166 302
337 396
395 536
243 519
152 309
429 543
158 403
0 336
30 393
67 71
155 293
76 193
99 465
195 376
271 366
369 493
236 291
422 503
427 558
289 510
506 522
263 439
174 494
154 412
47 173
344 482
254 413
29 201
33 233
319 549
157 275
254 321
472 502
336 494
248 533
153 468
138 500
111 492
129 416
380 561
336 421
42 100
209 471
111 414
9 75
254 331
134 345
254 266
233 380
59 172
66 76
207 409
340 463
173 363
118 170
159 458
189 400
336 480
333 546
370 542
219 386
167 562
86 343
127 452
269 470
54 245
61 310
318 554
274 351
198 368
179 385
62 475
330 492
179 535
122 306
274 464
114 230
35 392
31 530
75 538
249 492
68 90
190 274
67 546
107 120
365 552
196 279
403 492
39 103
190 368
24 54
4 226
6 295
204 280
396 542
448 473
190 281
367 409
184 264
65 334
453 476
4 429
14 302
327 411
256 266
7 538
224 539
10 554
261 274
67 433
36 134
318 336
121 332
14 64
17 455
360 430
21 497
412 496
326 374
403 533
114 476
64 131
232 530
93 292
59 81
74 542
31 185
15 493
77 89
30 102
303 387
304 518
105 167
317 458
81 170
51 164
163 367
100 304
309 359
96 544
266 462
296 430
373 420
193 402
8 388
27 233
59 518
141 447
116 396
477 509
28 323
380 434
188 433
70 414
493 544
532 540
200 371
250 281
191 438
96 292
323 546
128 548
240 399
83 368
183 549
488 517
48 83
10 409
198 351
38 215
159 562
364 411
457 470
54 172
200 327
216 314
118 266
347 452
194 533
192 412
232 275
91 483
408 419
199 515
321 493
549 550
219 407
254 500
145 506
59 455
492 544
221 536
81 101
223 443
81 525
75 311
55 177
355 376
302 418
364 365
11 348
190 219
452 502
84 295
88 115
414 547
54 416
171 294
240 450
80 116
522 557
188 190
152 449
273 375
139 279
154 241
189 560
242 398
429 483
48 149
19 49
109 122
240 260
365 374
23 74
28 294
301 418
27 168
303 398
244 263
87 191
434 500
98 540
341 403
185 508
147 326
116 525
328 432
128 263
470 553
201 312
342 389
13 195
389 528
54 325
299 360
119 166
116 234
305 547
287 294
394 457
350 552
92 447
60 525
10 500
3 528
479 491
38 53
207 501
125 223
521 559
105 273
123 495
355 519
244 358
18 263
186 203
269 287
196 293
121 436
84 538
18 207
57 521
322 524
87 384
201 432
170 388
445 518
206 316
25 368
0 537
354 466
107 197
372 387
187 436
53 457
366 494
108 165
307 313
28 221
36 48
4 467
78 175
77 84
125 495
63 446
91 166
98 141
49 446
159 361
141 393
45 563
124 186
428 522
64 528
32 536
215 229
250 340
6 158
172 390
115 485
46 465
114 230
142 379
1 259
376 498
24 154
144 254
9 157
251 417
217 313
185 552
58 155
424 556
5 143
430 544
70 277
235 519
283 562
325 446
133 313
140 458
304 413
128 309
34 430
201 342
143 234
21 517
405 440
437 513
394 477
491 558
211 290
205 257
422 503
296 356
191 496
53 158
55 243
72 241
130 346
134 539
440 563
187 348
268 503
362 405
145 178
109 383
428 508
384 560
199 311
292 436
93 546
125 445
19 339
103 251
2 173
97 262
269 272
112 275
73 123
34 429
89 543
130 452
49 320
238 501
474 540
73 302
384 557
111 158
9 41
182 300
3 401
94 388
541 556
424 510
44 152
186 340
291 558
88 252
57 136
48 367
218 222
291 535
97 300
121 546
27 272
268 293
151 188
112 339
127 330
306 395
300 553
331 483
309 361
148 213
0 188
287 306
69 520
354 418
22 238
235 510
11 14
327 409
94 158
379 479
62 431
69 226
12 349
79 88
320 456
48 457
63 490
271 433
124 403
2 536
22 263
115 498
517 529
31 98
384 453
203 222
75 94
188 244
48 215
225 245
262 368
200 541
262 407
216 357
327 483
448 503
150 159
25 294
170 358
226 401
214 226
118 185
300 318
177 184
389 555
17 312
227 453
403 461
165 506
6 12
111 214
50 530
189 453
305 505
265 414
2 498
65 131
508 561
13 49
290 387
400 495
85 354
141 298
66 544
231 376
13 425
8 9
266 485
53 329
87 235
304 494
74 310
244 404
41 496
303 341
18 94
25 355
126 288
316 482
115 161
84 241
479 487
81 151
378 497
158 183
370 496
248 525
329 358
236 261
350 509
32 322
69 542
261 387
122 140
453 529
136 413
229 485
70 102
293 543
208 314
210 300
161 401
13 224
195 547
196 478
161 525
263 497
263 522
22 72
127 368
187 502
427 559
88 342
321 475
65 243
109 562
27 371
201 421
129 407
333 560
29 296
153 205
281 526
209 558
94 148
70 368
59 546
21 385
145 206
156 453
232 305
162 446
86 409
299 381
410 435
145 150
322 555
348 483
301 401
260 425
295 371
223 316
109 201
29 528
125 526
59 196
240 263
379 418
77 114
399 416
81 393
384 536
19 45
492 537
240 270
553 560
98 413
152 301
169 310
123 525
388 405
152 506
0 224
369 541
327 547
129 354
169 562
218 234
50 327
52 554
239 474
22 458
228 471
534 537
71 446
254 472
84 294
10 473
301 518
23 25
234 393
326 391
154 202
72 220
265 349
235 441
77 108
113 147
118 306
124 172
132 170
46 229
179 263
312 389
454 547
187 344
164 214
380 416
414 521
375 448
186 534
329 386
490 548
66 272
175 258
38 440
43 205
373 375
297 506
362 455
104 536
400 489
220 467
120 440
259 318
168 226
34 523
262 273
83 136
109 323
63 189
234 402
72 550
277 495
114 233
43 511
264 322
254 301
48 511
115 127
198 550
121 330
79 436
5 163
366 482
111 198
149 356
198 327
283 363
2 214
47 306
166 371
21 513
14 522
197 461
134 556
116 283
333 528
262 527
26 298
75 187
41 541
317 395
334 458
134 387
9 286
278 380
335 373
265 384
162 490
2 316
62 204
45 377
232 461
142 491
138 154
399 552
89 301
4 79
104 454
398 474
42 488
113 560
189 369
172 277
331 501
169 369
3 205
133 136
49 265
105 466
118 543
149 437
111 170
295 540
9 290
64 536
358 417
14 156
200 328
549 561
261 458
117 471
261 302
168 434
369 391
307 560
119 542
194 270
388 412
520 522
112 542
104 272
193 523
212 542
64 264
122 269
153 365
393 442
245 399
208 375
101 486
47 244
94 552
433 523
235 502
77 245
9 216
74 487
188 521
242 539
43 238
65 300
201 282
50 159
341 489
338 525
98 107
104 292
355 496
344 471
25 326
224 410
380 394
490 540
17 523
225 436
220 431
46 260
59 530
324 438
27 454
197 404
305 506
90 530
185 258
168 235
59 169
371 540
239 433
24 307
86 250
59 152
3 5
109 479
16 333
130 155
113 253
146 520
179 261
170 535
42 398
104 452
43 406
56 227
194 238
163 427
269 342
49 296
202 323
260 502
288 513
184 190
26 39
46 107
185 436
439 491
231 387
308 528
89 547
364 418
57 391
20 116
444 546
101 210
97 551
414 476
79 250
183 427
210 231
88 159
322 349
87 262
400 432
38 46
365 410
273 276
159 386
131 260
92 218
343 429
148 323
367 489
48 544
70 528
231 518
54 240
273 352
74 425
383 517
119 563
121 230
113 310
109 496
258 555
103 504
255 535
58 311
350 403
286 302
107 165
98 258
38 217
420 468
18 243
475 494
342 375
85 228
152 421
51 78
344 507
307 439
103 190
27 125
260 552
178 545
16 259
223 429
123 264
263 408
160 233
55 202
28 185
464 492
336 452
271 550
72 198
74 316
382 558
303 347
60 174
139 480
157 452
357 535
40 551
146 508
419 497
156 433
44 320
13 545
109 278
51 169
93 536
65 392
323 497
19 93
146 537
545 553
310 392
24 35
236 513
127 337
320 374
220 253
263 336
387 514
340 420
351 549
422 560
248 269
102 328
335 466
59 532
0 450
395 464
7 20
248 366
164 358
136 138
406 502
141 467
294 441
205 309
87 164
139 288
5 206
118 410
404 416
61 396
100 488
190 223
297 517
221 377
119 245
200 207
180 245
106 298
149 416
7 317
36 154
417 441
64 535
436 463
132 457
232 534
266 463
297 298
464 465
283 530
390 493
195 389
47 333
151 452
189 442
361 546
24 82
115 433
155 510
470 557
134 184
69 110
8 427
92 104
19 510
455 559
50 342
119 163
59 225
167 394
291 491
204 331
83 157
122 560
313 500
202 290
121 219
367 468
363 555
83 157
81 259
114 489
117 481
479 511
224 559
1 237
234 309
534 538
199 200
193 429
424 527
442 555
232 481
188 381
148 377
414 535
32 394
84 174
372 479
162 236
142 532
16 405
314 432
3 471
279 287
104 513
331 439
294 498
138 413
308 446
9 475
14 537
57 128
152 265
162 404
450 469
47 466
144 160
371 395
444 465
153 356
359 367
162 434
106 142
411 425
435 559
62 400
257 498
373 398
167 315
235 399
15 250
145 495
132 561
13 203
64 400
238 333
435 560
35 556
483 533
485 500
70 131
51 473
154 557
266 492
26 152
53 159
45 91
323 464
286 348
480 553
217 380
35 283
296 306
128 296
180 266
345 472
491 555
74 172
155 189
168 476
72 437
234 375
233 514
209 541
180 549
16 519
327 332
335 341
282 515
172 392
162 442
365 477
224 547
175 386
105 300
273 330
462 476
505 550
121 259
150 527
201 238
209 357
492 505
105 337
23 530
79 450
19 252
346 385
274 552
470 536
219 397
163 258
292 451
118 169
73 156
49 563
403 437
20 425
78 341
10 386
414 448
155 540
121 229
176 499
100 237
124 497
67 441
283 292
204 219
22 130
160 468
219 503
56 59
345 447
103 549
92 222
299 305
45 503
278 325
232 532
279 495
92 393
208 516
307 397
253 433
494 551
195 228
423 425
48 218
31 183
423 494
327 388
199 536
9 194
178 534
233 411
258 460
69 99
3 83
336 462
365 389
10 252
55 364
211 235
11 501
37 333
16 462
15 311
154 397
255 376
410 501
91 166
279 426
238 250
43 285
4 231
190 548
250 507
34 410
489 523
410 546
255 475
148 181
88 499
312 379
126 152
168 342
8 164
98 141
317 550
238 392
56 437
54 112
332 366
68 465
244 371
443 452
23 79
303 409
206 266
452 529
151 323
97 229
197 495
159 224
191 260
148 179
315 543
342 457
44 138
70 410
218 494
220 349
248 436
60 440
58 315
444 451
209 268
128 524
25 71
120 487
165 492
171 533
88 372
147 237
274 449
112 455
293 512
24 342
425 481
229 293
42 145
3 52
115 561
54 407
420 427
38 547
49 324
82 355
163 418
347 529
35 543
135 360
472 551
248 355
44 127
279 461
238 482
499 559
233 401
120 344
21 326
345 478
201 326
123 545
404 474
19 20
107 275
9 560
55 377
77 539
336 486
280 371
236 357
178 494
459 475
293 323
159 243
324 523
404 470
16 359
316 478
105 195
239 262
314 477
22 460
235 400
430 441
236 342
428 546
330 450
292 355
166 182
145 489
144 250
87 417
272 336
75 216
254 546
128 390
369 385
380 387
310 325
227 538
11 480
24 421
18 243
282 548
307 347
82 306
64 528
328 555
36 328
202 378
150 453
8 20
382 496
389 451
170 524
336 402
273 292
189 405
403 444
41 255
327 434
311 520
45 420
184 545
96 282
199 485
145 248
215 341
280 327
329 440
113 308
490 542
66 498
53 254
164 540
205 311
101 226
206 392
82 346
103 298
330 355
330 378
25 133
150 385
311 522
27 551
419 507
49 555
174 453
225 398
378 479
19 245
62 290
104 149
40 559
289 376
64 170
281 376
142 292
386 557
396 511
61 522
159 550
276 514
437 498
38 133
203 301
16 175
92 140
18 354
159 354
195 357
223 324
122 251
179 262
486 539
45 289
102 105
170 454
253 541
47 193
405 510
101 421
19 202
271 492
396 466
38 155
398 451
53 371
120 213
87 140
460 476
192 438
24 216
59 204
314 529
145 233
41 446
139 332
140 543
21 45
219 298
442 446
276 556
81 145
339 513
37 406
269 293
121 523
97 423
95 176
137 479
490 535
228 307
73 498
361 375
190 399
48 175
86 472
58 123
289 461
217 408
279 543
188 341
459 551
2 502
77 413
32 497
7 82
88 90
77 101
6 329
35 274
162 267
91 380
88 135
156 358
340 436
33 424
415 556
314 339
473 483
158 415
384 461
378 499
182 228
148 512
12 451
156 243
53 470
92 491
212 223
334 453
238 290
219 290
316 358
190 434
375 413
64 90
241 408
94 493
258 507
117 375
91 386
85 236
111 242
438 504
82 223
212 293
13 393
66 368
21 279
88 461
112 504
373 453
14 43
251 546
108 401
463 488
111 538
512 532
189 209
104 291
32 369
445 511
43 347
100 240
329 358
144 395
56 108
245 309
178 252
236 521
131 533
207 270
204 491
67 293
332 424
120 135
118 509
197 394
491 534
64 374
60 144
62 515
108 523
110 217
443 502
58 147
41 194
231 363
63 280
18 199
266 475
539 544
327 456
297 479
172 219
91 341
217 239
71 277
340 482
22 130
144 543
410 450
380 442
336 345
272 340
186 365
459 558
142 261
476 522
100 531
326 538
266 491
213 429
328 378
231 511
320 400
72 438
300 450
441 448
259 433
50 478
63 467
237 260
202 353
118 128
98 386
193 439
330 331
291 557
386 556
159 321
25 459
122 145
8 489
1 235
71 118
272 467
41 230
61 359
353 437
113 507
430 535
210 361
92 461
65 114
34 410
146 192
99 216
260 271
86 191
128 160
103 212
379 457
9 308
13 415
123 502
471 515
108 480
126 300
356 537
401 454
337 345
205 439
433 536
390 547
54 492
370 485
294 441
189 525
32 273
135 217
225 305
155 241
220 516
474 508
381 458
380 405
113 249
63 336
476 523
27 275
188 441
145 222
99 228
107 474
322 447
409 432
451 525
117 246
468 518
28 199
171 561
394 496
418 473
75 355
158 430
48 181
73 336
136 468
0 107
65 539
30 466
144 167
62 503
353 538
414 439
110 182
277 408
175 475
233 453
108 130
102 154
169 373
31 76
44 561
159 474
381 546
57 518
164 308
52 101
3 546
173 240
134 151
23 331
41 146
185 397
12 237
276 300
192 334
11 39
242 549
82 409
504 532
292 508
45 142
159 377
386 476
30 501
43 484
69 280
128 426
501 519
3 462
86 225
9 327
193 257
85 447
112 461
34 296
367 479
203 222
96 211
446 451
252 403
506 515
288 372
13 52
438 529
64 170
188 233
351 477
10 211
390 472
249 388
48 332
178 264
152 452
88 393
97 158
192 431
139 248
324 327
329 560
142 206
154 241
169 510
56 403
156 311
31 325
237 545
74 334
1 269
6 216
2 37
2 81
62 495
199 399
6 71
53 436
327 334
208 420
364 433
433 491
211 505
118 317
144 389
75 263
145 248
161 165
279 329
94 443
232 563
420 465
274 332
329 473
162 422
85 552
455 478
124 324
327 499
22 97
159 386
283 515
433 488
72 333
3 369
121 269
390 442
290 386
189 446
78 444
110 147
110 493
10 107
319 510
228 369
73 125
4 107
200 210
70 539
237 304
262 465
209 372
327 504
182 481
69 402
273 463
119 483
259 302
27 506
199 370
83 251
27 507
48 336
352 456
525 563
329 509
46 369
191 303
185 540
387 501
112 139
18 451
82 432
64 396
125 511
304 480
364 536
67 95
36 450
112 435
34 338
301 334
173 536
359 535
480 534
296 441
47 453
72 220
278 404
407 485
282 516
44 486
106 117
246 381
98 108
206 431
75 514
148 277
302 324
392 541
497 507
218 419
297 434
331 414
45 455
78 365
319 504
176 288
103 469
249 427
364 550
425 556
126 526
128 482
342 530
371 374
46 518
440 546
122 210
107 370
94 278
34 61
233 279
339 484
436 558
207 287
220 369
362 471
150 162
155 169
372 477
149 343
445 468
35 253
16 202
47 424
14 286
81 94
213 519
160 459
343 418
242 270
124 244
12 526
5 216
26 332
216 248
172 525
34 129
163 403
226 504
219 276
91 423
350 518
458 538
304 509
56 326
351 443
354 519
269 540
427 433
129 272
223 529
200 525
193 517
80 125
0 461
52 66
293 380
271 306
474 504
87 216
328 485
90 322
60 299
26 325
109 507
276 285
159 268
93 434
49 275
265 279
289 531
148 475
113 377
137 413
241 451
173 372
166 527
553 563
43 413
50 157
101 313
266 478
19 213
35 384
272 386
355 507
257 474
152 291
154 422
61 84
250 293
287 429
349 508
117 441
381 551
102 440
67 541
1 431
184 329
51 183
283 375
106 528
399 518
71 558
207 317
151 392
99 545
133 550
160 176
21 406
87 280
178 466
5 420
158 551
362 460
51 61
115 448
150 164
184 449
209 524
137 181
83 222
318 399
50 468
283 521
43 412
132 138
218 281
194 469
44 101
164 430
335 444
344 545
68 258
509 541
58 334
26 250
450 554
73 515
56 367
36 229
516 563
137 487
150 367
10 248
404 430
31 471
349 385
42 136
348 491
94 249
2 107
63 312
291 448
446 485
471 551
77 198
354 434
47 515
178 276
212 354
320 400
200 226
3 467
297 557
450 466
507 518
196 444
80 340
35 84
12 370
202 281
342 354
124 281
213 354
9 475
459 509
80 453
109 131
18 39
276 557
388 497
111 481
116 506
166 441
301 318
190 542
62 489
303 513
79 476
323 344
285 524
360 479
93 374
435 510
13 308
346 382
160 547
118 360
325 366
75 487
363 560
312 525
71 386
411 532
3 190
302 361
217 251
28 32
123 279
168 326
275 374
148 386
190 287
162 490
469 472
143 277
225 415
359 375
241 401
49 142
16 483
110 352
218 452
108 541
457 516
279 560
75 92
93 144
135 465
180 444
395 423
86 164
274 538
407 443
125 544
473 528
194 400
382 547
70 97
24 257
372 553
42 388
86 197
408 429
6 425
250 330
303 558
138 492
214 436
122 360
343 404
311 421
58 519
144 410
17 480
128 557
143 517
187 295
256 370
410 497
90 332
7 244
371 476
98 174
169 399
207 294
494 556
19 445
273 359
310 338
256 261
53 322
61 323
478 482
275 292
59 194
101 105
331 388
294 337
47 92
280 558
214 377
83 513
245 465
507 518
278 542
150 259
127 495
121 427
303 399
326 528
266 504
265 357
58 463
24 466
301 381
531 550
37 395
367 542
137 147
25 268
222 234
69 473
64 151
180 381
357 439
322 474
375 472
127 547
306 369
137 474
187 192
132 244
334 383
394 490
163 545
164 165
215 413
23 448
21 285
117 470
139 269
384 524
210 412
7 400
182 434
148 493
97 481
69 299
349 433
136 209
259 363
188 213
255 455
408 433
327 474
340 416
21 263
467 475
307 316
247 261
311 366
117 478
139 171
106 473
237 508
10 147
406 456
10 129
1 527
297 393
399 475
304 530
319 504
148 415
17 171
56 170
86 154
79 353
106 337
224 562
119 221
248 468
6 94
431 506
411 431
2 164
148 543
402 436
56 522
191 542
369 441
143 250
188 253
44 72
28 557
89 119
242 369
355 430
100 154
460 537
229 558
270 338
209 398
333 379
169 421
271 556
308 328
72 217
63 446
22 411
101 550
28 320
309 440
62 390
191 501
414 415
113 512
201 234
79 436
45 102
75 245
161 241
117 232
369 399
175 184
33 201
220 517
166 281
252 488
36 95
401 523
38 245
184 544
64 539
27 87
177 426
132 238
294 559
483 484
234 546
319 499
10 431
175 408
118 281
136 531
241 472
42 229
55 190
334 355
45 122
5 128
167 265
153 406
172 398
377 534
112 189
62 345
113 204
59 170
48 535
101 227
195 278
49 407
235 385
131 433
95 541
271 518
199 464
3 239
341 494
499 540
151 447
266 479
383 479
369 474
113 117
4 250
52 225
158 217
371 494
230 235
342 420
389 445
200 290
160 167
248 267
303 412
105 404
271 531
226 292
333 461
132 261
321 446
62 309
93 387
61 154
121 185
17 350
75 264
175 562
223 341
46 58
73 382
100 124
117 467
42 441
164 398
50 265
119 246
327 555
289 499
114 545
38 94
424 475
312 557
432 494
226 384
119 427
267 477
230 543
207 426
35 57
111 426
28 504
454 547
66 289
21 537
318 373
66 346
397 481
172 398
156 536
278 381
218 307
91 139
139 229
38 123
2 482
20 553
227 562
174 420
162 215
287 360
3 91
434 529
487 527
425 463
72 380
311 447
427 495
421 434
350 355
143 517
303 513
358 527
279 378
422 448
67 434
97 151
457 508
422 526
285 547
420 446
290 502
163 252
334 474
170 527
314 519
267 501
179 292
265 321
92 401
165 424
95 351
294 317
266 389
359 381
467 512
37 100
27 516
216 527
283 549
149 190
173 355
241 490
7 115
119 272
10 247
461 497
366 407
304 501
418 437
0 342
38 201
247 366
456 506
139 202
246 318
135 423
87 492
327 377
94 461
328 544
221 414
278 283
104 412
236 540
284 548
326 356
47 53
22 486
257 559
115 198
204 388
336 522
205 381
52 84
53 240
10 361
78 374
424 515
267 358
221 383
451 522
73 276
81 386
341 543
63 275
155 225
372 443
95 278
14 469
320 377
140 313
109 411
94 184
326 341
108 527
40 127
25 395
14 81
175 332
235 334
238 532
277 404
176 340
32 261
441 496
201 501
127 326
304 311
388 514
68 421
272 371
123 320
244 383
107 251
169 288
159 398
182 297
142 167
200 407
17 405
86 95
24 548
34 130
489 553
58 460
24 530
387 409
151 421
2 503
455 528
151 229
284 290
135 507
153 370
333 533
71 291
380 469
340 362
129 558
61 180
39 490
45 312
86 253
20 317
142 172
179 253
47 458
86 170
277 300
266 481
5 335
517 522
449 551
54 99
85 392
319 530
208 212
38 396
24 403
395 563
173 310
131 211
376 398
117 216
111 160
11 363
356 419
136 220
385 562
57 325
19 552
107 514
99 303
290 437
338 466
485 542
126 462
26 101
51 514
451 548
152 349
454 509
206 492
39 491
168 209
231 556
516 535
351 482
175 396
413 560
132 515
438 532
115 201
293 338
341 545
151 291
46 468
171 487
331 336
140 388
81 418
137 421
77 279
92 214
336 404
66 476
12 243
399 437
363 395
280 301
40 387
162 319
202 256
414 486
220 226
311 555
32 171
146 516
395 420
153 493
65 366
80 156
198 234
112 479
81 444
255 389
42 93
24 289
22 60
46 118
138 500
397 448
261 431
527 551
324 366
281 387
72 451
0 154
185 442
190 427
89 218
312 415
209 403
61 391
168 317
408 491
450 494
15 226
5 166
80 483
510 554
54 56
32 218
20 506
76 207
70 523
163 177
148 384
256 282
121 419
10 442
507 557
16 535
129 359
86 88
75 481
206 436
429 451
114 255
369 451
292 297
25 304
313 487
75 501
82 370
359 501
225 509
136 372
79 200
7 165
1 423
436 442
42 289
506 513
196 306
5 467
10 294
32 477
532 541
77 308
436 457
88 281
3 444
63 334
190 530
250 304
316 493
169 365
62 290
265 357
267 512
176 291
398 438
263 507
134 402
69 120
28 219
124 347
149 415
122 507
389 494
34 455
4 198
34 212
133 230
380 558
83 168
251 434
61 312
11 536
357 410
256 379
56 455
180 328
53 195
172 219
103 177
0 107
15 556
190 454
10 513
283 418
435 525
364 552
92 112
432 449
152 364
315 389
206 310
154 372
50 190
115 474
73 321
209 304
303 476
120 516
310 511
48 541
215 435
123 235
147 394
92 542
286 336
90 325
141 361
122 247
18 240
81 319
139 421
116 243
377 437
61 109
309 422
347 562
63 222
331 440
19 387
321 463
175 556
207 397
129 465
4 351
123 182
113 328
153 468
220 357
52 552
273 526
294 394
391 476
215 436
221 556
448 462
192 278
139 348
212 453
175 340
386 556
153 165
29 253
29 270
55 320
72 511
84 518
199 411
42 154
103 397
42 173
106 228
45 560
152 395
29 322
407 482
261 321
483 484
98 430
363 531
57 510
216 339
45 346
227 470
402 455
163 281
416 498
89 255
1 152
17 361
43 473
266 323
225 400
360 471
121 395
93 226
171 519
275 561
169 270
394 411
71 84
277 363
57 448
74 554
36 432
74 386
247 436
46 72
512 529
33 313
346 446
102 214
14 240
155 225
89 333
475 540
441 448
248 316
48 425
144 272
6 334
354 408
9 447
23 462
129 281
82 316
52 406
29 287
92 390
32 476
298 475
6 436
318 546
238 521
311 385
57 517
430 518
473 550
486 558
159 277
58 101
21 547
30 471
122 183
230 477
353 378
463 533
170 513
243 373
240 341
10 218
22 136
216 405
60 411
241 393
85 157
72 257
263 288
256 383
86 521
308 483
46 343
207 407
319 414
56 424
414 493
167 297
365 561
38 100
166 254
91 224
4 48
318 384
277 546
333 507
41 486
229 339
295 383
176 297
61 314
316 555
245 274
361 540
52 73
142 330
76 462
191 218
16 112
163 305
460 556
60 187
89 234
302 552
33 222
41 390
243 445
379 444
295 444
93 465
83 381
401 413
70 315
375 440
530 536
424 446
36 379
155 357
46 208
344 452
144 447
158 550
67 252
164 524
280 291
89 359
345 528
298 366
42 373
266 285
92 545
88 549
140 479
112 324
81 320
49 422
78 145
21 454
33 529
8 553
311 395
215 326
78 313
13 265
54 66
174 179
180 321
101 116
178 560
173 417
60 278
42 104
116 441
149 247
73 438
195 311
220 485
114 547
278 369
64 102
246 267
366 559
120 334
62 242
21 139
160 399
125 467
256 480
229 348
103 436
43 394
63 437
123 283
25 65
282 390
100 248
346 563
2 118
156 301
115 209
209 321
302 548
487 525
177 467
331 559
3 375
52 109
108 322
25 466
310 425
265 469
13 188
86 255
261 347
193 556
162 523
181 369
101 373
207 274
63 149
475 505
485 501
405 556
93 172
101 523
87 486
292 471
183 402
324 500
20 48
88 295
136 497
188 543
72 90
60 304
165 319
261 399
231 246
5 502
48 176
272 303
232 537
150 301
346 519
61 249
347 363
129 533
106 352
147 411
235 485
211 228
133 368
7 413
421 512
252 500
342 433
319 360
131 182
164 518
149 509
197 330
21 353
98 533
48 424
218 315
185 543
380 557
103 519
219 411
416 553
181 244
241 538
135 339
143 272
39 371
175 500
188 192
286 359
235 449
4 273
175 412
483 560
44 175
30 245
41 380
269 530
198 201
176 295
84 87
91 191
50 457
243 282
62 287
6 476
438 550
137 382
138 174
80 157
70 73
84 237
230 266
93 458
44 259
154 353
89 176
216 228
33 117
389 409
188 268
133 429
10 170
211 415
316 502
44 356
171 530
212 363
14 467
362 524
78 79
77 251
9 272
118 435
259 451
127 238
427 524
457 562
19 319
4 45
250 252
310 408
272 368
34 504
125 385
14 49
231 420
433 544
338 368
416 545
25 90
67 193
14 540
49 502
39 54
456 517
87 551
394 456
140 312
75 506
11 419
415 519
42 65
258 276
161 448
333 412
346 456
37 266
105 470
337 473
357 368
433 435
263 538
114 367
438 527
45 491
372 446
210 246
217 403
259 285
137 387
249 344
210 256
344 446
240 337
151 388
373 487
81 83
125 214
27 82
138 158
374 394
132 253
268 416
116 330
266 448
142 500
118 362
194 553
21 441
332 401
294 355
461 518
229 383
522 555
150 335
408 436
266 554
123 424
25 289
77 302
317 460
154 434
216 356
491 536
111 287
49 436
175 441
161 499
156 165
168 215
124 226
124 426
108 264
203 369
45 562
28 160
242 530
68 365
93 522
82 541
88 259
50 291
65 258
342 544
178 237
91 433
215 460
218 403
157 384
135 382
195 396
98 449
209 499
375 490
98 446
385 500
363 509
271 477
386 544
113 325
132 272
197 298
314 444
167 290
28 294
7 87
73 259
152 391
204 523
325 328
182 478
143 248
65 128
46 412
274 409
361 494
78 200
188 455
145 285
105 422
278 433
99 322
26 406
179 550
103 560
142 222
0 102
132 352
161 341
358 457
345 441
291 450
443 510
241 277
439 466
41 181
102 427
44 261
74 145
51 76
79 348
23 203
350 505
252 442
192 385
111 285
165 386
340 556
261 398
364 376
72 132
48 295
202 393
133 214
284 395
303 337
95 201
230 515
349 454
386 547
93 298
371 443
17 92
68 221
182 397
344 370
116 229
44 242
242 552
63 191
209 435
397 459
167 300
145 368
336 394
65 537
112 374
88 230
21 272
67 159
69 479
77 446
313 441
153 535
136 432
39 526
101 222
59 394
49 436
126 401
225 426
366 425
327 352
136 164
87 359
248 317
212 295
148 237
93 533
278 495
75 314
5 65
60 162
185 478
231 308
230 512
266 450
92 176
54 541
199 504
149 355
503 561
244 398
155 217
68 264
80 222
541 544
118 347
43 339
100 216
31 291
59 388
388 502
361 552
45 77
468 505
244 535
73 179
509 550
95 531
408 546
91 252
370 557
272 534
352 360
387 463
42 375
295 562
285 384
10 320
35 281
22 319
518 540
120 379
275 280
13 493
272 297
162 458
185 467
88 185
98 328
102 113
151 388
91 515
208 225
97 98
28 437
279 531
402 541
414 449
115 556
287 336
8 50
67 294
101 540
151 443
57 356
325 504
509 555
205 555
102 500
40 124
37 424
63 387
246 335
152 538
356 428
387 536
301 318
250 528
4 292
21 383
15 457
267 451
457 482
428 449
111 280
13 59
438 474
17 534
221 442
198 383
224 317
3 61
306 535
51 447
180 402
282 438
70 91
333 521
144 361
299 392
16 510
184 540
119 482
147 524
9 109
83 216
322 543
235 373
5 135
176 298
67 520
320 558
318 504
248 507
95 103
6 282
75 562
237 500
509 552
112 148
36 470
369 493
236 451
29 528
395 508
207 219
184 378
297 489
70 555
29 255
280 550
412 534
155 242
48 492
31 278
187 344
228 379
47 146
411 486
180 395
251 345
258 280
380 421
279 537
77 236
218 282
127 250
99 246
34 217
103 249
195 320
314 474
282 535
474 489
339 390
480 520
56 386
107 275
281 394
363 421
221 560
164 337
202 428
32 152
11 274
88 425
214 294
448 462
407 432
127 147
261 551
5 538
67 510
107 563
156 172
132 161
46 268
13 112
147 512
265 546
284 512
62 518
268 407
26 537
2 357
119 529
94 477
159 193
405 486
178 480
329 457
265 329
318 470
508 522
46 313
49 343
100 551
194 498
343 483
173 545
78 546
439 460
97 274
125 161
179 181
488 534
319 545
323 475
178 217
235 415
54 175
31 173
220 344
15 244
77 446
100 226
6 91
498 534
407 496
406 488
105 256
333 536
44 157
69 137
70 173
46 107
374 377
189 496
135 247
412 551
6 211
66 146
79 308
262 468
542 544
280 312
302 433
207 521
32 417
98 449
172 459
352 369
177 462
193 515
309 415
392 546
26 366
343 529
20 354
227 413
323 460
45 300
271 298
293 506
75 517
13 449
407 478
177 208
97 525
452 509
159 512
332 481
306 424
295 376
109 450
361 440
13 223
307 536
91 255
172 502
416 478
107 412
263 329
88 200
533 539
112 168
340 411
58 495
18 425
71 503
218 413
439 544
220 403
113 366
72 342
57 460
250 505
10 272
148 526
180 392
370 507
352 545
136 212
125 510
212 543
553 559
187 250
98 130
90 199
148 269
26 517
148 300
28 318
155 524
243 275
103 492
245 523
129 187
7 511
99 439
290 552
11 217
65 526
109 193
291 428
81 115
114 371
13 413
258 354
159 458
420 480
95 255
169 501
106 118
159 394
237 243
14 525
215 398
402 556
191 471
25 81
331 334
504 541
429 448
407 550
6 308
216 273
270 359
76 528
289 342
284 344
358 561
323 357
158 415
267 556
110 505
443 530
37 560
58 75
148 503
274 323
264 464
188 292
331 549
441 467
67 300
106 515
392 461
411 485
78 372
148 361
185 351
110 496
312 418
140 182
395 476
60 265
83 352
34 228
390 528
189 557
232 468
91 331
260 319
423 471
130 144
132 342
384 541
3 147
546 563
61 330
160 535
22 505
101 163
34 362
251 407
244 506
305 514
163 528
94 150
286 376
394 536
89 383
124 351
20 211
70 410
452 454
203 356
244 299
106 385
29 538
436 482
38 440
78 297
526 558
70 235
204 448
87 397
10 458
216 228
122 453
68 335
140 562
221 256
85 343
267 409
90 337
112 433
22 481
481 487
106 189
39 184
104 191
515 562
64 189
212 498
61 170
95 445
23 169
54 261
96 188
379 533
266 319
558 563
6 32
88 406
144 535
191 361
5 307
68 461
144 487
59 550
229 269
195 384
472 551
295 345
91 517
416 562
7 397
65 292
113 268
6 312
73 512
288 290
266 311
83 267
307 403
63 508
362 562
326 471
195 472
109 474
394 424
363 484
153 275
24 86
50 296
208 381
25 191
151 361
103 406
528 533
343 437
156 166
144 177
57 535
62 535
84 449
317 523
292 507
123 343
304 544
137 298
79 158
204 305
8 19
68 189
222 338
390 396
69 557
7 423
232 399
470 515
322 363
20 236
147 537
337 548
113 300
225 527
33 276
132 175
268 299
107 364
34 338
385 400
184 449
247 259
318 494
340 529
76 500
228 449
23 529
368 385
261 362
360 472
335 520
247 347
211 343
252 309
195 393
318 401
137 176
46 209
237 258
346 521
417 427
33 461
60 74
31 288
134 419
354 473
83 404
194 297
161 365
67 261
367 442
80 385
385 513
103 510
108 480
10 453
113 399
49 356
241 358
133 145
36 512
219 387
233 485
374 487
497 545
44 141
18 479
21 500
289 366
317 398
61 271
234 426
83 410
218 382
411 415
314 389
361 387
54 542
144 515
154 550
87 288
130 247
290 481
447 539
61 72
35 51
142 261
261 504
360 457
331 539
273 350
418 455
106 254
350 420
250 325
51 94
49 551
308 497
355 504
199 346
230 408
126 428
268 271
67 525
252 334
271 505
174 437
117 227
394 477
68 127
496 541
154 277
153 169
248 556
317 429
111 306
461 559
60 339
227 506
89 312
6 103
174 378
95 326
164 369
82 161
178 181
76 477
372 463
28 284
68 482
203 465
167 524
28 126
326 329
117 378
17 374
81 253
173 428
187 310
314 337
82 326
420 466
17 122
18 154
105 245
282 499
144 175
342 543
173 544
99 563
94 277
155 549
138 527
223 529
189 219
45 370
126 319
184 481
40 288
231 295
164 304
236 525
165 272
379 423
400 557
37 228
318 391
103 242
135 557
166 334
23 174
247 361
49 257
54 386
54 381
198 339
297 427
93 285
72 525
92 423
42 286
87 176
386 424
74 333
69 357
337 345
267 510
286 428
275 369
184 429
154 551
219 260
103 415
289 293
365 543
55 271
241 327
152 173
112 392
50 236
86 328
268 347
8 146
153 172
48 170
144 371
430 467
146 303
135 276
0 10
245 413
207 267
186 263
273 293
68 374
394 506
40 450
60 341
351 408
176 322
170 463
223 540
11 109
352 360
32 46
103 462
117 224
211 477
41 248
31 51
380 461
39 355
132 326
117 412
313 333
201 391
158 314
389 462
255 353
4 6
50 473
80 175
165 202
155 311
226 264
122 271
2 198
247 503
94 561
149 156
282 433
8 520
59 540
4 146
172 276
173 455
36 308
297 455
7 484
227 376
108 524
94 270
208 440
495 516
268 384
101 452
27 227
30 419
243 420
13 332
83 374
333 403
6 247
131 323
198 240
160 317
481 512
47 499
511 560
56 162
247 474
210 301
245 251
288 487
81 141
65 398
263 426
35 155
354 521
9 393
3 292
172 475
158 257
287 301
62 201
360 374
10 249
335 550
33 463
151 421
139 360
302 354
239 248
206 270
116 540
168 342
4 282
29 291
219 475
292 517
8 255
70 226
92 453
294 444
123 228
134 342
73 351
93 136
74 502
220 436
18 85
146 482
33 347
157 397
217 444
5 393
357 404
54 359
373 539
205 394
166 354
68 439
34 331
88 141
366 545
146 260
21 284
186 253
20 549
50 383
249 560
15 555
66 335
171 339
208 339
159 380
118 409
274 457
384 386
178 394
365 548
330 534
49 360
340 461
48 143
323 463
173 239
113 168
393 562
425 534
130 448
252 319
262 451
45 379
145 219
348 543
21 227
426 543
369 563
8 194
280 475
37 88
371 377
233 394
353 540
289 549
187 395
12 298
465 468
322 341
134 356
134 339
210 376
76 138
124 156
112 231
174 181
64 107
161 415
72 429
58 114
439 527
19 307
405 483
381 462
124 423
361 519
80 388
339 516
268 365
398 542
17 194
172 204
471 541
152 337
383 439
215 255
1 300
45 405
280 449
295 393
80 333
104 288
233 260
31 427
131 342
411 446
333 545
394 543
80 166
181 526
425 446
17 537
186 425
174 317
16 99
291 332
1 479
167 217
174 499
63 285
180 339
206 332
99 382
15 524
3 91
84 488
174 258
108 124
49 234
125 447
403 552
272 389
333 407
350 369
10 274
243 468
45 433
163 408
180 355
324 548
308 490
210 484
190 504
53 356
141 208
195 310
74 236
53 332
98 179
42 229
35 481
444 469
33 529
124 205
412 505
273 442
153 472
167 185
380 493
320 341
9 23
356 391
69 469
304 455
275 325
62 525
88 378
183 274
152 153
88 135
119 479
164 513
59 146
265 278
171 176
132 454
9 347
34 503
118 318
86 430
311 361
423 449
57 527
145 419
287 524
53 469
433 481
192 296
84 194
144 282
70 228
16 414
103 324
401 431
143 239
144 467
266 545
45 197
234 291
357 485
133 347
5 440
75 246
7 519
367 537
379 443
297 361
125 451
470 563
189 450
23 161
354 430
0 197
176 535
47 403
144 553
51 191
255 336
186 246
121 338
171 333
260 453
307 491
39 546
271 327
187 496
19 21
161 416
26 187
107 550
213 301
276 302
146 259
227 456
25 177
384 554
184 469
410 503
194 228
348 428
391 474
289 293
115 201
369 534
59 541
249 374
376 381
130 153
95 275
276 471
184 320
170 325
222 502
85 89
75 338
253 280
313 495
265 453
196 220
117 390
63 183
333 393
168 372
88 106
322 510
289 322
177 560
108 231
175 248
372 451
204 208
228 394
225 531
304 343
132 395
118 465
42 425
400 426
0 457
219 444
363 429
55 297
177 404
81 268
60 129
165 255
127 546
363 393
30 212
57 119
207 346
213 438
157 385
335 527
250 517
206 452
483 509
367 551
417 425
45 385
134 545
502 560
205 458
147 417
241 361
301 473
513 557
347 541
113 307
89 428
263 498
365 555
8 362
414 441
140 373
104 293
152 311
71 173
338 517
156 392
93 254
79 524
42 129
70 115
151 354
255 486
255 374
63 289
532 542
3 537
390 509
5 141
27 110
218 344
240 467
77 303
132 277
336 509
81 374
50 296
166 461
45 489
265 351
286 360
60 167
211 392
10 303
156 178
107 184
392 469
251 435
12 489
90 162
312 359
194 321
261 336
195 252
243 368
389 406
42 546
179 242
12 158
102 233
21 95
178 210
31 258
175 350
131 560
230 348
257 377
100 474
129 344
219 473
220 308
160 453
103 516
82 327
62 194
187 208
137 511
32 189
186 314
59 456
115 192
351 545
34 204
143 541
231 323
80 314
92 114
71 121
184 293
6 231
47 389
345 538
416 439
270 442
43 257
147 233
336 426
78 357
0 533
509 553
100 263
341 496
233 483
158 222
74 410
296 556
89 498
100 167
212 544
40 480
335 437
44 249
222 393
16 209
70 215
225 230
104 255
16 130
307 480
68 549
230 537
91 453
90 357
251 310
334 513
414 539
114 487
289 472
128 411
171 440
163 206
112 371
187 215
13 487
397 409
125 436
79 265
117 360
103 348
34 362
163 190
17 28
220 474
9 192
198 523
405 462
169 501
59 449
443 497
275 418
513 559
119 369
181 278
216 467
91 181
21 124
224 442
199 306
206 370
52 187
211 262
0 432
12 70
257 530
174 297
179 346
139 478
64 550
93 427
90 370
1 57
9 58
398 547
305 506
104 477
335 419
220 264
273 498
58 514
276 285
64 277
57 138
206 482
53 367
18 395
39 130
87 456
226 301
52 209
436 466
71 100
377 563
487 530
194 557
93 369
172 308
298 435
141 319
255 562
29 117
312 434
479 494
73 136
349 553
340 488
206 411
167 477
76 532
385 416
354 543
114 543
302 336
224 548
366 392
25 76
117 554
19 32
93 171
275 310
256 436
140 558
101 422
155 427
95 443
220 327
49 395
163 381
179 275
325 403
6 124
37 487
101 176
384 489
238 517
247 389
49 418
132 204
63 317
287 387
66 524
274 435
29 150
63 435
14 531
224 306
24 25
43 364
3 483
99 429
89 320
420 509
159 449
346 390
379 398
126 177
36 335
0 289
425 437
204 340
183 490
265 386
336 463
354 486
519 557
365 406
341 471
14 424
141 407
1 559
205 305
371 487
36 534
176 404
387 509
176 227
260 412
174 420
147 443
31 553
92 396
321 539
111 231
298 300
340 346
260 282
167 304
386 509
323 381
121 316
95 180
77 330
101 563
189 440
290 339
155 316
50 504
26 231
135 357
330 522
1 247
56 492
35 61
136 452
255 380
188 423
376 485
333 471
145 300
278 396
33 127
301 505
33 321
396 495
73 549
265 532
162 399
259 396
179 458
199 455
112 295
331 435
321 430
124 525
57 389
253 487
324 483
329 417
46 231
4 551
165 219
72 278
91 162
32 327
357 404
174 328
357 453
56 433
64 413
194 303
13 187
273 489
166 427
11 327
33 459
270 533
11 108
45 151
125 316
61 146
102 400
72 174
280 331
215 266
19 224
13 26
36 231
238 423
75 300
69 272
61 448
116 292
18 382
16 430
285 451
348 496
259 375
181 489
280 282
80 499
130 359
100 544
173 372
249 372
326 411
339 367
180 285
133 360
115 347
162 405
9 408
77 282
206 216
359 426
21 277
170 203
203 447
314 415
288 368
73 341
56 412
28 270
205 245
170 418
146 417
112 518
216 531
379 448
9 32
22 74
394 539
58 510
190 322
66 373
15 51
250 557
148 194
84 474
219 519
154 330
119 346
135 330
92 147
46 253
37 321
248 487
258 283
45 55
87 458
446 476
112 393
385 421
75 560
66 246
154 213
69 279
304 538
300 315
17 444
214 434
112 441
440 552
1 482
90 563
45 229
232 306
473 536
85 268
17 492
298 499
29 505
59 217
82 493
329 374
535 538
98 300
21 419
170 480
43 168
240 266
42 94
34 84
300 325
307 423
194 293
373 376
141 386
325 530
176 352
232 386
275 400
338 483
313 547
315 409
238 471
329 360
216 416
246 506
66 428
49 498
30 170
109 526
12 534
75 319
5 388
440 468
149 210
127 505
301 386
186 498
7 33
137 156
0 305
150 207
514 522
112 261
275 370
289 505
103 136
503 519
106 159
290 515
365 524
93 468
197 530
91 287
186 436
412 461
246 448
84 414
142 455
66 354
171 516
132 282
19 90
144 195
22 288
348 360
30 414
368 387
70 256
99 218
118 419
70 176
173 469
247 274
224 239
43 445
212 396
366 447
412 485
290 486
187 288
3 264
7 199
33 236
159 434
73 521
2 305
428 464
143 440
275 496
50 530
1 76
24 340
536 555
242 350
45 474
355 476
2 294
174 230
309 430
25 194
216 449
114 460
130 461
446 513
134 370
166 284
261 326
113 488
0 48
155 361
258 464
284 331
109 244
225 269
440 524
93 185
456 532
345 462
17 530
235 468
384 548
4 429
385 421
466 548
133 563
304 406
516 543
123 137
21 463
42 459
112 228
396 441
288 468
18 300
121 414
222 510
35 167
26 370
388 413
255 319
195 308
99 447
383 460
16 20
5 37
355 390
77 150
230 445
428 530
171 288
220 376
2 557
466 550
78 525
455 506
471 560
161 536
242 461
62 160
110 117
393 450
81 123
65 485
97 181
107 529
331 399
436 487
138 253
311 385
215 502
0 190
134 509
65 280
309 495
114 447
67 385
370 481
22 98
77 128
85 391
285 289
6 16
273 514
81 474
333 503
369 544
124 184
65 551
160 201
369 444
377 463
1 222
34 515
371 532
327 338
29 562
436 475
23 262
314 481
43 47
261 549
85 109
161 362
28 500
8 388
417 519
254 279
237 353
251 324
153 222
229 506
58 62
224 308
181 304
50 190
63 243
373 506
148 529
439 543
337 534
65 296
274 308
115 340
451 523
257 417
232 516
93 502
79 556
65 419
102 520
78 436
221 389
64 106
307 500
134 303
350 549
107 285
136 476
496 559
86 124
181 550
377 446
78 99
401 476
368 370
268 377
84 124
455 528
77 219
465 488
84 524
35 347
5 418
280 364
108 320
245 288
53 551
197 559
79 81
323 397
193 283
17 385
17 115
155 534
406 508
184 397
315 489
106 285
284 376
225 417
368 427
395 499
299 524
284 320
116 309
247 303
153 372
69 168
133 256
393 502
34 546
143 320
314 391
109 199
118 234
267 500
542 561
24 253
526 549
72 317
154 524
88 465
220 361
471 501
337 463
176 306
76 365
156 397
111 216
80 81
290 314
428 434
214 362
320 411
25 52
328 341
345 449
175 369
335 398
213 471
47 61
405 544
35 366
90 170
213 542
36 306
273 439
205 366
36 263
463 488
375 404
224 560
25 277
63 245
36 520
135 392
9 373
413 530
212 260
21 525
48 201
201 335
177 185
206 318
76 315
254 524
256 340
86 463
86 450
171 497
124 459
120 540
396 469
44 224
28 523
259 386
22 314
181 438
133 292
239 511
235 510
215 263
293 484
247 517
109 459
426 467
36 176
275 316
114 347
87 124
359 510
120 208
291 500
311 461
101 422
253 545
34 198
37 133
4 192
354 375
360 461
224 277
438 548
357 455
115 435
454 510
101 538
444 465
253 516
38 382
10 266
47 421
76 184
161 458
64 427
20 429
73 118
329 401
133 302
300 301
169 480
314 563
7 77
397 399
43 332
116 239
320 392
75 187
224 429
191 449
81 337
281 515
242 544
172 300
202 397
471 477
194 528
100 538
13 315
214 408
131 261
11 544
76 128
62 303
147 410
346 531
478 507
139 385
407 412
362 536
140 386
482 526
272 400
251 372
498 526
185 349
8 234
136 151
111 224
157 495
211 422
160 487
10 140
4 216
173 244
279 389
9 380
75 340
94 360
93 180
193 274
56 256
263 322
259 388
80 293
30 143
1 413
422 503
61 490
140 181
196 353
345 434
371 436
245 328
43 320
48 304
63 102
114 379
12 93
35 129
19 72
149 506
180 490
420 432
119 360
310 420
175 540
458 496
7 190
143 174
55 66
2 176
303 417
390 402
390 532
27 295
80 193
543 545
144 442
231 488
246 456
47 533
16 449
426 459
116 466
133 178
98 422
206 303
219 366
12 318
141 445
318 505
77 492
86 230
5 243
339 502
197 492
291 433
43 321
413 440
110 148
134 322
30 515
161 216
113 524
20 33
79 395
220 389
107 466
263 271
160 256
151 454
148 263
279 520
35 375
328 386
40 129
281 450
125 177
362 562
39 527
33 510
50 109
329 515
328 505
97 369
381 560
231 426
208 534
325 479
440 548
301 493
47 422
349 512
56 238
158 342
201 360
311 513
159 292
55 403
51 149
444 561
123 307
96 333
143 427
387 489
222 514
347 428
16 383
122 470
258 305
292 457
220 368
399 448
171 461
3 494
56 286
322 376
52 90
24 426
184 523
435 460
15 18
31 213
23 81
361 409
351 518
64 398
263 399
26 507
9 420
17 264
108 279
81 292
303 459
82 457
331 384
3 308
434 457
234 276
313 373
110 237
193 380
62 482
163 521
14 374
41 548
143 422
379 433
282 433
136 529
131 297
370 460
100 533
81 391
147 161
129 458
222 444
362 475
72 101
202 346
33 69
123 483
312 405
167 513
179 392
267 545
10 372
249 415
464 563
244 421
134 297
219 511
104 456
161 291
342 357
270 330
87 483
286 366
35 267
292 508
235 327
28 49
111 522
16 207
175 447
101 215
60 393
182 444
45 474
17 498
92 469
289 327
473 492
51 505
178 309
178 388
3 32
120 423
9 131
124 396
274 447
29 435
194 234
43 358
500 561
217 383
126 242
88 508
364 403
68 356
138 238
71 89
39 523
393 458
113 481
107 206
385 456
87 423
230 314
3 512
285 469
172 555
102 141
129 233
112 550
39 436
424 538
22 133
217 479
140 456
98 344
116 492
102 370
352 457
329 347
135 388
18 31
60 118
13 97
406 462
280 353
262 432
185 311
409 483
55 197
61 549
152 313
83 525
73 124
130 343
293 375
243 469
178 544
75 528
316 563
265 368
25 92
158 289
290 349
3 58
132 350
181 190
48 125
121 346
116 285
89 325
30 359
39 421
10 219
223 435
239 476
86 404
181 375
137 252
127 355
51 89
161 302
206 381
55 399
112 281
189 285
291 350
218 528
16 424
430 473
137 380
530 554
84 389
64 76
195 529
95 285
110 225
310 396
72 434
370 496
235 244
86 541
40 158
30 217
65 411
58 418
163 360
39 389
99 182
47 201
15 227
93 456
86 156
228 504
279 438
224 320
312 444
240 341
104 163
365 388
154 400
252 398
224 506
235 479
38 129
213 316
70 194
0 432
86 494
445 542
488 535
15 150
184 448
106 433
230 504
149 559
5 430
216 516
272 409
86 122
124 317
195 410
82 338
324 533
266 503
65 132
161 325
77 191
281 303
146 463
153 254
207 514
387 561
51 393
23 404
208 547
110 396
103 413
148 241
136 394
319 471
445 501
205 441
62 332
122 229
266 554
355 385
6 131
83 522
259 458
451 463
14 486
132 475
47 278
239 345
163 500
77 541
184 526
201 359
129 324
94 195
296 300
38 218
223 349
365 423
318 331
153 281
88 407
228 419
3 402
264 299
155 253
208 414
359 407
316 431
220 551
228 412
161 189
45 468
335 349
166 234
213 275
381 562
81 434
545 546
271 483
260 529
198 491
508 545
17 150
369 450
215 360
421 539
186 333
108 311
42 237
39 439
308 425
231 271
426 440
154 496
87 467
220 256
78 123
29 550
240 393
257 355
162 473
146 211
271 559
96 530
289 372
546 554
125 315
11 427
29 50
73 271
126 519
336 360
290 412
117 287
213 316
371 376
65 102
153 204
487 493
221 378
472 477
164 258
187 423
93 291
281 314
374 480
148 502
148 230
31 175
254 515
282 503
324 559
88 187
56 452
25 99
165 196
295 339
20 410
71 447
421 505
350 417
310 513
321 516
176 240
447 526
83 475
327 442
409 492
101 408
172 411
24 466
367 469
459 460
60 286
297 408
4 336
126 483
136 223
150 448
405 456
201 524
85 144
38 240
41 410
340 494
167 350
193 302
330 359
38 516
6 395
134 532
296 541
107 556
110 529
184 350
30 32
187 346
394 523
189 402
320 500
101 467
198 385
179 488
325 510
227 449
115 541
284 536
126 502
277 543
501 529
53 539
0 373
97 212
170 533
49 263
88 322
244 498
150 222
142 174
389 559
167 312
318 396
155 560
151 474
270 504
449 504
330 359
237 240
0 386
7 482
233 482
123 318
263 289
190 522
148 267
112 524
352 461
210 362
224 254
33 461
470 503
51 279
186 354
373 374
452 500
44 506
224 396
414 419
266 477
157 354
12 202
475 559
285 524
288 441
249 360
160 362
397 536
65 431
464 494
269 321
240 397
24 459
282 449
366 518
142 249
35 387
225 384
123 257
432 504
551 558
114 254
78 508
281 563
70 192
113 386
362 485
92 221
295 553
324 340
101 163
241 500
352 369
18 465
102 350
234 240
23 386
471 555
261 455
1 215
187 213
14 469
328 554
102 247
167 329
414 524
71 145
330 349
54 397
133 317
9 114
324 511
269 377
115 245
553 560
31 60
16 549
119 281
44 238
24 252
181 270
322 399
112 278
59 439
2 484
329 533
81 557
26 562
129 434
292 387
37 337
207 377
178 266
358 461
63 549
50 379
320 548
436 465
97 161
466 485
143 433
300 510
157 333
131 407
83 177
30 293
251 352
66 318
89 95
351 526
158 180
0 57
64 495
74 300
93 458
371 431
64 359
181 374
168 436
226 463
195 505
105 276
270 429
223 476
224 287
349 537
256 446
465 520
318 509
135 308
209 443
155 166
201 556
44 466
147 476
324 357
19 69
291 332
20 344
144 377
381 422
469 550
209 326
186 377
387 514
341 476
154 478
9 257
180 500
339 558
31 168
453 480
7 305
72 282
311 405
219 239
177 276
102 206
146 446
6 519
75 171
514 559
359 441
32 50
3 38
239 274
492 529
384 388
102 511
372 517
292 452
490 556
32 466
432 550
202 311
502 559
265 383
85 176
30 34
232 430
225 559
322 524
124 272
233 456
125 347
116 142
19 161
180 196
270 530
116 118
329 520
237 419
188 219
21 46
330 399
188 492
26 383
92 508
76 187
144 229
6 163
399 469
232 563
203 495
102 229
329 489
385 425
95 554
219 550
105 360
461 527
80 521
65 422
228 435
28 229
206 415
321 406
206 337
186 298
63 344
164 561
100 243
72 558
124 382
230 503
244 548
398 458
384 541
24 96
131 531
248 343
169 405
107 425
15 286
242 513
222 308
383 421
288 398
27 415
36 254
66 256
421 454
24 48
117 158
146 244
330 500
68 349
80 184
145 313
112 134
263 388
142 302
68 182
263 449
18 484
242 314
388 426
364 556
183 516
10 11
240 464
201 391
197 335
116 315
80 523
154 417
152 198
258 263
132 537
113 123
324 414
18 359
285 559
37 285
30 45
68 374
78 168
259 391
264 349
63 219
189 208
200 521
66 316
206 235
35 320
338 515
143 495
2 384
162 248
67 537
208 525
23 422
191 339
85 140
201 321
137 516
172 216
71 119
132 309
352 498
324 550
152 196
37 349
75 87
240 526
226 488
147 423
304 309
343 450
43 270
255 557
107 544
202 507
241 466
52 319
297 398
202 548
242 250
227 408
122 265
146 200
79 462
86 410
250 526
33 463
63 430
12 350
67 461
420 525
213 263
303 306
207 530
271 502
395 558
177 478
244 520
530 539
182 288
267 563
159 549
11 526
47 212
120 169
213 219
221 509
32 471
185 359
97 389
73 89
1 111
135 230
307 396
207 322
287 451
66 399
512 534
63 283
195 303
257 375
81 539
184 275
223 548
158 445
531 555
273 424
319 481
24 242
223 296
46 409
89 256
346 455
499 517
90 299
27 264
85 471
192 363
306 411
24 337
119 498
308 382
82 493
65 536
230 377
304 383
68 334
148 221
37 515
259 482
75 294
36 369
442 554
351 419
134 460
293 479
313 529
124 308
236 319
50 542
60 79
43 114
247 325
367 392
550 562
407 499
197 552
355 518
31 514
328 392
67 491
215 241
5 472
175 371
72 445
20 416
199 309
368 554
356 441
90 296
68 276
463 543
156 447
242 351
41 316
277 484
328 376
23 206
311 419
355 454
88 562
39 374
388 524
55 180
20 516
297 362
285 476
121 300
358 421
264 400
153 501
62 168
205 554
57 511
140 375
207 503
154 335
372 428
57 170
517 522
33 200
118 154
142 416
175 553
294 335
169 258
85 187
516 538
169 533
57 419
139 381
219 363
76 83
126 390
13 166
1 355
308 389
215 356
1 434
246 320
419 519
14 170
26 356
225 365
122 525
126 296
301 312
375 551
292 475
134 148
278 433
161 281
70 433
319 377
10 207
336 547
199 229
55 231
103 105
29 163
49 346
108 141
33 90
53 96
75 438
10 523
142 297
146 367
44 463
155 474
390 489
33 111
287 439
38 368
414 445
17 410
157 515
99 207
129 473
45 223
517 545
153 477
447 489
49 346
48 190
21 444
150 283
373 439
47 499
113 493
89 109
134 138
185 186
4 311
539 549
154 543
475 526
207 340
57 189
413 459
333 494
247 494
170 186
266 514
94 170
266 287
363 486
219 462
282 440
229 278
31 220
132 495
141 493
401 537
256 523
19 449
182 484
315 440
378 473
282 361
192 429
53 136
20 85
77 436
12 539
210 273
86 309
342 534
36 142
243 400
467 502
365 499
224 433
49 257
134 153
368 402
189 499
169 524
438 540
244 412
273 469
349 456
183 335
56 511
72 309
314 498
79 265
130 502
22 231
90 341
473 530
247 428
197 325
113 483
102 536
345 467
49 123
395 562
179 483
330 524
285 432
37 471
81 517
149 562
111 125
289 352
124 559
161 447
435 442
496 516
52 67
276 342
9 103
17 345
361 418
64 169
24 552
47 261
137 384
130 383
424 532
294 374
13 407
175 242
43 464
242 331
85 391
311 529
58 276
14 458
129 547
107 248
164 389
118 164
186 375
397 518
77 123
184 341
88 509
345 503
424 528
60 388
12 354
64 425
54 300
105 374
47 195
101 456
79 402
241 537
464 557
128 515
86 480
406 433
216 222
192 200
19 372
207 294
48 112
133 417
128 261
326 486
362 437
222 456
281 442
15 91
186 351
119 392
100 294
545 562
165 551
317 485
96 260
142 395
17 126
58 419
100 186
61 425
130 295
196 302
53 375
170 526
17 405
174 477
183 461
42 442
118 361
186 262
95 337
339 417
85 312
277 464
345 362
358 412
126 141
20 338
372 539
234 449
36 171
227 399
250 527
65 537
148 398
92 254
353 492
107 397
514 518
183 325
17 344
109 450
247 347
445 544
31 96
240 556
248 328
166 395
268 349
275 390
256 548
113 433
112 442
285 533
99 333
294 396
372 377
154 339
142 543
5 182
370 541
527 555
468 530
51 299
193 325
177 206
23 185
284 423
202 535
135 169
419 421
64 328
237 339
174 359
34 542
483 506
107 370
132 438
303 493
112 451
35 151
38 379
363 528
