2567 594
506 172 284 519 194 329 546 150 48 556 155 477 59 502 113 442 574 344 553 51 452 462 501 408 423 489 476 510 537 495 312 359 40 93 1 326 43 105 164 44 286 428 558 508 264 232 350 103 521 331 513 6 398 35 559 593 357 85 399 419 123 5 473 303 529 306 70 26 375 503 268 421 318 314 436 578 564 173 573 57 522 20 110 395 478 520 363 570 571 116 410 102 488 433 241 353 492 171 309 300 282 208 242 216 39 450 565 196 233 214 78 544 178 301 490 407 569 369 411 530 104 552 260 122 305 439 310 440 256 112 52 509 132 169 202 14 493 581 273 507 55 204 200 394 65 168 587 107 354 144 73 297 281 184 228 500 463 437 23 397 54 517 285 365 206 335 28 72 292 498 121 320 514 474 197 505 115 535 387 516 255 324 345 279 91 386 512 188 352 160 466 562 79 575 327 316 432 482 531 10 106 576 139 524 586 111 557 177 518 13 148 566 33 211 167 536 372 298 417 69 126 526 141 12 319 185 443 420 147 291 98 80 145 109 403 321 527 7 101 195 486 438 131 117 317 15 271 568 153 136 56 19 223 424 376 479 533 371 384 470 34 62 435 2 240 475 272 338 339 37 379 140 31 49 467 385 118 511 182 315 453 299 360 29 343 459 275 274 159 538 325 381 289 551 336 454 154 580 515 239 590 71 480 21 532 497 86 259 323 67 349 405 582 355 193 337 346 165 92 370 47 525 392 534 250 53 364 577 251 25 42 215 135 258 224 456 119 561 322 64 95 382 244 129 293 481 36 290 422 270 137 448 226 245 348 351 94 311 212 100 499 18 68 199 263 414 589 186 58 427 237 504 207 464 97 230 585 278 296 368 426 225 373 380 543 358 447 295 362 246 347 238 254 9 491 542 247 377 404 108 176 229 287 333 431 11 175 401 548 487 261 219 125 61 252 130 444 83 465 416 27 87 396 166 213 334 32 330 234 283 332 468 128 415 409 161 460 367 400 127 152 96 24 430 0 541 412 203 592 277 418 494 74 280 158 390 99 328 3 163 555 458 451 389 266 89 84 180 46 22 253 142 378 249 455 187 276 235 288 157 446 201 402 308 366 227 484 269 483 356 588 60 567 221 540 413 198 547 406 8 342 449 138 50 162 523 429 30 170 294 4 471 231 469 579 583 461 445 63 307 265 88 563 391 388 545 181 82 16 572 179 38 190 243 222 304 248 496 374 149 591 143 114 124 434 134 146 550 77 539 485 156 17 560 472 267 191 257 205 441 383 75 425 341 393 218 313 210 236 41 189 192 45 220 133 174 81 554 361 217 584 528 66 549 457 76 262 90 151 183 120 302 340 209 
2031 2170 4419 4791 3875 2282 3153 2138 4387 4941 3536 1440 3786 3600 2056 1692 2526 217 4231 4238 2675 1092 511 2147 2231 2223 3300 628 3911 2826 2644 1763 3498 2355 3736 4009 1068 4729 3323 139 550 2800 488 1006 388 69 1497 2560 3807 2322 3709 1817 3324 4323 3265 4819 412 1466 4314 590 2198 624 4482 2447 2698 382 3194 4041 3791 2283 1479 1500 2440 3286 4424 2797 2570 886 1326 1519 3673 1263 2133 4281 4699 3089 4050 663 3981 2068 4677 1701 3925 4134 2785 705 2199 3345 234 1297 1012 3462 2486 1517 664 2854 327 1126 1123 4099 2200 327 2803 2658 2454 1499 2608 2620 4201 1631 3576 389 3499 2586 3643 2892 1064 3034 1866 2076 2783 4112 1451 1907 1920 495 1968 537 3670 4464 3825 1803 1647 1290 247 2553 3113 2505 2611 2196 4695 1916 1510 1525 3148 1563 2354 2626 1400 2545 4393 609 2561 2750 1973 3610 3924 4817 3695 263 1484 980 2667 2288 138 2255 2884 1269 4109 1026 1717 1755 4452 4557 2392 2611 2018 1115 2505 879 1584 4590 3077 550 2850 2172 1960 2450 1123 875 485 768 1290 2465 1090 120 2249 2151 2658 3398 1467 3254 2844 4120 3727 3139 3660 680 2290 3951 1297 3084 3513 3370 4047 3941 4647 3729 1709 1893 2476 4445 2578 4524 4399 1479 1212 1060 2734 2145 4881 1196 3931 1238 1969 1698 720 4020 3355 3108 4406 873 4072 4257 2027 3628 1261 4324 515 3470 733 1057 4888 3544 3046 4970 3148 3670 442 3220 3214 557 4929 4494 2340 2257 445 2018 504 178 2350 2703 4830 3448 1463 70 1069 652 1513 3980 3500 4905 1062 3647 2134 4499 561 2052 3129 455 1564 1528 492 179 1010 3557 255 519 4374 2728 3327 4061 4348 3777 1050 4636 2246 3547 4760 811 4961 4460 3210 172 2874 4023 2631 4719 1627 2216 1493 1337 2650 2103 3238 420 1932 153 2795 2161 1310 4364 1308 2499 3652 2146 4345 1558 2182 2831 1859 480 1295 3286 4742 3871 1095 592 2739 2155 3348 111 881 3820 4917 2883 3068 2927 2103 3090 569 4710 787 4813 3976 2334 4632 4593 4251 3797 1781 1187 3534 2651 4106 1712 4752 2528 1567 724 153 3071 2356 193 4956 2337 4331 1922 2935 3197 3228 3840 744 3158 3255 1549 499 3717 2255 2175 1329 97 4701 4231 2827 325 1514 2499 3151 4601 417 3065 514 1507 4188 117 3943 2175 3310 165 3735 36 2609 3682 3745 2194 3913 466 220 2881 2089 1916 2163 3899 4348 467 720 4813 6 4911 876 4937 4149 2456 1333 352 1674 3509 785 2158 3484 1444 3235 30 919 4866 3252 129 2177 4813 1587 3833 4229 2344 1592 2802 580 751 4533 739 1136 4180 2118 1385 1787 2785 3067 2501 1016 3799 2755 4199 2935 870 4380 843 1127 606 1736 3275 1143 2422 993 1125 445 722 1553 1334 2467 1058 4531 1039 4823 2041 2630 416 3802 1364 2507 1930 2940 2620 2613 441 1726 285 1985 2913 1799 1159 462 1568 891 1780 4470 3157 2032 3588 3397 1488 3299 254 3386 1962 3283 3968 3652 3198 4348 2856 1622 928 4848 339 4142 2188 3600 2807 1043 2762 4337 4981 3949 4641 181 961 2153 1106 3119 2908 573 4415 43 4017 2873 2531 2100 1935 2983 595 96 3743 4788 2326 3130 1598 4919 2673 2055 4981 649 2454 739 2031 
325 436
148 276
288 404
63 314
132 227
315 554
439 480
186 316
157 202
268 454
41 327
371 557
330 364
15 414
317 384
354 492
114 409
116 506
532 558
75 530
240 576
358 482
511 546
225 493
552 567
202 268
110 366
16 155
223 296
4 395
48 149
548 569
277 311
286 446
225 282
80 236
154 303
230 578
363 450
161 446
112 307
113 126
133 499
43 166
221 371
255 305
428 471
361 525
232 593
111 556
220 343
33 342
161 243
118 492
64 542
517 557
379 385
368 557
428 463
34 522
17 394
298 540
115 459
72 135
407 530
21 311
170 567
42 288
515 590
95 270
104 485
95 338
3 42
149 388
205 541
308 402
48 148
85 563
10 75
331 566
18 245
32 261
201 239
80 335
253 318
230 333
132 322
410 428
77 356
118 311
151 464
352 391
38 559
3 572
383 432
51 549
60 189
119 294
226 471
80 465
129 373
396 590
139 373
39 527
166 207
126 427
143 203
533 570
356 548
383 500
154 567
109 491
216 276
2 334
207 372
88 129
12 445
242 466
149 567
562 581
397 418
258 283
446 567
261 377
5 139
185 251
226 534
84 300
543 575
269 311
133 155
417 574
333 581
390 469
5 445
97 511
149 313
193 512
18 34
443 505
4 540
268 386
256 271
126 580
178 517
492 555
318 518
216 237
362 531
325 441
263 354
388 457
274 447
418 522
388 489
128 220
72 328
376 582
101 545
45 573
114 184
16 420
95 113
273 343
140 499
468 562
229 435
22 330
95 558
238 289
1 91
8 96
65 252
173 572
32 349
90 154
112 430
157 338
297 371
395 512
375 546
146 203
47 224
482 495
468 469
55 259
89 391
36 436
179 551
210 381
155 361
476 499
240 544
254 422
400 455
149 584
121 238
209 265
114 119
371 413
37 67
139 398
178 215
142 463
50 376
81 369
151 324
63 259
104 205
3 410
241 383
53 320
42 336
517 538
31 357
257 335
116 259
487 528
27 369
431 588
439 457
206 355
230 377
73 261
188 428
70 239
83 470
336 346
51 303
156 582
386 417
232 379
308 332
462 496
334 353
222 406
26 465
84 564
88 214
172 492
12 448
219 433
300 357
153 364
12 573
426 591
386 497
87 342
352 361
173 569
305 400
34 177
455 502
75 140
460 501
153 396
124 287
254 468
433 551
369 424
193 218
270 428
429 525
244 471
120 312
70 260
242 563
370 452
214 302
216 516
6 145
268 326
163 211
383 583
25 103
205 520
201 585
361 382
112 572
85 148
75 289
21 141
190 299
58 175
64 414
168 212
406 517
237 358
588 591
330 496
97 178
47 551
338 374
300 412
260 495
294 306
320 392
200 558
98 477
161 489
252 559
430 557
135 475
151 277
298 418
321 489
205 469
251 432
524 587
265 573
89 410
160 583
142 374
96 247
328 495
286 313
159 451
106 395
320 514
356 384
185 385
421 497
250 452
83 249
196 256
260 582
422 439
296 358
160 475
289 395
142 185
256 408
210 481
51 460
90 190
203 576
106 464
506 521
22 146
260 309
114 294
297 423
202 539
385 425
259 409
255 507
234 555
222 496
541 568
348 365
123 510
361 494
245 337
110 296
150 440
150 467
165 340
54 304
259 391
332 341
43 502
542 579
15 466
32 489
263 398
414 561
403 535
202 474
176 522
113 365
552 589
24 543
53 145
3 106
453 477
433 543
76 248
379 424
305 560
357 440
395 554
29 432
121 143
43 572
7 440
119 457
343 586
302 587
567 586
23 587
81 100
109 543
108 581
183 329
55 416
30 149
8 328
447 534
125 564
124 510
198 578
329 370
314 460
94 165
178 535
376 419
492 591
107 287
190 480
282 355
339 588
454 586
323 361
207 366
2 556
108 470
249 534
238 300
318 415
282 506
309 490
260 311
95 121
214 271
373 540
167 395
384 538
290 495
42 375
268 546
106 316
173 299
96 285
5 348
53 253
293 324
48 56
255 261
171 550
180 412
284 329
64 575
282 574
422 536
180 488
43 253
264 302
194 424
11 111
34 554
39 166
29 411
61 356
17 485
45 477
335 526
2 570
26 85
251 519
202 410
32 487
31 331
380 434
81 526
103 175
207 372
251 433
447 582
253 432
349 422
369 577
234 389
38 211
60 326
246 387
204 355
80 289
144 314
471 550
412 589
271 297
30 502
47 191
358 410
41 443
94 568
196 574
253 331
367 438
21 154
42 203
430 573
145 506
139 466
164 312
341 419
360 376
235 268
40 62
161 429
52 384
537 593
48 249
195 584
8 75
144 343
130 386
81 312
234 259
42 172
239 434
73 589
316 366
446 477
63 461
58 414
34 476
90 278
449 580
158 515
49 320
159 372
104 585
29 474
150 151
299 586
184 228
15 227
12 162
125 592
162 401
437 461
93 460
105 549
257 303
261 410
19 93
47 581
313 402
155 188
429 537
26 341
10 583
380 431
20 270
548 566
340 568
490 534
38 199
301 455
90 536
311 381
243 413
52 308
247 385
173 176
79 370
335 397
128 176
313 338
24 510
325 452
225 510
74 426
224 277
311 351
57 397
288 570
351 382
32 475
5 88
24 414
180 316
89 239
195 536
147 406
309 591
75 203
172 314
129 346
6 68
114 511
198 240
96 247
60 470
97 564
173 205
105 524
457 461
204 410
146 477
284 362
379 495
95 216
285 307
551 583
362 572
103 131
240 511
549 574
183 326
55 93
77 94
36 250
26 94
60 147
86 410
154 246
537 568
383 428
373 592
31 285
4 483
168 428
53 512
154 400
476 540
91 313
89 328
88 295
119 429
29 297
266 376
254 443
210 241
215 442
491 516
34 122
27 451
326 346
65 245
296 377
301 399
387 527
134 424
180 263
150 419
85 156
27 423
63 510
3 311
95 243
167 524
156 379
151 303
420 516
192 313
2 379
472 584
123 482
228 380
243 269
8 408
91 455
260 513
96 582
120 283
185 394
466 505
15 165
302 430
320 385
78 84
95 300
204 386
56 451
513 549
228 344
278 515
33 539
18 447
133 369
172 432
269 377
401 587
410 506
13 316
24 296
368 380
319 544
226 343
223 476
80 233
187 544
184 525
130 346
421 515
68 95
229 257
50 283
140 525
1 443
180 535
398 545
55 494
111 175
52 202
66 128
13 291
167 566
82 152
65 281
53 62
334 366
73 320
17 238
204 589
357 395
121 252
231 567
11 91
88 471
150 325
0 121
174 207
188 461
140 183
232 368
291 465
271 339
218 330
53 114
343 519
530 555
117 524
110 302
285 340
321 519
2 260
61 91
16 255
148 438
70 545
29 72
13 145
194 305
164 207
33 219
171 365
223 498
27 527
14 337
68 273
430 573
11 195
133 549
299 371
413 463
345 388
334 578
171 177
69 142
476 563
11 23
234 321
31 521
211 507
208 503
57 474
83 583
191 496
111 246
22 155
390 496
161 323
361 406
371 393
378 434
113 432
227 418
174 471
214 395
64 171
446 582
254 514
317 539
425 548
475 546
254 487
105 417
107 434
87 521
198 229
263 359
42 85
120 265
69 545
134 525
83 185
233 535
50 560
284 470
358 553
192 203
185 240
170 235
186 387
149 553
219 397
36 237
265 446
356 587
259 393
344 355
285 288
328 487
389 491
87 176
71 552
219 556
22 130
348 445
205 323
37 237
57 458
13 118
175 455
270 309
178 451
156 497
200 589
120 479
127 478
129 574
468 541
65 473
194 531
287 300
235 391
228 414
182 589
79 510
424 449
127 525
309 483
135 544
324 509
251 416
82 393
153 305
274 295
70 394
155 393
208 300
127 553
140 156
3 231
434 454
148 572
245 326
251 427
137 528
282 523
23 294
93 471
255 256
363 593
236 433
13 277
157 247
51 428
84 145
210 297
105 191
342 389
289 576
44 455
195 537
47 441
266 486
159 179
45 453
211 327
266 344
50 150
52 215
110 183
25 349
189 408
112 477
65 482
371 537
376 567
552 573
132 302
172 262
456 567
308 562
86 545
271 593
282 330
454 550
16 452
233 558
332 449
104 105
20 466
344 449
385 508
17 229
32 455
68 369
415 543
270 458
366 584
307 443
205 247
289 587
8 138
171 519
6 325
338 356
294 557
518 530
143 565
538 539
199 374
31 440
440 497
104 483
316 484
31 181
306 503
169 294
437 589
142 546
304 371
214 334
103 532
273 368
134 390
14 482
140 260
214 368
252 297
7 297
181 563
80 235
138 531
171 292
80 545
92 256
143 306
28 57
394 400
357 492
496 554
85 176
274 570
160 187
233 316
213 239
28 221
223 250
195 589
13 512
341 562
118 136
175 177
118 323
287 591
147 557
179 526
144 333
207 280
66 98
296 391
463 490
7 333
341 381
151 257
152 568
199 231
214 310
197 473
195 319
382 535
425 529
293 367
11 83
215 547
295 472
23 77
93 468
409 428
309 326
6 47
265 490
67 566
100 123
118 557
75 434
48 179
42 454
124 456
237 431
129 383
365 467
38 341
519 522
227 426
44 170
372 445
178 587
94 346
130 390
140 379
221 448
33 349
259 369
188 520
401 510
73 268
286 373
190 433
330 385
113 447
80 104
1 205
241 378
21 528
269 270
101 526
25 449
159 503
159 352
21 59
222 535
420 515
322 347
336 369
115 302
435 481
294 508
323 538
541 563
158 288
201 323
235 276
111 313
221 504
69 347
397 483
171 296
32 452
72 462
227 252
292 321
431 445
210 271
186 368
507 557
257 431
121 328
76 292
63 493
479 518
143 214
406 514
58 166
222 570
18 252
142 221
462 469
198 324
210 262
139 394
163 190
341 589
331 448
113 513
133 328
78 520
237 349
427 470
108 270
398 438
4 10
5 294
56 70
97 504
125 285
491 523
373 459
107 532
317 481
196 545
187 518
26 414
15 592
64 76
152 196
58 593
143 386
332 380
402 548
268 399
159 180
200 328
194 254
335 568
44 67
120 138
85 295
254 375
0 61
461 473
187 225
51 334
458 558
86 547
423 566
199 565
51 402
262 527
63 510
440 574
125 518
173 191
357 477
136 310
517 552
270 351
175 189
378 563
153 326
163 167
93 212
12 284
298 450
14 89
224 484
195 319
74 489
148 563
29 328
145 367
177 340
197 352
23 176
246 263
55 256
438 485
84 178
20 486
209 427
257 532
340 413
111 275
69 451
54 466
175 232
146 566
170 368
137 212
173 243
370 419
47 372
165 353
362 375
89 233
199 424
207 465
343 566
424 461
67 211
384 556
403 567
355 434
345 358
274 315
63 564
26 253
266 457
266 477
290 339
368 430
62 267
183 415
229 269
50 81
329 468
539 565
192 355
4 241
75 116
110 405
124 228
237 558
468 479
306 397
314 406
384 486
576 588
15 73
134 590
234 332
371 496
171 519
347 569
435 580
378 581
404 506
37 171
13 337
123 203
76 478
139 175
52 70
250 532
369 523
19 406
19 212
100 565
476 541
157 237
304 523
361 548
221 312
71 345
295 577
226 450
19 483
360 544
138 437
252 452
43 518
11 212
10 377
295 478
43 154
44 134
263 477
433 591
485 585
222 296
222 562
157 296
282 536
95 520
39 496
4 176
327 332
345 405
71 109
30 364
240 312
259 515
374 401
268 435
435 465
367 583
368 468
161 239
59 373
47 112
217 532
154 589
36 101
89 475
146 438
371 544
90 111
237 284
153 360
420 518
434 494
301 366
272 478
345 419
225 487
289 555
108 318
282 384
247 424
99 407
193 265
24 434
438 548
396 531
487 490
214 534
238 296
111 402
30 469
76 146
104 502
31 392
308 315
89 117
183 545
294 534
47 52
283 439
77 367
66 179
204 470
99 146
73 464
99 150
98 408
74 444
407 590
36 281
320 539
55 168
76 339
342 558
74 283
112 327
118 412
236 552
417 421
323 415
207 420
196 340
102 560
215 224
567 576
73 396
273 543
13 281
275 408
422 564
265 291
196 525
19 260
139 483
220 362
373 592
267 279
95 357
203 504
81 378
384 564
127 302
130 392
123 179
198 562
491 572
454 505
404 502
163 501
420 463
66 391
329 432
247 343
281 490
29 318
79 382
44 330
191 261
276 381
69 162
211 412
64 153
393 506
75 364
275 558
9 338
99 282
353 407
368 543
138 442
73 253
22 318
175 453
106 390
286 485
62 508
69 432
189 330
103 557
368 479
410 571
114 343
249 375
387 519
321 504
71 395
94 563
327 457
36 561
61 468
8 164
39 287
401 573
55 121
145 429
233 464
104 362
286 503
300 517
447 509
515 575
31 196
285 425
318 489
234 371
246 575
412 479
311 483
3 7
365 407
410 522
214 522
32 57
30 398
191 552
96 473
204 340
110 253
127 285
444 470
29 313
63 199
222 346
262 533
8 275
426 504
70 235
119 511
49 559
16 333
45 204
65 439
60 289
209 274
163 270
468 554
310 533
359 460
41 121
69 377
90 370
173 386
332 345
151 496
325 430
340 593
67 351
28 108
245 298
84 222
3 115
387 566
173 446
179 520
93 395
155 504
75 382
479 587
548 574
11 454
339 367
505 583
52 460
108 126
52 570
26 226
276 569
79 361
221 297
212 483
165 274
122 454
297 444
386 403
112 261
434 519
231 461
450 463
74 267
25 164
265 366
105 340
103 577
55 551
189 361
121 194
158 288
194 235
148 195
87 270
62 125
88 332
3 8
399 512
492 568
169 512
294 481
339 379
38 185
288 312
33 555
114 246
27 381
144 214
285 349
5 391
40 362
257 387
196 291
27 178
549 556
498 516
410 502
347 471
382 440
78 589
134 419
96 258
162 506
24 94
179 580
299 354
42 566
343 584
256 285
116 477
496 553
36 361
8 558
197 591
123 487
433 524
257 567
28 487
80 559
482 564
51 69
32 58
444 506
21 167
3 526
204 515
7 125
45 180
205 295
29 160
52 500
341 399
61 188
156 222
288 489
326 504
115 135
414 525
121 416
19 205
160 403
118 199
389 534
52 461
405 436
387 469
149 331
209 465
136 265
360 508
124 584
279 345
5 65
239 448
14 205
226 331
216 498
96 417
217 575
3 286
66 521
143 238
125 253
205 229
102 341
76 371
27 378
431 465
40 292
259 528
251 355
197 221
87 325
84 475
501 528
167 405
193 573
159 360
185 205
160 233
401 569
27 119
131 163
74 467
52 511
232 488
267 506
240 591
176 358
54 56
470 530
90 114
131 453
115 140
182 429
165 474
165 298
173 443
121 539
96 534
55 287
151 315
52 203
124 522
23 305
9 205
257 268
3 313
141 450
199 364
154 545
101 366
47 276
8 224
164 592
104 459
171 418
299 407
228 290
121 179
169 214
289 445
322 437
296 554
97 202
409 533
81 86
192 573
160 165
187 262
430 545
107 232
361 540
10 531
358 451
347 389
97 357
160 492
334 408
1 375
321 445
40 553
156 417
160 288
395 503
287 455
348 532
69 290
372 452
61 306
509 515
19 307
382 562
174 263
382 573
106 130
105 425
54 159
454 591
45 570
38 209
138 459
426 453
437 592
115 344
203 582
485 532
479 533
3 432
149 321
7 537
351 442
163 493
420 577
106 367
313 374
193 395
374 516
431 507
30 61
37 218
102 316
13 286
142 147
207 518
382 554
433 560
287 443
200 484
84 205
160 219
371 514
317 519
196 329
513 571
81 160
253 472
183 489
485 526
260 348
65 544
429 510
96 378
181 338
132 376
439 541
80 576
59 384
289 556
58 530
99 507
313 502
414 430
124 359
488 513
48 221
132 183
175 402
459 516
148 588
4 171
288 533
394 560
285 398
6 326
104 382
297 530
179 284
69 275
93 479
68 565
370 570
117 408
214 540
109 174
95 385
30 55
108 528
357 527
170 190
252 593
269 560
89 265
362 547
77 316
24 62
137 405
104 236
69 228
288 497
424 571
291 547
137 357
97 369
123 283
247 460
332 398
72 271
64 461
257 263
28 408
162 590
234 475
152 196
353 566
138 454
0 514
28 492
298 328
194 460
213 315
314 475
92 464
251 386
224 428
17 25
10 160
86 354
213 279
202 376
136 530
45 553
155 404
381 544
15 342
90 469
90 141
105 459
395 463
379 467
157 441
369 456
3 136
386 401
258 423
187 359
358 582
70 281
85 142
291 295
38 115
71 300
35 565
42 61
100 521
90 534
350 443
7 471
195 474
176 426
115 380
577 582
143 349
196 360
96 176
19 91
390 470
147 555
157 293
39 392
103 577
415 581
61 68
330 428
144 580
123 462
411 460
391 551
206 437
524 561
228 481
213 303
263 505
386 562
289 468
441 516
147 515
44 415
66 196
268 280
242 517
278 339
42 350
127 216
39 147
216 439
276 443
520 541
196 432
151 183
68 418
245 446
235 590
430 454
141 147
9 524
449 545
250 555
296 316
418 468
259 477
496 527
429 472
135 258
212 213
488 548
220 298
8 490
68 309
29 524
332 389
389 497
321 472
123 520
171 174
214 292
62 212
99 565
453 538
361 439
190 289
47 315
126 442
262 574
92 440
538 567
133 487
58 412
263 568
348 447
82 335
443 445
146 529
315 393
188 372
369 525
241 301
103 546
45 544
374 377
438 513
304 380
470 588
64 444
195 238
328 489
432 558
17 509
199 280
33 252
223 373
355 490
14 485
174 376
228 236
476 482
389 544
462 527
236 524
299 521
157 579
121 126
121 553
100 375
14 419
130 358
129 204
35 577
476 481
505 576
79 119
135 236
338 459
143 385
54 210
206 207
372 456
116 467
372 410
245 330
237 588
416 488
296 329
73 558
171 304
93 372
20 116
137 223
129 366
27 42
143 493
13 439
151 568
70 166
214 563
0 356
438 439
187 225
21 152
50 76
421 590
118 154
222 522
106 487
50 358
123 533
8 287
183 321
229 321
299 371
132 520
71 548
15 428
80 561
272 314
259 426
124 565
288 576
118 130
96 128
112 139
554 587
72 102
111 303
134 261
13 441
426 592
252 302
435 454
61 173
15 20
211 592
51 190
320 387
459 500
103 563
272 398
67 285
448 586
97 102
233 518
28 494
271 272
203 227
547 591
143 343
3 185
160 582
375 452
287 531
272 394
55 390
376 569
121 149
197 497
392 565
64 401
161 532
436 455
261 428
477 558
57 244
448 514
346 396
71 297
261 354
448 507
148 587
312 578
344 533
55 421
172 518
6 489
106 170
166 527
63 507
114 341
547 586
45 180
113 223
94 486
45 47
85 282
121 400
239 503
118 135
474 561
346 407
247 297
72 74
327 457
172 211
274 319
287 374
188 540
97 423
45 93
372 433
306 442
127 320
269 301
161 362
17 268
542 550
114 326
517 541
90 161
307 309
252 542
462 535
157 246
184 209
268 554
240 291
10 494
93 353
287 290
237 383
379 449
204 347
558 579
501 578
103 386
69 84
272 355
93 480
155 224
15 401
334 538
85 211
289 562
406 527
414 481
55 498
228 508
463 555
67 83
4 131
471 472
162 472
344 444
208 565
131 298
419 520
178 567
323 389
17 534
187 525
143 157
14 194
106 491
133 273
370 497
163 547
50 542
54 258
524 585
114 172
41 419
111 498
151 474
287 399
366 514
121 335
20 355
80 170
152 372
30 343
475 492
34 480
298 332
308 583
89 176
207 451
446 554
26 500
7 30
113 187
87 384
158 559
371 379
291 437
279 486
285 586
407 426
329 379
96 197
54 135
342 383
107 336
415 512
195 393
122 498
174 528
353 403
73 373
23 77
53 132
111 500
272 377
257 420
502 541
49 193
346 415
178 254
38 121
210 425
431 436
141 428
176 274
207 321
496 554
132 260
168 250
46 425
44 273
381 465
40 328
331 439
36 61
109 524
37 168
9 537
205 523
423 467
465 485
220 371
329 419
372 385
39 393
51 238
55 412
241 285
379 392
81 335
452 558
287 333
245 416
459 461
360 443
386 548
245 380
328 561
129 288
93 365
210 385
63 74
187 397
265 552
5 564
213 512
252 399
338 371
224 580
40 419
302 314
75 207
199 550
403 495
112 304
6 558
124 345
73 351
245 382
384 484
340 386
241 555
23 489
177 476
50 531
69 107
324 341
29 397
53 144
52 277
360 433
18 483
433 551
187 500
86 352
153 404
251 256
46 502
126 159
244 583
150 562
92 526
312 517
136 377
281 424
102 401
82 105
340 563
342 428
427 570
82 456
183 198
18 133
39 294
255 472
159 492
153 558
199 384
107 473
364 546
180 338
121 180
0 94
55 510
234 487
342 515
31 502
183 192
197 370
248 477
159 542
525 531
136 335
156 327
10 546
25 306
42 494
311 498
58 344
113 470
376 537
457 537
352 453
269 335
483 583
150 205
217 218
25 215
1 456
5 361
74 112
25 368
49 308
534 535
263 525
109 592
72 153
126 352
181 247
174 202
556 577
125 429
54 379
208 371
271 354
34 372
63 109
469 490
94 358
48 399
9 105
144 151
103 575
0 101
44 77
236 383
54 337
170 490
102 109
321 423
190 302
260 312
11 442
141 332
38 466
152 497
352 591
32 501
198 382
176 183
248 392
15 523
197 230
289 435
79 352
435 574
405 495
131 565
89 208
14 539
155 526
21 289
13 237
23 291
141 163
108 461
379 529
191 520
193 268
165 247
105 133
32 350
88 353
157 547
324 477
235 566
104 239
63 403
20 89
62 258
284 559
187 332
9 303
272 349
215 502
12 42
57 309
54 549
92 228
404 525
70 363
248 259
143 391
157 324
514 577
19 432
353 540
281 342
180 220
13 37
77 97
98 163
348 483
306 461
344 498
249 279
45 254
304 398
17 167
529 546
234 377
143 525
201 399
161 403
106 395
298 495
498 527
19 549
513 551
374 426
89 160
421 545
26 195
491 543
124 325
149 283
13 75
363 545
60 104
87 403
364 533
102 462
176 484
7 99
35 357
126 341
287 442
363 430
157 217
87 550
411 514
85 468
159 345
313 571
508 577
102 317
310 534
274 510
137 521
14 412
261 490
29 140
254 276
189 373
54 516
298 327
560 570
174 276
99 395
96 396
547 582
455 485
53 370
317 557
284 364
289 486
94 152
67 414
338 462
467 536
30 232
165 339
301 309
213 489
70 534
86 314
112 556
406 442
1 235
30 103
29 560
14 78
226 357
11 271
201 437
392 458
231 282
115 545
301 523
158 521
198 521
171 492
445 453
194 203
314 405
57 464
196 474
214 243
3 220
28 85
5 63
112 189
314 525
15 450
11 86
124 304
239 420
430 592
42 129
8 120
310 349
517 587
18 101
183 192
63 372
213 285
23 107
304 419
189 393
172 586
214 425
83 190
73 591
40 564
35 206
402 449
14 344
256 377
271 300
310 394
250 584
522 527
236 379
114 482
280 423
284 496
9 233
350 365
77 539
494 501
19 97
76 514
134 509
244 370
280 541
164 538
357 515
292 473
215 428
93 576
167 221
171 267
72 420
189 558
180 558
113 184
239 461
61 108
335 384
418 526
161 298
374 494
5 445
112 420
44 97
339 415
219 377
240 348
49 565
72 419
222 549
119 410
