2209 553
54 68 216 62 472 227 223 388 127 172 484 515 393 13 71 163 156 522 295 43 238 340 444 482 133 222 118 28 528 17 29 5 95 30 420 471 77 140 401 533 319 450 427 259 324 478 75 107 120 70 347 419 407 505 336 192 332 460 123 545 85 64 214 183 78 135 69 338 23 146 187 179 119 514 193 328 180 397 90 83 182 14 451 87 538 67 356 325 1 455 353 526 80 552 297 442 200 400 114 271 489 285 0 48 380 354 321 422 56 502 150 527 189 298 470 219 4 27 468 202 503 408 16 247 82 532 352 166 363 25 60 274 278 280 92 375 212 413 360 270 449 496 386 458 260 479 368 300 65 147 201 389 144 432 345 233 181 301 358 159 272 49 536 473 160 430 361 108 36 169 365 546 234 481 277 66 61 551 314 168 535 348 276 406 371 250 255 288 304 6 448 513 12 530 79 531 268 244 197 452 228 453 296 21 447 185 117 469 184 195 543 426 231 34 215 154 103 284 230 459 196 428 366 138 86 412 264 40 379 73 309 162 112 477 22 232 286 121 394 177 547 418 57 399 411 100 124 42 383 509 198 440 165 53 293 132 464 94 362 539 327 207 429 382 10 199 152 313 329 491 134 378 467 454 191 105 405 251 493 128 542 326 334 224 254 266 367 235 339 101 18 213 125 241 486 11 141 41 424 494 337 402 438 221 320 435 35 364 492 294 305 404 434 279 490 417 507 548 91 220 504 331 488 425 457 211 143 206 349 263 15 52 409 391 115 136 51 8 245 474 126 341 498 99 346 58 229 506 116 541 89 410 186 485 403 312 246 47 175 113 291 209 88 31 308 237 497 306 465 72 258 373 431 322 499 46 525 7 501 342 520 129 110 111 392 37 164 516 446 50 9 194 476 106 240 416 139 303 265 521 261 385 109 155 19 302 289 369 537 262 534 269 466 475 98 257 376 330 396 518 456 131 318 439 55 174 173 157 243 225 387 137 44 148 84 415 524 310 307 443 59 2 151 316 511 335 161 102 188 299 39 33 204 540 38 487 480 210 283 461 93 273 190 483 249 208 462 158 81 290 374 63 104 170 377 395 508 282 26 550 355 423 24 372 357 97 130 218 142 253 463 370 323 414 171 292 523 248 510 549 390 351 74 149 317 436 45 433 359 242 167 344 32 384 517 236 445 495 252 122 398 203 519 343 205 315 333 512 76 178 267 20 500 311 153 544 287 226 437 256 145 281 239 381 350 176 3 529 421 96 441 275 217 
214 1753 1514 8 3862 3848 2867 3143 1765 4227 4988 84 2946 1684 3952 2075 4341 3261 578 1763 1401 507 657 1208 3690 401 211 3928 169 160 3561 2221 1766 894 2431 1418 1734 3357 1280 3386 1302 1830 2423 4309 1118 981 4017 2396 2161 1303 2305 1599 1516 641 2195 1453 716 282 2653 1452 4645 788 4275 1585 2785 3895 2147 307 4573 766 3664 395 1730 1486 1123 774 2867 3125 1334 1262 131 4400 3338 2246 3465 4711 388 4197 534 3692 4956 908 1021 394 4638 19 4780 2802 3868 4617 2811 740 3060 3243 723 4532 1966 2799 2497 2323 2097 521 274 3600 422 2286 1385 1806 540 2879 479 4584 1758 4872 3690 3994 26 4050 825 433 1716 1341 1519 2414 338 2506 279 4767 49 3288 3951 4399 864 2453 639 4648 2819 960 1819 2717 1323 2444 1143 3836 844 1576 2219 2148 3647 2245 16 2692 1793 3663 3178 2076 4204 264 118 2384 4684 2497 1349 2954 2261 306 3601 2447 3475 4324 3184 389 4241 2109 4679 1490 286 1603 281 4265 4846 1373 4168 1249 1653 4351 4907 487 3961 4564 1521 2269 1632 1337 1220 2131 4278 4903 4258 3829 4548 1857 4072 2236 3631 3751 3727 2282 1301 2891 1188 4760 4725 1938 4426 866 294 3524 1771 2790 3976 2191 1255 4008 3099 305 4196 4386 4973 1966 1495 322 4648 393 2714 4525 1659 1829 1950 2874 2623 4030 3963 1362 2757 3715 2958 4303 1470 1960 169 3601 4219 1970 417 4113 3814 2785 1621 488 2465 2021 2994 383 2134 3578 4215 1829 3326 1766 4573 4092 3902 429 3966 2877 1782 2450 2419 3478 2612 2249 1678 1921 2489 3155 2823 486 3882 4513 3405 4515 3242 4333 4155 4396 4046 3485 3854 3734 4233 4417 4540 4224 4000 3152 3967 891 4169 3157 1489 4473 2600 408 2514 3989 4418 4274 3312 3497 3694 4113 2943 3326 1624 4133 2473 4671 3871 4538 4320 1439 578 983 4122 716 1535 3382 1907 3068 3420 4053 3177 831 66 4269 4068 4893 1238 3129 1053 2674 4553 2560 4961 2622 4763 391 3165 2682 2083 1281 172 3384 859 2560 1079 178 3802 1889 373 2614 337 394 3211 257 90 2319 4605 2497 2013 182 2933 2775 1981 3184 2131 3117 2643 4113 239 2364 3369 609 1147 2394 4170 52 4196 1682 2312 2327 1586 3283 4086 2868 3342 4614 1432 2632 4796 2978 871 3475 2401 1650 1249 4967 1230 4370 848 4508 3726 1814 1097 2308 1085 2996 209 331 1049 1226 2259 1241 2413 2139 3901 4739 1883 998 2604 3934 4954 3591 308 1478 624 2914 773 1478 1978 950 2258 4520 1914 1054 3388 3512 1769 4638 1502 1772 237 3972 4122 4223 4356 4556 2381 4166 401 2361 798 2306 30 4369 2884 1935 3099 3808 4257 1405 966 3503 889 1365 4652 4807 4808 1478 1855 704 3411 952 849 2007 3757 824 4631 1456 1653 4118 953 2424 190 3412 153 886 3992 4096 1346 1267 781 4091 4427 3759 822 3763 2276 1950 838 813 176 1731 4127 4255 3532 2116 4540 4646 4023 2070 4983 1299 2691 762 1404 3572 2859 2568 2390 2640 4604 
306 383
282 470
95 227
133 449
79 507
169 312
367 497
96 227
231 361
80 176
144 186
62 339
105 521
442 474
1 335
355 443
252 478
78 409
140 493
107 334
205 499
196 480
65 305
145 347
351 402
45 402
9 273
210 485
182 192
47 329
333 359
127 381
214 266
159 437
123 199
60 439
15 368
434 468
52 262
131 372
96 468
215 513
64 527
96 454
49 507
211 502
10 524
284 456
213 453
253 256
52 453
199 490
12 51
106 314
50 176
80 284
180 471
335 472
42 222
127 542
33 222
219 543
131 341
321 408
3 286
46 298
458 515
139 260
141 239
70 203
163 241
338 425
111 207
17 79
50 109
277 486
31 389
134 184
169 450
215 472
67 142
153 194
37 436
27 352
242 276
204 465
192 318
318 549
342 392
275 365
40 329
40 237
86 169
2 419
340 531
357 449
100 131
114 221
360 498
8 122
67 476
52 523
56 204
315 476
52 302
356 378
44 172
107 328
301 388
210 496
451 464
165 417
335 452
298 377
126 176
422 522
69 515
401 456
241 447
9 85
320 416
170 292
247 348
191 320
202 437
123 270
66 428
4 457
346 489
5 338
130 370
20 342
269 419
58 126
76 173
6 396
120 207
409 461
301 520
293 318
76 112
265 363
7 93
42 161
81 427
47 332
218 494
123 229
223 470
327 476
263 322
29 524
145 528
390 525
115 279
20 460
116 172
29 282
283 294
66 364
253 351
42 285
128 463
56 480
19 345
183 531
62 129
417 546
236 463
55 287
110 197
26 262
41 229
0 339
19 451
279 396
135 456
339 515
23 152
328 447
15 279
466 499
310 486
103 314
357 441
269 351
74 318
28 59
303 462
154 169
166 211
118 447
163 172
348 471
172 237
276 400
86 263
66 274
70 73
385 469
93 332
215 373
151 267
100 481
323 413
509 511
358 427
417 468
146 295
107 346
426 476
55 416
208 433
487 489
442 469
433 491
214 438
28 461
191 195
92 323
120 501
205 221
218 533
96 121
344 445
460 525
260 409
135 139
77 198
45 431
2 332
400 414
129 167
316 420
274 544
144 195
93 311
69 380
260 278
6 348
122 531
84 265
164 316
285 492
4 240
211 270
257 467
332 405
377 382
144 372
270 525
212 372
148 291
362 442
259 516
135 355
257 395
120 252
246 396
374 390
19 245
272 452
272 492
364 442
242 249
178 402
65 126
21 124
82 533
23 382
195 201
40 224
286 385
100 194
125 332
313 399
53 353
53 73
116 211
351 519
6 391
207 364
145 351
112 435
242 548
184 219
98 403
208 225
159 393
228 242
34 254
16 128
193 523
175 373
80 274
183 350
243 391
387 487
153 384
251 321
141 487
39 415
488 543
204 207
381 538
494 524
299 428
214 336
219 269
312 515
377 528
1 256
158 205
85 422
166 436
150 534
141 444
251 546
135 386
408 475
61 364
130 422
177 219
1 262
110 538
313 344
289 336
438 498
52 158
69 516
466 485
85 321
235 430
255 329
444 457
66 264
345 368
324 431
303 467
76 339
6 541
121 330
138 328
219 518
242 387
369 508
48 224
2 254
33 91
314 338
78 117
337 535
48 294
181 398
135 379
160 474
215 529
5 509
97 257
241 499
154 349
347 406
123 407
162 196
223 458
113 378
209 324
127 512
41 422
317 330
325 423
405 448
437 484
150 461
299 306
383 446
140 332
456 536
125 483
222 513
401 413
212 362
265 416
37 238
123 530
397 536
50 275
92 249
120 453
204 344
1 238
44 299
84 359
159 312
363 497
402 470
146 212
269 448
244 356
226 506
77 103
82 235
266 287
310 440
144 403
274 287
3 165
57 387
222 325
209 231
244 255
57 90
121 481
227 250
44 176
417 486
87 239
40 296
108 233
252 448
98 298
149 356
69 365
122 138
208 271
87 141
361 536
144 449
215 528
336 353
293 371
144 261
22 252
160 321
332 439
71 299
1 317
74 451
40 439
66 108
45 100
212 521
133 358
45 342
113 498
297 529
122 540
170 373
132 268
41 94
92 298
376 416
95 381
334 475
246 425
143 464
98 421
215 294
190 380
364 422
3 410
399 407
218 342
31 538
156 188
429 477
239 364
85 175
169 261
366 501
122 389
23 317
414 469
200 294
293 429
123 452
3 33
67 503
408 536
422 446
349 461
204 227
16 409
182 223
255 549
135 380
1 552
414 531
172 426
13 394
178 316
246 542
131 154
268 367
339 350
75 393
90 298
53 325
227 262
194 488
250 268
292 549
188 297
53 374
81 160
422 542
100 535
277 532
268 284
148 156
241 324
223 279
162 362
318 324
162 527
399 444
461 486
367 517
113 252
202 211
148 467
471 493
48 136
26 42
309 417
391 455
12 318
66 533
0 135
259 333
7 177
134 392
231 275
106 153
343 419
64 420
24 108
491 546
245 389
110 519
292 511
121 385
331 482
109 171
134 448
51 120
51 534
60 445
330 425
122 423
321 352
5 369
354 534
488 516
237 289
146 167
331 530
123 473
417 433
159 459
124 294
138 467
77 336
300 449
261 459
44 263
332 394
34 238
267 390
19 417
41 122
276 411
101 292
262 403
33 359
182 523
114 260
248 476
427 497
296 482
86 336
261 357
339 441
206 322
529 552
54 201
266 431
199 455
26 552
144 175
247 292
450 460
217 224
393 520
37 111
199 242
408 425
117 251
475 487
57 468
73 250
17 413
90 191
95 151
34 492
37 249
17 542
458 530
206 244
163 169
203 245
112 549
46 445
404 542
351 466
87 372
133 316
84 160
45 241
161 524
454 506
58 65
9 353
75 178
275 352
9 192
132 352
493 510
374 458
348 544
397 475
22 70
7 430
246 501
64 347
8 465
433 528
314 498
216 460
321 390
45 456
447 521
2 288
283 407
115 264
1 322
139 399
178 454
530 531
381 437
438 453
18 90
203 364
220 280
163 543
173 389
194 365
432 496
113 475
175 492
34 102
184 341
122 482
419 440
264 461
130 523
70 373
79 478
169 327
36 396
265 474
2 408
33 139
31 349
174 394
84 466
114 293
385 386
96 499
492 505
355 382
366 426
267 536
95 546
24 64
71 184
537 540
29 474
194 449
184 322
393 402
4 154
240 549
85 174
4 320
13 61
116 472
156 281
122 544
177 307
176 279
230 283
372 511
431 452
123 233
160 178
363 486
12 324
413 471
209 516
83 179
12 87
123 479
52 470
46 56
126 148
54 308
36 103
230 483
168 368
226 502
504 536
215 377
107 225
285 407
13 510
270 488
231 415
395 550
186 466
377 446
240 288
94 267
271 353
8 405
119 330
140 547
427 516
130 153
116 302
121 218
20 247
126 207
295 360
101 301
122 232
270 537
340 523
393 453
282 467
346 445
211 493
308 358
299 340
49 538
14 232
87 274
355 428
189 505
170 347
65 165
286 317
44 189
8 534
260 299
215 395
144 154
185 425
266 272
125 383
207 301
376 387
133 468
125 469
163 190
196 475
69 372
314 459
284 505
7 531
321 393
441 463
117 431
440 474
366 493
297 416
236 456
251 374
12 320
318 464
298 419
418 517
371 381
393 455
205 227
158 222
95 480
143 452
82 173
104 120
55 323
385 408
112 423
131 501
198 416
212 472
173 390
202 292
31 293
407 471
297 393
209 398
180 341
66 168
224 375
36 349
120 347
225 252
219 317
30 496
128 298
129 410
108 474
40 215
137 246
349 488
22 444
178 410
12 200
464 516
115 162
100 284
103 304
274 388
132 492
196 338
46 226
228 403
128 239
134 494
212 552
70 402
113 336
280 435
167 523
147 449
4 318
329 343
474 523
37 199
207 519
288 517
100 528
106 247
493 522
316 385
54 552
379 466
102 112
73 535
266 375
345 433
108 266
49 322
23 103
224 545
71 128
172 537
211 239
96 288
45 243
14 300
8 126
312 411
181 248
33 195
186 351
38 65
316 437
155 156
170 473
132 176
117 221
238 419
293 466
129 522
58 322
437 461
192 346
61 260
7 234
394 452
342 361
163 228
118 551
158 413
330 370
72 462
176 448
129 157
186 446
17 422
425 552
267 340
98 423
199 542
178 260
48 414
405 493
124 347
301 406
76 510
453 463
13 435
52 480
264 406
43 477
193 295
340 454
90 489
137 139
87 150
35 115
337 404
261 343
234 259
7 329
38 97
186 341
166 171
106 252
210 532
94 492
124 352
493 522
58 419
33 395
71 105
287 411
280 361
47 348
386 402
132 264
280 295
474 496
80 340
333 447
4 16
280 492
81 98
513 523
488 508
384 513
208 219
149 508
218 334
238 483
412 502
116 458
6 240
351 544
290 390
236 435
77 392
103 369
11 204
218 491
199 407
31 482
5 279
220 318
37 475
361 380
116 324
47 193
370 545
286 288
171 387
200 334
110 274
234 471
278 361
226 459
22 192
211 539
20 175
11 43
219 439
181 428
237 402
439 459
489 529
171 213
43 537
96 256
152 237
45 417
109 375
326 550
119 459
37 53
24 233
509 550
175 233
253 318
250 274
132 349
230 292
48 153
38 230
51 214
162 350
241 438
80 326
262 543
243 363
209 548
210 458
501 507
14 385
416 479
255 472
261 265
300 443
96 98
258 368
71 89
87 99
61 486
11 180
18 422
146 543
11 300
501 521
20 548
231 288
108 530
288 305
171 357
16 18
122 161
74 326
308 481
141 178
72 432
118 420
397 484
242 514
216 275
231 506
24 134
505 535
9 107
276 533
128 436
222 370
210 486
76 289
64 90
339 477
221 251
138 317
91 121
91 472
14 409
148 281
239 249
186 473
33 478
436 471
221 238
143 272
43 260
320 525
209 231
59 498
292 383
65 493
337 487
236 542
216 298
252 286
142 222
102 286
79 317
97 287
90 384
329 450
361 394
132 185
412 532
75 112
450 499
2 41
77 499
186 464
264 365
227 533
260 295
339 442
139 309
102 516
95 256
158 409
98 328
57 473
133 456
4 440
20 156
152 536
126 402
60 432
208 473
507 524
47 288
108 435
356 458
56 131
55 482
285 544
153 458
279 433
124 534
263 380
69 535
24 53
316 496
249 326
396 467
53 224
359 441
232 465
254 315
320 345
184 508
85 547
139 416
98 214
358 457
367 507
429 459
15 440
161 439
29 263
261 317
44 94
133 174
374 454
90 368
315 365
35 178
254 279
5 500
314 507
53 409
445 473
56 232
2 425
95 387
75 440
372 400
230 336
410 422
22 195
83 496
261 354
261 474
356 535
215 231
140 498
266 425
29 343
160 391
300 470
76 449
221 471
110 514
233 389
321 468
36 130
295 464
19 369
52 415
372 418
35 503
243 501
458 506
195 395
253 317
133 423
350 458
179 469
482 502
170 273
144 537
186 499
221 238
64 378
20 256
127 250
236 449
153 410
419 484
284 379
28 324
49 147
121 360
67 222
335 341
206 328
90 539
172 193
283 384
231 379
159 329
108 191
89 450
216 222
409 439
425 462
16 204
297 452
347 440
397 474
337 400
219 451
366 414
162 360
331 418
223 322
307 331
166 311
137 476
30 232
0 54
131 418
286 507
77 393
164 486
348 352
295 436
479 510
162 315
141 347
129 375
173 520
81 477
111 541
348 541
203 221
287 435
100 452
173 469
55 552
223 312
68 186
186 187
237 518
217 390
25 353
38 283
107 512
119 121
402 519
143 264
169 421
64 288
27 65
92 206
314 393
180 208
400 534
30 212
193 528
107 179
383 443
346 534
2 544
19 107
275 533
212 371
175 482
271 375
463 491
54 138
67 490
188 532
238 399
16 364
4 344
151 171
264 492
247 295
136 233
393 425
48 422
457 468
418 471
41 88
87 89
153 465
349 365
67 220
239 442
73 100
174 259
34 121
176 536
331 539
240 395
202 389
3 156
9 545
225 318
473 487
296 399
30 374
483 540
214 407
59 338
133 273
13 470
273 508
374 403
48 235
115 208
461 469
9 220
192 493
89 407
56 147
347 508
62 254
274 439
167 358
508 510
431 502
36 212
155 436
346 512
40 219
13 23
144 292
100 468
398 507
9 42
241 374
422 451
126 205
13 210
8 64
288 528
230 294
178 490
70 284
16 104
318 323
311 428
90 422
162 177
334 352
85 183
125 299
160 226
407 452
155 484
74 386
394 548
58 401
33 269
96 486
341 529
139 198
13 447
113 526
216 376
132 225
183 469
417 500
398 517
380 440
194 325
133 159
60 356
462 477
87 192
63 378
244 286
59 426
2 486
298 449
95 160
46 365
190 461
304 484
184 440
50 351
485 510
216 468
32 533
294 382
264 327
189 449
371 395
95 369
61 226
85 292
181 256
355 456
38 339
474 484
117 141
164 199
8 533
103 461
179 430
191 424
188 294
290 369
16 423
9 209
140 512
87 109
249 425
347 372
152 420
63 246
55 465
226 313
83 120
117 295
295 388
305 454
479 489
35 126
73 363
27 112
151 385
20 53
415 457
81 215
448 534
117 126
42 228
0 360
29 132
54 253
32 165
70 240
109 546
306 310
298 470
96 133
53 188
120 332
78 407
149 258
406 481
105 547
10 531
100 300
270 422
81 153
320 396
299 406
236 369
54 440
424 437
161 493
251 314
65 499
33 550
182 528
105 387
163 327
290 512
470 501
341 438
71 119
228 505
170 339
19 428
151 193
314 329
205 303
227 251
170 458
67 186
232 376
257 396
82 330
163 309
82 125
508 518
183 432
10 344
276 517
419 454
93 109
305 519
57 217
72 312
183 444
16 382
120 396
405 496
3 25
171 418
468 544
328 414
129 237
477 501
57 525
344 410
202 321
100 147
288 332
87 495
351 445
276 319
255 439
2 441
412 434
66 482
252 259
357 470
267 269
22 266
31 406
113 538
105 460
23 319
91 240
56 525
264 345
2 203
173 396
256 323
137 306
14 118
151 374
333 484
45 186
43 486
160 336
454 480
88 518
240 258
5 518
355 401
91 307
423 464
200 383
351 371
161 358
323 507
320 437
179 419
130 244
287 448
248 503
169 496
315 413
95 168
0 431
64 169
476 508
203 495
355 474
402 418
174 454
69 321
173 503
488 531
387 458
32 447
337 493
172 376
57 166
183 234
24 311
348 541
71 540
353 383
357 537
375 444
525 540
295 400
271 388
294 405
84 523
97 478
29 124
67 526
75 186
135 495
195 223
34 549
12 338
108 448
270 302
220 429
18 522
184 254
259 321
69 129
4 70
165 552
442 522
162 489
138 399
10 137
22 503
433 468
127 384
196 349
274 414
8 497
117 458
100 148
208 308
332 551
352 472
65 250
68 101
79 221
466 490
246 311
107 304
142 379
171 313
237 424
10 171
286 436
449 520
329 408
156 307
283 526
165 324
252 459
275 414
305 466
307 477
101 291
106 347
36 277
57 503
27 138
159 395
150 507
244 357
405 442
418 482
137 222
181 446
214 528
19 367
83 422
293 304
44 74
231 440
201 393
7 105
219 438
145 166
147 190
24 524
358 465
18 198
281 449
228 280
4 208
75 474
243 465
140 286
460 461
43 409
388 455
203 531
307 435
220 355
136 422
56 295
90 108
199 367
32 472
239 361
13 204
94 246
3 287
183 409
30 393
55 514
230 474
161 497
308 440
91 213
189 215
190 260
378 402
415 542
455 513
307 451
174 425
126 302
23 30
475 525
88 114
212 247
154 245
148 412
81 174
291 398
355 358
15 60
22 201
209 214
131 447
231 389
455 540
49 167
39 484
101 281
186 227
150 499
32 360
105 157
34 540
230 469
161 274
127 499
39 61
285 431
226 349
287 460
122 260
347 502
68 540
237 498
135 296
59 462
227 263
134 517
429 543
521 528
1 216
335 504
65 128
425 493
232 346
26 526
212 313
229 454
25 312
438 542
85 104
446 487
447 501
159 472
188 275
324 429
58 114
4 87
54 263
0 203
42 316
199 312
216 512
339 440
0 51
79 329
442 464
131 213
144 225
198 395
1 160
96 206
178 542
184 306
220 378
92 239
175 380
383 396
260 483
205 296
284 378
129 206
292 477
168 186
42 121
228 364
32 484
133 290
70 296
95 398
58 425
0 395
15 418
304 337
38 154
332 497
228 256
83 440
139 355
336 392
337 461
86 297
82 260
326 504
147 542
56 132
98 469
188 353
2 263
330 390
435 519
101 387
184 435
113 152
412 549
324 442
23 107
217 415
220 340
102 539
135 528
361 489
333 423
424 459
272 489
107 242
259 519
296 492
255 427
169 172
28 266
223 330
182 293
46 540
61 112
159 429
120 137
428 526
135 457
47 60
23 289
109 369
116 497
22 206
85 500
121 395
68 468
130 280
353 497
61 214
15 271
145 526
134 435
405 464
65 389
235 352
261 516
507 543
33 444
78 367
192 482
259 391
206 217
82 537
173 270
421 509
230 423
190 242
0 380
400 514
270 355
3 354
211 382
348 371
239 302
33 235
268 378
143 551
524 543
68 376
140 396
7 550
261 367
150 331
80 344
127 273
381 463
223 250
173 410
152 287
348 390
160 254
210 552
110 316
316 402
10 69
146 219
67 99
357 485
31 92
359 413
404 545
358 528
72 333
336 411
134 304
61 542
110 353
162 464
313 505
170 506
323 454
279 439
250 472
76 502
423 427
38 247
5 395
122 159
257 442
26 127
190 433
218 451
252 372
241 315
153 164
53 422
457 522
52 269
257 401
34 199
86 150
116 484
321 382
134 231
106 364
138 251
23 278
332 466
153 242
117 505
226 409
429 498
2 344
210 221
207 226
165 215
105 125
311 312
85 493
62 238
335 530
274 436
71 191
111 222
336 529
118 519
232 314
135 513
1 541
76 310
267 478
443 477
394 411
47 353
19 71
230 427
5 356
134 542
95 317
341 370
62 551
452 548
9 294
168 187
340 381
3 379
105 480
72 200
202 446
433 520
153 348
82 150
21 130
117 309
97 121
304 464
293 351
14 178
453 484
311 350
51 482
27 198
157 411
281 315
210 405
71 92
109 164
153 455
4 424
42 87
91 237
377 515
202 215
6 463
259 275
130 400
254 311
205 506
7 144
25 60
155 390
149 349
101 200
418 502
117 523
5 517
54 342
97 149
420 435
316 323
38 287
126 507
41 344
181 418
75 473
393 422
222 303
265 314
373 381
31 140
175 443
108 336
61 233
91 421
222 275
78 433
93 290
408 547
56 428
275 464
66 103
229 383
81 217
33 119
240 272
352 508
113 165
329 502
203 351
285 485
49 273
109 372
22 30
333 491
99 106
202 288
453 514
105 400
141 142
251 552
231 252
181 350
253 348
464 515
18 123
89 175
57 378
150 382
211 488
166 401
532 539
90 246
88 485
494 496
177 242
314 353
121 309
71 138
45 410
89 545
176 422
125 489
160 464
145 146
70 271
171 219
313 360
235 422
371 487
192 334
16 49
189 359
32 39
467 479
288 307
348 460
120 544
6 139
40 458
218 406
58 481
134 261
127 311
88 248
4 188
422 483
46 136
123 318
181 278
125 237
127 503
298 441
73 349
396 550
333 394
232 279
237 497
207 488
272 517
343 422
506 550
276 496
211 375
66 436
27 509
237 434
232 306
259 264
78 381
18 416
27 382
299 303
339 406
144 198
66 370
363 520
106 241
223 374
52 316
275 364
390 471
255 535
252 427
316 382
252 508
138 323
3 131
183 295
55 293
206 546
64 336
6 62
90 92
73 521
17 205
165 349
124 295
173 451
117 404
43 541
19 20
87 345
221 355
77 486
257 261
86 104
127 286
329 424
134 417
97 355
79 311
288 347
361 429
8 386
155 458
354 413
50 79
101 226
359 491
314 452
56 469
173 508
61 385
147 425
140 308
331 520
437 495
23 415
293 445
171 444
32 309
78 401
187 295
15 546
466 527
77 385
200 363
129 136
133 146
365 405
237 368
62 503
409 492
