100 4950 99
13 20 672610
4 48 714033
34 52 447191
32 78 825321
22 79 886194
41 47 605475
18 77 632286
12 96 785265
26 79 402898
11 40 554225
37 91 262784
89 97 83590
37 38 587272
19 25 533276
0 40 476805
57 95 819179
20 48 993214
38 68 505375
1 36 416899
30 72 93663
1 15 406865
55 87 666417
78 81 968970
23 64 810769
23 98 611216
23 71 580745
11 53 454948
6 57 123482
38 61 67652
3 28 349098
10 38 987505
23 78 752184
21 52 990796
78 87 217984
11 74 856931
21 31 497461
26 36 333424
5 96 391675
33 98 125308
83 97 794184
76 77 648819
11 88 38508
51 87 897317
52 55 316178
52 56 764364
22 34 588362
7 93 536943
68 76 842518
3 87 353921
33 35 311222
9 37 28725
38 93 248237
17 59 653286
1 93 810973
33 69 991128
3 81 234346
15 18 884008
17 53 442775
41 90 72432
65 71 61033
6 41 168720
3 12 256524
25 70 829668
5 25 594185
63 78 340748
22 55 452852
50 53 217325
15 86 968920
17 36 552134
50 64 497868
59 92 209353
2 24 809911
14 67 141014
14 68 352417
20 61 804539
9 87 174291
40 46 472575
53 81 534656
42 74 259304
59 63 845442
21 65 504508
20 22 849507
66 69 484519
43 92 682155
30 51 385070
24 49 859448
43 51 528045
10 79 23953
3 74 15445
7 95 873660
13 99 543744
10 76 926958
36 83 678431
24 95 72310
38 87 541118
74 89 845971
19 87 42134
13 90 143198
69 86 551856
4 49 145498
22 48 304448
15 47 429894
24 86 64408
17 76 427653
17 72 666761
49 89 872911
45 62 75258
26 92 580951
27 64 148636
21 35 673885
44 69 794736
54 84 679221
12 40 883051
13 71 406555
15 46 103539
15 57 925199
65 95 101253
92 97 831783
56 88 613329
62 96 666479
67 72 194038
95 99 34382
11 52 829959
20 47 541032
86 89 580648
7 53 48683
18 54 92100
73 78 324057
50 60 277260
60 71 926558
13 29 607391
14 33 905833
66 89 752170
12 91 311423
44 70 584177
19 31 76166
62 93 27301
36 62 357057
40 45 91521
10 71 708321
8 71 776865
0 53 293291
67 81 466035
8 43 910705
23 56 570964
24 92 528569
35 48 38866
53 89 426793
41 82 23186
58 98 937908
54 99 82955
18 83 825895
44 96 144935
2 89 940661
13 14 558489
32 72 257990
73 99 40598
12 87 288456
40 71 962073
26 44 869462
82 92 683494
3 84 490959
19 49 139506
58 69 135700
34 75 138402
6 19 861422
61 78 162213
45 69 683340
29 71 470209
48 86 449376
12 86 157457
20 81 566159
33 58 14122
27 70 292946
19 91 667129
20 62 775238
42 43 695959
73 92 936009
81 97 234889
1 78 958020
59 62 439407
9 67 720826
24 70 291520
21 34 690710
42 87 882051
46 57 523088
31 64 705340
16 76 236878
23 75 249725
30 93 830254
19 80 689665
45 67 916468
42 91 705616
33 79 586723
60 95 350122
57 99 651891
25 41 613209
41 51 671047
8 69 38602
31 75 206440
31 66 483200
57 60 209456
7 8 296695
8 53 540420
15 22 15936
79 99 139229
1 30 222431
12 85 157759
20 51 909153
84 98 523327
39 63 707962
88 90 587761
47 85 506070
13 57 248436
24 36 901506
7 97 420421
20 39 742128
18 27 638769
4 18 770632
83 96 727990
82 84 107921
28 82 182911
25 28 486294
24 52 23201
44 81 265845
26 43 828563
13 81 291667
15 35 293129
0 86 178766
23 55 664323
62 80 170809
15 68 501635
44 86 901074
94 99 382691
7 37 134203
3 10 124199
43 80 71838
29 30 930980
81 93 830214
35 42 85139
10 60 332366
30 75 66198
6 22 101725
16 73 7042
33 81 743982
36 47 331687
48 69 484675
9 52 443326
53 71 522462
43 73 614303
7 61 264833
42 77 916137
13 82 463450
16 89 190416
4 78 880806
0 49 223558
6 33 259919
32 87 959393
17 19 925517
68 72 888238
66 82 226592
21 30 382494
78 86 27094
17 18 355810
59 91 208447
45 94 29666
10 34 350185
27 37 30981
12 36 674941
37 66 140091
42 84 11624
8 57 530980
6 47 799722
55 90 573228
33 47 907177
72 90 234561
54 93 724519
63 95 675450
5 51 656026
26 56 464543
12 13 61213
11 49 83755
58 88 730319
71 75 353417
2 21 219008
58 97 87542
23 63 753239
30 60 572562
70 77 491056
23 79 524912
28 59 557081
42 81 437654
18 23 356073
60 61 137944
79 85 458526
53 55 66525
70 95 47205
3 33 843818
22 24 635230
0 33 629637
31 34 103111
34 80 827502
37 82 815283
8 89 148266
69 70 636840
67 94 730381
33 74 209585
42 78 102236
12 68 366157
20 94 827896
3 6 581363
17 94 578793
1 19 119521
40 53 988205
43 71 554919
43 49 496605
16 69 828025
4 56 431601
67 90 866548
72 74 855837
18 93 706472
16 53 943730
60 67 104958
5 95 166514
38 94 592335
40 66 263523
27 49 734069
13 32 239378
37 85 528901
51 95 116697
39 89 759392
54 71 457035
40 52 993410
6 32 670115
49 97 602799
3 25 428600
15 42 479231
79 82 134064
6 25 863772
40 98 581875
35 69 404166
54 90 211569
30 42 906990
7 31 162420
30 47 181415
32 53 961865
15 56 775081
28 57 264060
26 71 415970
47 55 262535
11 44 106286
12 77 996594
48 60 293451
33 96 723453
40 88 326881
51 96 469124
7 94 432626
3 69 889286
19 43 934296
28 42 79328
29 55 797027
14 62 744939
85 99 101268
22 83 758288
13 80 910854
74 76 248137
58 82 232386
22 78 366556
19 90 933888
0 23 487133
3 11 594134
19 47 771711
45 73 471050
22 65 98457
26 77 578720
47 74 379046
42 90 58740
61 95 225726
2 82 758978
30 62 237721
45 60 895010
82 83 956300
90 98 879929
43 85 758119
45 96 247083
15 44 791502
14 20 22965
30 86 585314
9 54 897457
10 75 607483
57 96 668775
4 89 17651
44 98 826907
16 66 343141
26 33 312971
0 75 855168
33 88 297234
24 74 247356
9 58 147682
20 33 304863
42 58 679187
10 40 721410
21 38 601316
1 68 966638
63 68 841038
9 29 134677
21 75 177468
96 97 756177
18 19 669699
21 69 271318
66 78 28058
2 96 353691
24 93 229328
3 91 770329
51 72 688277
13 92 716774
60 73 919970
13 27 224883
24 40 680162
63 90 406113
22 59 464292
24 98 907625
12 27 154901
9 27 695771
46 76 536118
57 78 319654
43 86 303713
61 90 956074
10 88 715971
31 61 800001
34 72 159058
30 79 768529
9 68 221013
87 99 631729
7 26 608822
71 95 609806
25 73 816880
47 76 974087
9 83 8935
49 67 75097
36 67 127967
5 37 464772
15 20 105136
7 41 368831
24 56 709878
8 37 549488
44 65 138180
18 68 18642
11 60 611172
15 90 505597
49 57 625453
85 90 230198
16 19 774688
62 71 624048
17 92 383081
21 48 324335
86 93 241182
62 72 114838
54 56 431088
21 44 188589
12 18 553562
22 49 876216
20 66 289841
49 70 484081
43 94 494717
67 74 996983
75 78 459396
25 38 501276
33 80 545769
8 81 325068
3 99 209559
19 77 300029
42 45 589224
1 70 21380
26 64 13035
45 61 969577
30 82 874949
25 98 570360
48 87 100758
0 73 423992
41 96 836569
0 11 657804
7 32 866008
31 39 123046
18 95 75090
47 75 474127
30 99 465034
40 58 669609
39 98 278084
57 98 749562
13 55 596870
31 98 584654
38 42 788803
53 97 948575
11 32 235244
32 73 459141
83 98 596345
5 71 354983
33 40 265286
25 64 377591
39 66 190595
14 28 946297
32 91 602550
65 91 878299
64 66 383912
39 96 846202
54 89 131106
72 86 439022
7 96 18646
32 63 784675
32 79 959017
29 56 49150
65 79 405633
51 53 110061
7 15 885804
27 43 184883
59 73 264954
61 82 753061
21 81 388655
3 14 971143
44 89 626317
63 73 309545
12 25 447771
37 39 172804
60 86 304088
11 37 99670
59 86 293564
12 83 169267
2 60 631546
41 89 490147
5 87 817161
10 24 585919
26 94 224317
8 11 567354
6 28 570424
66 72 445332
9 64 140853
14 87 975208
9 90 128492
48 85 641063
17 99 245498
0 62 280119
41 70 934699
21 76 749405
23 43 619203
39 54 31847
5 97 781771
59 81 467451
40 61 347011
26 35 664247
38 82 570026
61 62 374963
59 82 579936
38 46 304929
35 46 778384
31 35 791175
47 52 90140
13 79 695600
83 86 444039
40 80 215559
52 66 900427
35 43 213275
65 87 240723
10 56 342047
28 94 746236
57 97 402969
2 58 53483
27 35 125903
84 95 810937
36 57 999152
1 53 880935
68 81 37202
10 45 247363
15 38 544107
8 90 554006
26 80 276701
37 49 848076
29 74 321549
11 75 191137
14 88 297562
1 24 684473
74 87 362204
20 67 874537
48 53 405872
18 40 300689
14 49 494956
67 69 5896
0 51 514556
62 66 592841
25 32 936559
67 79 936183
59 96 863869
21 24 264738
63 81 17748
5 6 311812
11 95 343646
62 77 87315
8 70 254304
0 2 867230
56 79 719479
50 87 426389
72 84 560633
42 69 185674
1 85 813027
58 95 637265
6 44 166331
0 83 97443
21 95 224249
53 77 158396
25 40 422588
20 38 807934
16 46 886734
40 76 947751
31 73 532858
22 50 730748
26 31 637462
60 66 159287
93 98 608939
85 94 738361
10 43 172053
59 85 997587
37 41 76594
49 96 607349
71 86 88463
45 49 574610
17 67 477039
2 14 688386
68 95 411554
0 89 571812
49 60 197607
19 53 806710
30 97 569916
0 14 939395
38 84 621560
33 83 698063
71 72 412220
86 95 352573
22 45 695412
28 69 488182
4 38 693724
8 29 435443
50 83 474512
85 98 198482
8 96 669892
13 75 203049
45 76 566898
30 54 909505
90 95 96947
5 93 891704
28 80 301308
17 88 331999
1 73 934872
53 96 533766
2 27 956376
7 27 286996
38 70 528361
25 54 284976
54 82 326650
38 45 998026
4 65 717960
77 97 355678
76 84 661603
58 89 728487
37 79 270990
15 28 992384
68 94 662898
39 75 464924
19 56 967296
6 39 608469
6 17 533187
22 72 755719
3 46 293780
42 48 29024
14 52 114096
1 39 16894
43 72 984397
32 65 175429
12 89 798800
22 35 742598
31 72 860151
32 35 101168
40 93 557364
85 87 15721
14 99 668764
5 40 223523
52 75 200979
65 89 312902
9 31 122154
29 70 471567
5 47 809684
24 28 100738
7 50 964061
55 56 888672
0 3 615812
24 46 822568
5 59 127073
51 90 775571
16 98 691804
91 97 542020
34 97 32676
13 38 770171
29 62 405265
32 52 401196
46 62 97757
4 47 667735
12 52 113924
3 55 619271
15 84 567637
22 92 293989
5 7 89042
28 74 505050
8 77 905657
3 39 444131
15 97 11200
19 54 133908
36 97 698521
46 82 637701
23 70 427954
47 58 807215
53 85 655750
47 88 547208
31 89 593495
40 97 982887
55 88 617767
22 97 934474
60 70 270424
42 92 13481
50 55 287206
69 88 632014
18 44 778983
11 34 680122
0 26 311970
18 97 457956
44 74 255308
24 87 303365
67 95 86629
59 98 445145
59 61 630056
15 95 603701
52 67 588317
53 60 347998
0 10 132012
19 38 618899
0 68 631921
28 78 738298
6 27 26567
12 26 291701
4 99 925810
11 14 37087
37 76 553553
6 37 358856
2 9 8716
55 80 796955
73 77 768871
6 69 78222
63 65 155288
2 61 909488
21 98 593648
39 43 621031
26 96 343436
60 92 313198
16 86 630102
20 73 990555
79 95 823778
34 87 948328
6 68 120198
19 74 613138
12 64 834987
18 86 639238
72 79 524131
78 91 951795
9 12 591692
12 94 682270
8 94 696165
54 64 947819
5 41 300686
12 51 28206
3 86 766849
26 34 726685
53 82 490727
5 75 859265
3 21 941044
16 55 447943
4 21 802124
3 89 72667
62 76 118990
47 86 963908
11 98 271785
12 63 886637
41 86 393874
77 98 797937
30 39 342403
27 48 447358
23 96 871944
86 94 992231
7 25 206582
13 22 251251
56 81 8756
20 70 736097
16 70 211555
11 50 554761
35 47 34640
53 61 316434
86 87 131055
0 18 492017
16 37 353315
22 31 552591
15 81 323644
5 90 880451
55 95 575888
33 37 348865
66 73 450330
33 39 662239
14 58 411167
48 77 931862
65 81 204909
17 61 35595
39 57 224685
14 57 86922
33 45 781255
5 13 91896
87 91 718039
46 79 283864
9 45 611179
14 80 356786
28 90 444295
22 42 703292
56 96 567153
0 80 371938
29 72 26767
0 88 907304
8 33 174469
37 57 813451
12 24 370514
2 25 887100
61 65 521538
51 59 989566
37 53 478781
20 43 806395
33 56 300860
93 94 644835
23 83 678044
2 35 2856
50 80 177820
20 29 581679
8 24 307696
39 97 376736
20 55 758924
12 44 472775
32 81 706901
38 49 391542
77 94 555262
33 50 196696
5 74 50425
14 64 973670
7 22 147003
25 97 484874
9 72 29064
80 87 481100
26 42 402582
23 36 647886
8 56 525902
15 55 41960
82 98 590156
10 42 990506
51 52 924793
65 92 441247
81 86 816260
67 75 888181
33 53 122563
5 26 122739
43 74 702683
44 90 211357
13 39 693862
3 80 144136
25 44 431251
9 93 302731
71 96 735672
0 96 305130
12 35 522604
29 39 73315
41 46 422556
38 53 842618
50 82 338324
74 94 411178
3 51 648293
25 48 467967
6 99 83350
5 27 817464
2 15 89763
11 77 795728
54 61 785991
1 12 139417
57 77 290078
65 86 925271
13 33 266589
58 81 814321
82 97 199904
26 53 350882
27 42 770164
67 88 379638
6 61 350684
9 36 342127
49 74 344967
69 72 584483
15 45 625157
12 34 389437
62 86 492033
41 98 137138
27 93 809270
41 87 690183
48 55 65610
10 72 82684
10 78 866182
22 44 49138
32 97 83306
9 85 956775
43 95 91081
39 70 612103
39 85 152577
4 23 659960
13 85 676578
16 38 333197
23 37 233339
40 57 57965
18 33 643067
14 29 160622
66 76 223814
29 68 216669
59 83 844637
23 51 125369
3 94 31290
53 72 976324
39 86 586795
61 77 621650
46 58 993346
56 83 559181
65 74 188216
47 69 297953
39 79 52032
0 5 788811
35 82 304710
21 46 377235
48 62 194176
1 10 319074
2 47 137108
55 63 258082
7 18 555738
25 84 232606
38 55 709431
75 95 134332
76 93 87840
30 85 245402
49 82 169632
12 67 850735
8 19 116352
50 59 831201
41 61 498529
24 61 211819
23 72 97197
46 96 574926
19 79 771286
58 86 711610
28 61 949716
69 78 284068
1 99 174840
54 65 542115
25 95 566574
5 79 980540
56 76 312142
9 51 375920
67 84 518151
47 78 206567
19 73 729375
44 93 843724
92 96 449409
52 62 303238
9 63 95812
13 66 577130
21 27 512429
11 21 123544
55 68 280436
8 58 563600
15 82 810451
2 56 68432
0 6 72385
47 72 992268
26 29 72603
36 91 523491
0 58 897132
47 83 932566
33 91 714734
77 89 440940
16 58 539056
1 81 954654
19 92 271262
46 49 717997
27 87 105428
46 90 444769
17 98 402761
68 87 193582
4 15 947749
17 82 505993
35 77 981859
52 88 700263
13 47 368454
38 89 171168
46 91 798440
5 24 595696
68 90 627742
20 31 691898
42 49 391565
0 25 952651
38 96 664171
73 97 113997
43 68 711743
53 83 343935
22 82 102576
76 88 735271
54 70 166501
35 37 838353
51 88 351117
23 35 101954
84 99 946962
20 85 251098
45 74 481286
12 22 879113
34 66 731875
17 37 139457
9 42 354128
1 3 377960
61 86 980823
13 59 826449
38 72 10397
0 64 681031
16 28 908625
1 79 463181
33 66 582318
32 51 973413
37 87 251633
28 71 135395
30 61 96466
21 91 60126
39 71 568537
63 76 541314
4 16 905065
13 21 68
67 78 664663
15 79 768666
63 74 173247
85 89 518149
32 44 569612
41 88 120288
6 76 605936
13 63 643828
45 98 574063
3 47 992683
57 92 487556
48 72 705670
26 93 523293
51 65 492138
68 97 719007
58 87 359191
38 63 375831
24 88 328539
18 42 708451
48 83 156529
3 59 799640
12 23 654661
11 15 817424
23 42 403809
49 87 268374
69 85 806458
52 65 99527
34 51 453524
79 97 488383
17 84 406154
72 95 976062
21 25 675532
66 74 765662
40 54 740777
12 71 926134
27 34 577984
21 39 431077
11 22 856602
14 32 213133
5 22 691988
26 68 354709
24 27 416920
22 64 32058
10 44 277950
16 67 41224
20 59 500518
36 58 349569
4 60 970956
6 71 760183
42 83 310247
7 35 561929
30 70 201359
8 83 663354
47 79 871395
11 38 195490
45 72 316143
56 94 235644
43 45 37050
19 58 698059
44 53 230708
26 49 767633
27 72 794673
40 65 353678
55 81 579914
15 58 619417
6 97 339509
65 97 749692
39 64 266689
84 90 799367
14 74 819322
47 96 781953
25 87 615977
83 88 156320
38 97 521801
57 68 432901
11 51 155330
72 81 453702
20 32 601802
11 46 943400
26 28 458799
95 98 511504
28 32 735072
89 99 687049
35 71 804527
45 75 187537
70 92 260234
7 38 78535
36 85 91382
7 17 146170
44 55 222707
16 57 586485
63 89 644313
7 91 88671
5 92 207781
64 96 535295
9 48 916396
32 34 816567
16 91 50124
50 71 714837
18 37 164893
34 58 878429
9 46 184529
25 90 903273
41 67 899896
11 24 47240
6 30 503540
71 80 57026
6 46 690073
78 98 777
0 98 490178
44 71 673161
17 43 714043
61 66 124906
37 71 590946
83 93 652245
19 99 951322
4 61 977798
19 41 191535
6 26 471551
16 45 938926
30 81 924667
53 74 995274
12 41 10957
35 61 64947
47 91 380107
25 80 173146
50 81 915247
29 40 444509
53 78 481028
52 82 841834
18 98 395836
22 63 338464
41 64 729236
46 85 89691
11 84 733507
53 69 84983
5 67 613114
69 79 222819
21 88 723470
18 21 415289
5 56 189175
1 16 934320
29 58 405622
27 99 890694
20 25 35670
42 80 743010
35 83 286165
4 88 397621
6 72 369271
60 89 698162
64 94 911606
32 37 702146
35 54 596878
9 60 566993
68 96 828669
34 36 726126
76 91 367763
50 62 409140
56 92 903044
7 60 687777
47 62 728752
3 27 633927
71 98 903674
47 65 316030
4 54 500281
58 66 935848
37 68 360665
65 73 727923
32 67 394513
24 42 71616
6 52 836142
26 78 692034
35 44 870344
28 37 902960
51 89 383762
4 34 960422
73 93 124603
56 57 862177
17 25 347972
4 69 531795
33 38 404230
0 66 895527
12 82 103266
10 14 149800
51 60 476668
63 91 806029
27 67 335180
81 89 396979
26 63 151274
56 91 614362
47 59 582001
22 93 382382
22 99 745474
10 11 844232
4 24 633194
15 23 775607
54 96 645604
59 75 494449
21 89 109031
12 88 946202
55 72 125060
39 94 186602
16 30 102480
66 80 801072
33 46 111269
59 60 702388
44 82 104317
43 47 512593
22 67 694848
63 87 26534
55 65 108073
41 56 148642
5 43 230808
6 90 544086
23 86 605141
19 42 227069
25 37 312052
48 95 804501
1 82 108651
45 48 682280
47 49 890012
43 84 713697
51 76 208757
71 99 913115
90 93 215109
44 57 248855
49 63 450001
15 61 561677
4 28 640587
14 89 145436
29 76 458816
72 98 524833
8 20 558458
7 49 528060
9 24 803620
83 87 452126
10 12 957251
7 9 90212
13 45 94907
40 63 722881
87 95 652645
92 93 300584
25 75 820221
18 79 92228
8 50 679926
36 41 965446
26 27 393893
50 99 26629
7 62 902024
66 79 871600
30 35 587949
27 31 395992
7 92 9598
29 53 767656
51 93 451810
21 47 609415
10 22 974654
49 75 269397
23 47 756004
6 66 471334
56 86 86764
41 72 896985
66 77 189830
10 86 580296
24 83 510675
22 51 96344
5 53 19267
35 72 42030
8 60 998216
64 95 313339
60 99 873700
9 21 742067
25 45 626425
51 86 355344
31 44 573455
39 67 270857
94 98 574861
10 80 604426
21 40 515711
21 60 215493
46 93 830508
60 79 696649
87 96 346365
14 71 320486
80 82 539211
63 83 187544
34 93 53157
6 60 703853
27 78 384435
23 46 479453
19 78 156445
55 74 852752
18 61 264144
18 78 204270
21 53 498794
44 97 922914
9 92 669676
28 97 506698
2 20 351967
45 50 775140
19 44 440634
5 39 730841
20 82 261651
51 99 256114
45 99 510362
52 84 373074
65 69 43347
16 80 757368
87 90 632455
31 45 987719
4 30 190378
63 71 555235
0 71 661609
76 81 321457
72 73 529381
19 64 370113
71 79 650420
9 35 489214
30 67 178731
38 39 762539
42 79 311596
4 62 182146
1 50 750276
46 98 662762
55 96 30881
29 94 579333
3 9 464429
38 92 137349
19 52 877080
67 83 859680
49 56 122987
33 97 862438
29 64 834104
19 59 179467
25 69 827279
18 56 936899
24 71 137696
38 88 957215
32 46 178828
9 77 141973
48 54 966240
11 31 823375
58 91 318288
82 96 679722
26 66 571734
44 50 582844
68 85 301834
16 47 121511
67 97 879601
65 90 573261
15 21 274939
17 39 424574
80 83 607936
60 87 984965
29 45 351413
62 84 33553
13 54 661596
32 69 576195
49 72 604598
23 82 422042
26 50 617124
11 13 4985
36 82 559456
1 18 989173
86 88 931277
24 38 50997
63 66 155718
1 83 125453
71 76 471979
48 75 677961
62 87 204596
9 69 223273
81 99 180416
34 90 644346
38 67 529190
75 89 76994
22 81 402157
20 87 387199
64 92 831482
55 60 405021
26 82 609413
4 22 876814
55 85 416004
51 73 132972
1 58 254564
84 85 372177
1 32 368338
15 87 430793
0 22 771060
5 99 590818
28 67 351283
47 94 177818
45 58 186476
40 89 950735
52 61 240459
82 91 768126
33 75 191794
14 79 263446
11 63 377630
20 80 356414
4 94 426852
31 74 454615
9 76 864775
58 64 560527
3 85 736556
2 46 118003
34 43 517882
4 79 867497
14 56 162771
41 99 341998
23 65 487428
32 50 191194
0 78 216313
82 99 381088
2 97 21599
74 92 658352
15 94 503751
0 16 438716
7 76 237388
75 99 99437
0 50 212064
7 90 582790
6 85 555970
23 77 172400
9 50 108919
16 93 847067
62 75 771069
25 63 956747
24 80 518163
26 89 339802
5 8 263791
38 43 439013
77 81 890379
11 70 864028
37 86 190961
66 95 503553
9 38 79461
3 38 654577
51 80 595404
35 53 929741
11 90 41982
33 70 700723
0 20 755574
76 94 365554
14 25 997912
33 94 522925
97 99 997579
35 51 928541
28 45 4531
29 60 387819
33 49 554676
49 76 239661
31 71 430326
70 86 873616
64 90 205500
18 45 311318
4 73 740168
25 43 563116
5 91 933728
16 51 217536
5 78 734015
63 94 417245
84 93 232467
30 74 212469
44 72 108707
67 76 77993
12 72 709992
39 46 382200
4 8 16471
6 11 294364
4 41 953893
2 43 217329
20 90 626433
62 70 705545
46 52 293146
51 75 394720
30 80 525945
2 11 80551
40 75 382515
27 79 343606
18 29 24429
17 21 858123
56 63 289935
0 12 847660
16 78 338534
28 81 374195
39 61 257198
53 56 107636
7 72 930754
77 88 271508
32 60 937805
59 87 662455
46 66 299019
0 30 971558
16 96 742352
37 45 30498
45 71 471538
19 70 389952
18 48 938446
59 95 167490
38 60 485623
60 72 785276
13 88 463858
42 55 274353
61 89 80290
4 11 403592
91 95 851819
16 83 483698
19 82 448777
41 66 979632
16 90 356314
17 65 137840
58 60 830356
23 53 524200
22 85 476218
39 52 379444
25 89 429564
4 87 708400
5 14 482257
10 18 768363
52 94 655891
58 83 909667
70 91 66933
34 63 597091
19 88 68868
20 71 109595
47 93 374218
4 50 940243
15 85 603606
10 20 869996
67 70 756193
28 62 661902
56 69 377845
43 81 908196
24 65 106971
30 44 853218
34 61 564459
12 61 737065
10 98 746293
26 85 233073
0 92 788624
4 55 154748
24 68 938831
6 79 969895
12 55 905663
40 42 460525
27 83 184778
27 97 978080
27 45 397235
53 87 848763
49 52 576917
10 66 520832
86 96 372947
17 93 756015
14 61 370173
53 90 968271
4 90 977403
44 80 648396
51 58 449873
31 92 897970
61 69 907811
72 76 898749
40 48 486706
11 16 145942
78 95 76506
36 54 746042
61 92 905552
18 38 110013
42 61 278912
2 78 20064
27 47 338815
54 80 529177
62 63 873776
10 30 983647
29 51 548233
75 81 854107
25 66 239710
33 57 160939
1 90 853004
76 80 798196
6 55 29475
44 63 394848
84 86 101916
61 93 120386
18 99 959001
29 67 794435
32 66 702777
18 76 886483
10 81 477707
13 76 365836
27 81 258327
51 56 144684
17 80 788736
9 32 991393
35 97 108425
35 89 269845
12 21 281954
30 69 685738
58 72 793816
19 76 436834
54 81 904314
80 97 706698
36 95 471374
24 57 81823
14 82 144806
20 89 102416
41 73 80197
64 86 885608
36 72 256007
57 65 507108
10 25 606614
52 98 161709
36 61 833795
7 54 879347
25 50 286507
34 62 385211
33 54 158077
1 9 170184
70 85 587716
18 72 372044
68 89 528739
11 87 275551
34 95 533043
88 95 567865
59 78 674294
7 36 651141
50 66 792907
8 98 905109
66 97 628288
7 30 439704
39 78 794124
10 53 605270
23 45 872398
26 45 257970
18 87 626434
38 47 83679
13 52 23833
53 59 48127
27 62 242568
74 98 901073
37 62 34206
22 73 742496
0 28 535336
80 90 890568
41 91 567303
14 78 492809
2 98 562252
46 77 18832
43 83 859191
68 99 462309
17 28 122325
10 55 921515
56 85 461045
10 94 168615
14 95 13768
29 73 835048
16 71 630821
23 54 682808
23 41 554472
60 64 65701
55 64 841732
77 99 907425
61 84 652223
5 73 291476
57 62 465679
4 66 279063
45 47 393699
16 54 25463
74 97 382858
91 93 659216
8 27 857659
28 72 817819
30 45 344775
44 77 171794
7 10 728735
33 51 558651
0 90 269770
24 54 279402
76 89 687133
7 77 640273
18 39 312399
15 53 707463
36 59 190801
52 87 610479
9 43 182858
21 51 540088
4 17 203229
1 42 785823
16 44 477269
35 66 548442
43 76 826491
68 98 625735
4 72 507738
15 48 584942
18 57 336636
35 85 382552
2 94 865958
78 79 881472
19 63 165217
14 41 871436
57 94 103735
26 98 79838
53 75 42258
28 53 647028
9 74 626852
42 51 170544
36 43 795718
32 58 970161
47 68 371346
25 52 42605
43 70 453902
15 63 131070
16 79 529746
59 71 39011
1 62 434185
0 70 818130
16 32 995586
20 23 974881
56 59 404490
31 37 788418
37 67 168195
19 28 564255
34 92 230588
77 93 759666
7 52 602327
4 9 634112
6 91 793406
39 83 162267
20 41 311054
23 61 848638
47 77 536087
57 83 256062
32 64 665276
46 97 415263
30 48 700351
79 90 109586
34 48 912394
30 84 744656
29 37 290889
1 74 294822
6 14 632318
30 59 817858
6 35 317117
36 39 390367
73 87 530994
6 34 333888
9 34 240251
27 44 373992
25 47 256035
33 41 240560
16 64 929901
11 39 378060
51 64 160871
90 99 636444
1 55 704605
23 74 555334
32 96 796405
13 61 190310
34 82 469760
6 18 610657
1 57 226308
70 81 206569
61 67 638347
7 59 544698
11 92 741550
17 83 25065
3 4 474348
44 95 690467
79 89 364247
47 95 806634
12 73 36864
16 31 396075
7 29 928558
59 68 160836
79 94 650699
36 55 613602
21 71 551182
3 92 495482
58 93 233629
4 36 70277
33 72 39596
4 37 45242
10 67 639189
7 85 858284
46 65 139459
18 52 669884
19 68 65481
7 69 458887
8 54 337758
56 58 902575
49 66 196576
45 85 391575
33 64 395325
42 94 7176
43 64 30045
5 86 976077
5 70 620052
83 89 374156
20 21 436154
14 73 890875
0 42 352771
15 62 475734
6 92 210341
33 67 435322
38 77 11016
61 87 309854
19 60 770810
77 96 289365
39 44 933872
0 54 350930
75 93 580845
34 40 617370
2 18 935615
31 91 581005
79 92 751979
29 96 232868
9 19 263720
6 65 445
85 95 258331
45 90 454153
19 46 733336
1 72 828398
46 63 474800
11 54 428242
45 78 832604
5 89 973683
56 77 410900
43 65 157656
78 90 385231
2 39 178270
26 40 583212
3 64 419524
42 85 252170
81 82 847911
65 70 974721
23 73 636508
21 28 713113
2 3 840033
1 97 193269
43 79 70205
78 93 559976
15 65 20188
42 93 291697
31 52 192425
31 51 660686
72 77 810384
7 33 796982
29 99 585875
28 47 885048
77 90 802039
65 84 663403
66 91 389482
13 89 854019
35 75 734542
22 54 268564
1 61 922062
57 59 395136
22 69 512208
61 98 989691
85 86 382638
25 34 424194
26 67 79061
10 95 188475
56 62 522095
3 43 600564
11 47 658459
52 58 430051
39 87 814320
13 34 22485
36 75 899312
15 88 424671
50 52 990969
65 78 986557
47 64 813611
49 84 733455
2 16 760214
75 90 8829
40 43 128661
4 5 383768
32 59 504937
25 61 514321
51 81 370079
0 37 831816
46 88 868956
69 98 850508
14 70 502784
26 65 727417
37 50 432159
8 42 247057
37 97 220502
11 89 606294
30 63 627859
36 84 748718
22 68 870221
7 46 743670
86 97 936646
51 82 109948
40 96 899524
9 18 464417
1 13 736149
18 74 823931
37 81 374069
57 66 915654
68 86 209939
21 63 865553
30 65 655113
29 47 838706
31 82 313128
57 90 759680
44 84 826390
6 95 728288
4 46 520716
27 63 384373
63 72 478601
32 61 258883
7 71 488275
55 79 161732
15 76 200633
20 36 324531
14 36 890339
18 32 700631
44 60 976366
37 47 467138
85 96 926177
33 42 961322
23 57 293745
1 56 681733
48 76 148889
17 63 902186
37 72 621451
20 78 541922
58 68 944744
7 89 226107
16 94 143398
39 76 691806
18 65 964983
80 94 751259
6 77 821712
6 53 224139
35 99 104778
23 44 396046
52 57 613137
26 72 358549
27 73 749978
11 96 733935
50 73 414037
88 99 34015
35 90 568914
41 71 253937
21 32 629373
13 31 617504
62 90 851311
79 88 288666
36 98 893693
23 99 614994
2 76 330710
17 86 917003
13 67 32572
5 48 43521
47 48 760322
48 64 460660
8 28 11136
8 49 286186
24 99 927143
73 96 89881
30 64 274635
46 78 636286
14 81 771545
53 54 583035
73 89 969175
0 91 864252
26 57 751530
3 23 293324
57 86 52824
4 25 340333
17 95 313469
57 82 360748
31 54 777214
10 97 984758
12 76 13666
37 56 774508
35 68 950418
48 97 532008
3 82 479510
13 74 580856
59 80 756808
53 73 338599
25 49 177189
89 98 582916
2 74 488651
0 19 591974
84 87 244209
9 78 23989
26 38 16577
5 32 806839
64 89 272194
48 56 56781
37 61 567365
56 84 159735
75 87 765473
10 54 73649
43 52 347986
33 63 164167
76 96 212969
29 41 964288
31 85 495611
80 91 239413
5 64 34098
16 36 849350
33 61 384901
43 88 36362
16 21 716432
70 89 723322
68 79 909943
0 76 172058
38 85 197115
26 76 632722
15 75 512147
1 4 980634
10 62 155151
53 64 8153
3 70 686051
54 77 278283
2 45 388535
3 15 732419
48 67 314835
8 68 763757
50 75 963418
29 91 389783
74 90 24501
17 73 777179
2 53 459369
37 59 49681
50 93 507045
31 80 15457
40 91 259872
8 55 69774
62 92 901842
11 91 277550
28 65 836300
28 58 134001
34 88 83485
63 79 977408
21 58 759066
10 58 88748
81 90 938284
24 72 975886
11 55 99129
54 92 730722
72 91 927381
73 81 379088
2 57 984646
19 93 574375
14 24 455275
8 86 664228
52 69 571862
6 62 999324
47 71 608317
58 70 827887
5 94 686191
14 98 899957
61 72 295164
56 70 9588
46 71 275190
31 40 307112
72 89 318433
25 72 446290
87 92 430031
34 45 535763
82 90 760700
44 94 523628
3 35 49038
40 41 357915
7 16 669889
59 76 298533
33 52 807404
15 77 881712
29 79 112308
54 55 443442
62 88 845782
4 77 840292
10 84 985147
14 66 814538
27 98 762234
58 59 179448
22 84 866805
6 73 984827
85 97 127290
36 50 167169
48 80 717339
34 65 512128
58 77 316991
15 31 713821
6 29 375910
55 94 217497
12 98 553653
37 46 832994
9 71 888566
39 68 863591
1 48 577001
8 44 258313
50 65 251155
13 26 57809
5 10 408241
22 41 963644
3 56 667651
1 54 713339
15 91 503559
9 26 353457
25 42 905779
19 83 684282
9 59 567508
23 29 236952
34 54 741361
17 27 583620
6 82 738529
34 39 700151
21 80 142190
7 13 658049
6 49 562864
44 61 28240
36 74 14447
8 40 731227
66 86 760769
39 56 157488
65 76 879325
34 85 974972
39 42 465236
28 63 91567
27 33 672482
53 57 152866
3 50 516108
48 94 550237
29 89 738442
42 71 847149
52 93 227430
15 96 271873
55 67 227397
24 90 751364
40 95 465136
46 73 484804
3 19 781651
11 99 130826
9 62 590955
26 70 96795
10 13 396485
25 94 351669
19 37 224156
10 90 767631
5 18 567764
23 31 721272
22 60 179337
26 37 248180
41 81 121217
61 75 961749
20 92 17771
67 87 805997
26 95 471440
7 20 595996
22 61 115458
3 78 978973
38 62 703411
51 57 891262
69 92 689806
52 74 360077
81 85 221947
8 16 88897
5 66 72279
55 92 212590
24 96 496536
39 73 406709
24 29 386442
8 85 288211
46 59 333493
13 46 954218
57 88 477864
9 23 466463
13 25 103290
30 89 855958
14 83 270191
76 85 433364
27 77 191560
14 59 460317
60 69 141822
42 66 677002
61 74 537362
15 50 683608
20 86 548661
15 80 339311
79 84 755328
45 65 491255
45 83 801044
6 42 668855
37 69 562203
54 87 739493
31 58 505455
93 95 225434
3 79 224394
18 84 938858
13 17 726070
2 64 234131
55 93 670205
3 65 60350
35 67 77978
16 18 327270
10 41 654363
13 15 117486
5 85 562287
27 95 905958
5 63 845388
36 63 559371
68 73 637140
69 90 389751
22 74 701261
36 78 957057
27 60 167838
40 73 487884
70 93 457154
22 66 792784
80 99 227777
4 7 704449
69 75 638991
29 75 90935
73 95 579693
45 68 228614
12 90 597480
72 82 489845
29 80 895599
38 65 110938
18 85 148337
62 98 878256
41 49 960757
8 66 311030
22 27 826529
18 49 527488
5 77 675894
51 85 954875
21 64 173136
27 40 853017
32 55 238555
9 22 877792
37 60 464627
30 36 823068
48 91 279754
8 17 89128
15 59 269187
0 85 952619
21 94 842028
55 70 345975
47 99 970094
67 82 62948
35 93 623803
50 76 877182
40 99 748972
10 16 267270
85 92 920862
55 78 649957
22 29 73544
1 26 53669
6 80 698432
1 7 87440
16 85 708158
28 96 767308
75 94 150257
47 56 970214
17 91 905512
55 75 719229
6 67 899612
32 75 359122
49 51 9127
27 32 89296
2 23 61013
54 98 891394
3 71 2981
28 79 354805
19 50 770323
20 69 771657
2 38 156126
50 89 891205
68 70 777278
11 28 751323
78 83 425621
80 93 118887
28 73 338200
95 96 209696
42 44 917977
3 93 481226
61 79 607864
38 69 374474
8 39 585541
70 87 539860
66 75 67732
40 90 144634
3 44 24004
39 92 175583
32 82 871294
23 95 169131
25 31 910344
75 84 763972
5 33 414455
13 69 928946
12 78 409546
4 27 909638
20 49 615872
24 63 756907
1 11 726847
7 84 578448
57 75 514252
27 59 230937
4 86 188199
91 94 649054
47 66 148594
39 60 414996
10 21 983452
35 49 859250
3 45 919755
1 6 566186
47 97 898330
26 87 690987
56 90 650124
68 84 143991
41 79 346516
46 86 607451
29 46 789112
4 58 245891
6 16 161265
58 96 591673
17 90 523459
6 54 391243
28 75 720655
58 79 242928
17 26 466865
28 70 194249
27 88 804366
3 40 352582
0 15 974130
17 24 789136
30 91 84979
43 99 751853
68 92 531712
46 81 979931
42 95 360254
56 75 822382
62 74 58947
27 92 52642
5 81 954385
15 78 38529
24 81 474474
0 35 780647
72 94 381527
16 63 209194
28 64 602267
2 8 663199
29 61 246738
31 70 416308
10 83 616268
55 61 518042
63 92 710668
14 17 627584
45 66 336838
6 31 361547
53 65 465268
62 67 957263
33 76 755774
89 90 99319
56 87 475970
83 85 796223
38 90 619389
59 69 699760
23 34 487673
36 96 170728
87 89 44278
6 8 63672
26 60 729544
74 78 543583
3 62 644529
69 91 580342
22 52 54954
61 97 992886
18 64 24718
25 99 201482
90 91 259082
35 76 173822
0 17 703739
53 84 262373
27 85 642188
60 63 652825
20 30 93580
18 55 345092
37 95 292548
24 45 744910
39 41 73977
27 86 936087
54 95 964554
70 99 663738
34 79 123637
18 59 127153
25 56 122814
6 45 419061
5 57 368960
45 86 662562
32 48 968000
40 94 484167
0 21 691558
30 71 885619
1 29 370266
39 59 202022
3 67 249498
9 73 502849
1 21 246652
57 58 178310
36 92 916621
27 54 126875
7 98 256379
0 45 19233
17 71 595746
60 74 309487
28 98 47159
60 62 686047
77 82 988054
42 47 6283
0 97 325022
4 13 919965
28 85 393960
23 58 679346
40 51 305416
89 92 785004
83 99 525177
42 62 149326
18 75 417462
41 69 180274
34 47 78647
20 93 604149
7 55 537853
2 13 729378
2 67 378206
61 80 896360
49 50 856506
35 40 206870
54 86 667108
46 70 881165
7 65 647945
24 37 816520
6 89 355596
37 51 634393
51 69 703599
19 97 91095
1 22 248534
57 79 189100
19 62 237931
1 67 618770
91 92 574717
34 50 525006
23 28 713557
47 60 224747
35 63 142642
24 84 741970
17 44 627878
42 56 363006
5 36 725221
28 76 669594
70 84 88144
50 88 294475
0 41 819102
7 83 65933
15 24 662644
31 77 502988
17 35 362884
13 56 798563
85 93 386227
39 51 876873
44 85 631449
47 70 593856
4 32 788085
70 71 837060
89 96 614742
74 88 765131
35 88 780380
7 43 529227
1 96 781037
20 91 278466
17 55 980225
15 27 2952
1 94 940822
66 99 109317
28 41 222219
28 88 984580
13 65 725527
69 81 941057
23 89 361986
2 95 722212
68 71 883748
17 58 171019
67 98 469909
32 83 369095
15 72 558376
31 46 420010
27 50 351149
39 62 625198
40 87 225304
9 61 558606
21 74 495655
23 66 304578
53 79 431874
31 36 479738
23 40 165359
2 86 329628
43 61 55619
15 98 675016
48 93 462517
22 98 747265
60 75 487268
18 91 656564
43 46 797402
15 30 592364
16 59 492232
2 10 493051
26 52 322395
16 25 871953
14 19 991230
8 67 895359
3 37 559615
4 35 988131
73 84 842741
50 51 273037
7 63 383079
9 13 813805
22 96 998989
16 65 746121
20 35 510659
56 98 127270
1 49 423123
3 68 698110
24 66 822454
26 61 236195
47 57 240689
41 80 457595
42 67 643076
44 52 22073
71 93 28420
12 42 580952
7 58 769931
39 49 238415
7 79 197712
34 64 365958
40 69 981696
35 91 762344
14 65 602603
16 82 926504
45 92 352443
75 77 870213
63 93 755008
9 86 943178
25 88 707708
62 64 50380
42 68 207200
6 93 249025
0 29 256280
9 33 525654
88 98 480403
40 55 639216
29 31 435440
21 93 192422
19 20 390493
31 49 291616
2 84 128773
8 26 542270
46 54 421889
59 97 567506
52 63 609747
7 45 469417
54 83 986580
2 79 775438
17 46 669777
10 27 529643
20 56 147086
8 97 918159
66 70 58429
84 97 175772
73 94 738455
36 42 747582
15 54 546543
49 73 761332
28 49 274870
51 78 951227
9 25 170940
52 77 667813
8 91 108084
9 40 368506
19 48 673273
17 30 968753
41 75 350502
18 88 966359
25 92 102045
8 38 747572
22 47 929621
43 55 503536
27 53 301190
24 89 458717
60 68 635449
64 99 665504
58 99 677968
20 28 341433
66 88 133416
4 82 186455
14 94 227154
20 58 961572
41 65 993622
25 85 786445
15 29 40413
75 86 148460
81 98 519177
38 40 215965
1 14 19539
53 80 758904
2 68 181723
54 66 183997
0 47 648137
20 79 275816
54 79 946723
17 50 841732
45 63 189051
50 85 458827
21 82 330482
10 63 850974
48 61 998986
54 58 450712
55 86 515549
77 85 224161
65 67 38007
0 8 769548
11 26 511714
2 87 137644
47 54 910989
88 97 226034
9 88 906598
48 82 398531
48 52 658498
31 62 741624
15 36 203863
36 70 690513
63 69 19822
57 70 78582
17 48 836199
45 95 481046
22 46 739414
29 92 304452
31 87 526112
26 99 554183
59 65 534032
22 37 723722
21 85 237225
49 59 518008
1 27 379689
1 44 393360
35 64 833112
38 75 548801
12 92 269835
24 51 647504
31 97 603356
43 58 536960
47 82 493003
45 93 844018
0 94 534802
62 99 778851
6 21 399678
16 56 912596
70 88 938268
5 98 136625
19 95 94536
27 69 808816
9 15 381936
4 53 198382
20 72 856991
15 60 773863
63 67 303354
40 68 371512
31 42 723432
36 46 477117
9 11 568529
6 96 309513
41 55 472739
73 88 524803
10 28 937568
41 52 826555
2 83 95702
46 56 833702
3 8 952816
83 84 181644
71 97 57391
22 88 106228
30 77 727219
17 89 912605
20 99 194127
19 29 984400
75 97 546819
8 92 481919
12 59 368829
50 84 115147
38 83 199153
56 73 452089
38 74 52171
28 40 291914
34 77 13498
59 79 185245
5 84 441940
12 97 566713
93 97 236359
18 51 174400
70 78 559515
17 40 107876
46 69 730818
3 52 749748
37 83 328952
71 92 835527
23 90 355447
45 97 936500
38 51 452537
13 73 198566
40 74 955797
48 92 643644
51 62 580365
28 43 10162
1 71 896916
55 97 137999
87 88 786989
33 93 455606
25 86 209618
18 63 389042
2 44 801346
25 74 354264
6 36 775119
45 81 578850
48 57 160287
65 80 308961
9 65 661801
19 51 561748
14 60 990798
9 75 60636
40 81 183537
33 65 672774
23 81 103945
23 33 827018
79 98 73134
76 86 705585
6 86 989643
38 66 758693
62 73 825799
35 52 283344
46 95 301126
64 87 314411
12 30 828265
69 97 730165
17 23 514823
86 98 632989
21 78 283723
8 79 228290
41 97 225408
13 97 887251
6 87 804882
30 57 747593
15 17 968518
13 44 445645
43 96 135366
57 85 731450
0 34 815030
46 87 15255
45 52 978483
60 98 994750
55 73 738672
54 73 739818
43 98 803726
29 95 111588
1 20 469049
48 50 474853
10 32 730433
10 48 634699
31 83 579362
32 86 988824
20 37 992572
37 58 929497
90 97 522839
14 23 638845
89 94 77567
30 98 506526
71 78 602709
8 95 519671
66 96 725790
58 92 8919
25 83 539317
25 79 444360
24 97 431147
24 59 579824
45 53 266579
7 64 850437
16 42 897980
2 50 675116
29 52 625317
51 63 248951
19 69 527948
71 87 597413
46 68 522693
69 83 924794
45 46 507510
28 66 155515
16 35 892918
92 99 199211
44 99 697545
18 67 553101
61 63 959230
29 88 951500
5 83 129263
23 50 486489
45 57 735233
59 67 185626
18 69 324622
42 76 678813
3 72 137515
0 59 677473
44 47 597291
27 68 527873
79 91 550338
16 40 332688
44 73 476783
7 75 262170
46 67 883811
34 67 406564
5 80 261759
90 96 590509
21 33 931672
47 63 989366
15 70 351927
21 61 340659
7 19 816533
21 87 527702
44 49 3386
42 54 55086
18 94 74601
27 90 202016
12 80 292558
8 65 911288
19 36 456369
23 49 885654
28 93 287983
0 43 740273
27 71 903978
73 90 717890
60 80 704491
11 83 356744
5 69 18126
94 96 194874
68 74 707631
43 62 696486
88 89 290264
57 87 348201
19 61 126289
43 75 699877
56 74 304735
49 99 813747
51 77 71859
8 13 607296
7 56 919186
14 47 67578
33 62 115952
29 93 249156
24 91 542316
26 58 884374
23 69 76040
77 86 882458
0 13 26068
3 41 856502
14 27 843004
44 76 339253
12 70 328850
2 91 668360
42 59 521605
16 92 147524
6 40 934724
25 62 148298
88 93 952278
56 64 317870
10 52 54182
47 81 990373
39 65 322926
18 50 761599
11 41 294240
31 68 617907
54 67 104867
12 17 111198
33 89 37931
47 73 640152
38 64 407167
13 87 800976
13 50 27310
70 98 316927
12 19 389103
65 83 525023
10 31 563777
12 65 799027
27 29 757257
30 56 362427
36 68 829894
9 94 434376
42 52 734859
38 56 999702
34 91 850480
2 31 769088
40 79 242474
30 32 444256
17 66 211751
42 88 753314
40 77 374925
10 23 271238
35 78 661057
7 67 897371
64 97 506251
61 76 291667
36 69 374369
83 92 721274
42 53 680481
24 67 407393
45 89 937093
18 71 149877
12 28 755435
24 60 415813
51 79 108889
12 16 778450
54 88 109731
33 86 975677
60 84 695495
41 76 593692
43 97 397353
8 30 402210
20 77 305031
48 78 639641
2 55 856999
35 70 631405
21 54 465245
1 35 11037
54 72 932333
1 64 425437
9 99 255350
12 62 814522
18 24 21549
39 40 590707
4 95 846839
1 88 744228
10 64 392070
45 80 631707
52 78 502340
79 96 404626
91 98 557595
4 96 563517
23 60 900429
12 39 787159
59 84 946932
47 89 883778
47 92 864870
33 48 865159
79 83 285886
17 70 364223
80 95 144030
4 57 826704
32 41 855480
52 97 808426
60 88 208451
2 32 230768
49 83 730641
37 92 996886
6 64 474802
12 33 229299
65 72 775964
80 88 370385
23 30 416371
5 30 962159
46 80 538711
62 97 404950
77 80 615417
5 46 631755
50 72 694297
4 67 910704
50 69 999418
53 66 93434
49 68 686219
86 90 118374
38 52 406538
66 81 158209
49 53 345369
41 60 653596
10 82 369237
19 32 389935
70 79 453938
26 46 281171
11 68 342669
31 96 926621
14 48 12468
37 78 502510
69 95 185967
32 80 448591
9 95 493249
38 79 776279
20 60 467801
14 21 375344
9 56 584046
40 82 777589
20 45 490307
7 40 344538
10 99 581615
11 76 821688
27 76 490627
38 99 234312
53 63 444575
24 39 234445
65 75 947208
69 87 229008
24 69 676046
9 84 662625
56 67 478371
87 94 50981
13 28 211342
29 34 146493
66 93 830110
36 37 16187
44 59 88813
3 96 462267
22 90 906643
54 94 635667
19 96 481372
63 80 525794
37 75 266523
48 98 750106
10 37 332785
46 51 29610
17 33 680288
52 76 772111
0 46 596851
11 29 824077
16 88 57643
44 51 899947
53 99 937057
14 26 526975
46 47 568602
59 93 484151
70 94 697066
19 27 927505
20 54 754510
6 98 573021
9 66 772064
0 48 716768
24 41 861443
55 83 149045
5 68 285904
46 61 589434
15 51 803716
64 85 164644
21 62 620792
28 92 213258
39 91 80761
16 20 659531
61 70 548037
65 98 408494
75 98 637518
29 84 34284
35 96 756002
19 24 511959
68 88 823352
14 37 812322
36 77 936894
44 68 246235
5 52 724147
45 55 91640
71 85 475452
2 28 563065
29 65 788338
26 32 273569
28 56 116204
11 81 61823
49 81 999007
41 68 124913
25 71 230202
23 32 3481
61 85 322678
35 36 647966
16 75 619550
19 86 559268
80 81 126058
8 41 352716
33 43 132434
39 84 749281
27 65 715827
48 63 895981
26 91 263106
5 35 652140
3 77 534009
82 89 201410
13 64 96287
0 69 204534
43 91 35426
57 63 576777
17 96 667409
61 94 376081
43 44 260643
42 73 874425
52 81 704410
4 42 830839
24 43 949695
63 86 894512
11 69 982380
47 53 821450
2 92 4968
74 77 534187
31 60 566783
62 85 231949
50 68 915456
10 26 16745
20 88 608782
42 65 323499
26 97 864337
48 88 156411
16 29 803615
79 93 570591
50 78 617782
2 90 892462
11 33 693240
54 76 464751
13 49 803151
5 76 191000
34 81 242558
50 95 287320
47 50 119575
3 7 957288
22 38 523172
24 94 751409
25 67 557046
9 10 87447
76 90 516232
19 34 6370
11 97 201918
31 90 894180
70 90 569320
14 84 555207
6 88 718677
27 41 74529
14 44 235499
11 48 192237
3 60 544923
15 26 139683
8 45 868357
62 68 891756
5 62 423798
18 96 407030
52 64 10492
75 79 676464
22 76 897882
49 86 104916
34 59 71823
0 74 528413
10 77 578089
75 76 83078
24 58 559893
52 99 751456
18 92 907210
41 84 189317
19 84 505008
74 86 205398
10 35 139138
1 89 898687
59 94 537653
51 61 342590
59 72 338363
24 44 510920
67 92 237484
13 78 864024
13 19 666106
14 54 771378
57 89 698046
50 92 152715
29 59 165664
16 43 544173
1 76 706118
24 26 316374
0 55 591113
29 78 592582
0 9 331885
23 80 963205
14 51 763429
7 47 557887
21 29 220576
13 48 709547
17 57 736191
9 96 949973
61 81 585800
29 86 593938
83 95 699802
62 81 937876
80 85 427921
20 42 868995
9 30 855711
1 69 955373
24 47 547125
30 76 280927
16 34 556131
54 78 274209
12 49 714260
30 50 847505
9 79 812575
1 65 121055
29 81 147520
41 54 725178
28 38 71110
49 92 842319
50 57 638464
26 59 412513
6 10 463975
35 87 853934
17 54 506528
53 92 93283
21 59 183937
13 98 542156
50 86 771312
33 90 536797
45 88 76987
60 90 686691
45 51 365829
50 63 792238
51 94 175306
34 44 694536
31 88 247172
85 88 932956
14 91 628391
28 50 824004
53 68 569843
36 51 470166
0 39 916825
28 84 463770
4 84 492499
21 26 413631
17 75 32960
71 89 416646
16 26 239122
3 97 788162
13 72 865111
75 85 211828
6 94 94103
33 78 523218
84 94 226695
40 50 635038
23 84 448082
36 86 122188
5 55 436007
60 82 48295
30 31 506385
43 77 37919
9 82 731244
5 28 45727
49 61 222003
2 88 834471
20 96 741958
48 58 778743
11 27 669931
11 59 255577
43 59 417005
34 99 710085
77 87 188138
24 77 594349
9 97 113119
0 60 668273
0 24 735092
44 45 121530
12 81 125767
55 99 679924
31 78 846960
34 89 873641
38 48 84558
6 7 264793
13 96 643117
67 99 650687
96 99 443525
31 57 711920
3 76 210751
34 70 453409
50 97 347826
34 84 915164
86 99 63966
82 93 716110
32 43 767018
7 87 419249
22 94 745492
10 39 414887
2 7 99931
1 98 606251
30 94 135095
53 58 650107
31 38 913115
22 62 958088
5 42 923203
7 57 332677
33 84 124152
66 71 989616
58 73 452884
75 96 276440
31 63 394391
48 90 935644
50 54 155609
73 85 100446
48 79 669449
14 69 96077
23 68 697841
45 59 332544
71 77 998575
70 96 55738
78 94 260325
6 56 434139
44 88 586834
35 50 151974
27 46 185705
20 24 89945
2 51 332245
34 60 488047
61 64 467252
14 93 583915
67 86 777348
48 74 297107
11 35 419222
81 88 735926
23 27 297380
64 74 839547
0 38 873436
20 76 434384
10 47 739024
20 27 88808
5 72 139965
73 76 369285
69 80 99150
15 66 194983
70 80 307281
88 91 75169
45 77 580652
5 19 689930
72 92 55509
24 30 245573
74 80 848493
38 57 570490
76 79 878241
56 71 650078
14 22 833431
2 42 308173
28 89 227398
11 20 472360
3 24 552461
6 48 880496
3 49 983636
9 39 541519
93 96 326834
7 68 431350
56 97 132725
74 91 543013
13 86 396206
3 22 350147
10 65 115047
46 94 92380
60 77 989371
8 12 48857
1 33 914092
82 94 996353
48 68 352032
28 46 310341
19 55 365732
9 80 335246
65 77 761250
54 97 382564
53 70 801177
58 67 563193
35 56 214733
23 39 387465
27 36 285958
46 84 709175
50 58 481071
11 78 762723
21 77 324145
63 85 523018
58 76 870792
41 43 267864
2 72 481702
2 33 79299
5 58 140224
42 46 472077
2 36 104361
31 33 374513
41 78 324621
82 85 49283
44 46 756130
59 66 817843
46 60 165226
6 83 22537
77 83 978442
52 72 480721
68 75 399594
63 82 563659
66 68 907749
8 36 931877
60 83 677877
19 30 822517
1 52 38461
59 99 755821
9 41 205381
23 93 771075
71 83 369076
27 75 549036
21 86 963835
41 83 215646
26 39 726624
11 56 744762
16 60 934924
33 99 739394
33 44 23541
64 72 7319
26 73 9956
96 98 646639
44 66 545386
27 96 142104
39 53 2752
8 87 599723
30 43 114442
22 89 797570
2 81 926416
63 97 982843
25 30 406181
8 31 824304
48 66 296877
24 31 811178
74 95 454516
20 46 35093
14 85 578489
32 89 465862
15 40 406743
18 70 142555
3 58 336435
61 68 119143
13 23 779910
3 32 866382
10 73 813051
74 84 888357
51 98 194257
29 63 36517
10 49 585477
41 42 912271
37 88 3546
71 73 285291
10 96 491558
19 57 823769
20 40 444730
36 44 404153
56 65 979973
5 44 511753
28 44 645964
31 59 550601
36 90 557871
8 35 155392
8 14 634208
18 28 339334
0 32 902512
7 74 101042
48 71 630162
32 76 936896
35 79 923342
2 19 287170
9 57 941006
68 91 504493
4 33 728056
47 84 351227
68 82 614550
19 45 814657
1 8 699263
18 62 264375
52 83 305424
10 50 801463
11 65 762511
41 77 99983
49 58 709343
16 81 47863
28 54 873104
21 83 62179
27 82 865753
20 84 261751
11 30 973451
66 90 788382
36 49 796684
25 27 623267
38 71 64437
57 72 50976
4 85 190639
39 74 35731
76 97 345693
18 81 982449
29 85 277536
17 85 990304
20 26 295382
24 78 57611
4 64 378577
72 87 565776
15 41 118874
72 83 211542
25 57 665923
7 99 704204
31 84 626137
25 76 211941
18 89 534896
50 74 66613
8 10 490182
33 34 277051
30 92 780305
36 38 168220
45 87 923864
38 81 842975
14 63 700905
94 97 840844
29 57 143914
42 89 516885
52 60 504135
3 61 907125
36 65 758513
57 64 854862
26 51 312131
40 78 958794
44 75 919761
32 94 127516
35 94 376175
48 70 976498
11 45 585895
44 62 510172
18 35 187245
30 53 251936
9 16 407438
11 66 384186
36 53 752360
37 40 493323
11 43 168648
31 79 395929
3 20 322486
63 98 886490
10 93 794643
24 32 730665
7 88 2537
4 93 511375
9 55 1266
45 64 269552
26 81 232939
52 96 737420
69 73 94499
11 25 402408
12 69 53928
4 76 265460
35 39 409439
8 18 937536
15 93 861125
13 30 441265
30 73 1227
37 73 812371
2 71 819754
21 55 706651
12 14 914520
10 68 235633
44 87 336726
11 79 239120
0 4 689628
40 60 655026
13 62 424486
0 56 336201
54 60 140134
46 92 34554
37 42 386652
1 23 311791
20 97 421725
70 74 543226
30 38 234173
6 15 824898
26 41 67797
64 77 437126
1 2 831659
46 55 645879
37 65 938992
28 48 565647
4 75 262955
17 69 483889
58 74 450404
37 52 677479
69 94 45635
66 87 107030
17 31 784277
1 84 419822
14 76 987182
50 79 102646
36 48 332221
20 68 222746
39 72 544053
62 91 194088
49 78 591337
6 81 39584
4 71 245418
32 74 691272
17 68 666020
59 70 406262
27 30 339269
16 61 82066
32 93 158486
3 13 261634
35 86 314616
23 48 703074
36 99 575946
32 57 799339
63 84 985361
17 22 938757
11 73 181639
62 69 661186
13 53 399333
28 36 878421
1 63 791069
25 39 686568
43 66 232882
52 86 921152
55 76 451843
1 40 222680
28 55 733284
84 88 832725
53 62 236067
72 80 571484
79 86 827902
33 60 411672
87 93 927598
31 53 490399
52 89 806028
14 18 308366
1 77 339820
90 92 516363
23 87 677809
81 92 40811
32 36 592353
8 61 394951
25 58 5536
89 93 814479
34 49 625128
72 99 797929
15 71 737509
74 75 183480
4 19 31723
36 66 922311
90 94 593287
5 9 953887
37 70 958763
23 76 336851
43 82 43741
1 87 35662
39 95 181987
37 44 512148
32 99 979730
81 94 134328
43 69 197113
14 43 527240
22 70 400276
80 89 134139
4 14 473126
15 73 914628
50 61 462023
8 84 101086
4 20 27124
30 66 526406
20 34 374326
6 51 835871
28 29 389327
34 56 515798
51 66 177608
74 82 276114
0 44 177696
4 98 914389
31 56 821208
45 79 112560
2 59 745755
69 77 230848
7 14 877764
44 58 743793
1 5 985814
35 74 455963
22 57 531017
22 53 203693
19 72 660975
52 92 797676
41 62 442171
64 69 297363
16 27 900632
18 90 931721
65 96 876794
29 77 563748
6 24 265480
29 66 711695
67 96 226132
10 87 21227
11 61 17847
24 55 18752
10 19 864501
28 86 722025
42 75 318815
17 38 274723
29 97 832322
27 84 527324
38 76 290799
44 56 739006
5 60 279700
55 91 748942
0 87 760243
17 60 850273
6 84 254069
5 16 292900
17 74 457352
20 65 381365
18 46 747333
23 85 423640
39 77 986945
21 57 874442
0 63 288409
33 85 329606
88 96 129655
9 81 214554
58 94 563150
11 23 94981
83 90 810613
71 74 738519
4 52 228617
57 91 725385
46 99 315635
9 53 318355
3 53 885112
74 79 884915
56 78 798911
58 75 825734
7 80 357181
29 69 35450
41 92 103814
12 99 85449
51 68 975822
20 63 703625
26 54 998411
48 65 859361
62 83 119306
4 83 857688
1 45 863741
8 76 467852
44 78 678625
15 83 655884
19 67 118169
5 38 604921
47 90 792527
74 99 240629
21 42 367794
35 65 248165
38 41 828335
41 57 893908
6 58 339704
69 71 409373
29 87 167503
49 85 139452
22 26 118918
45 70 921731
2 12 662670
58 90 157503
15 32 334272
19 65 582513
23 38 473274
0 31 653059
0 95 570663
20 98 115560
48 81 874349
36 76 220612
17 81 518160
91 96 937358
34 68 959626
50 98 601255
34 96 699152
24 75 13263
50 56 105844
46 64 891253
6 74 746815
10 46 635423
83 91 213159
49 91 569130
2 54 589508
47 87 705883
36 89 693562
4 26 461802
60 91 595612
73 74 384123
40 92 372307
17 42 687824
29 43 867216
16 68 267636
65 68 291751
12 29 975118
3 63 758274
2 29 392897
23 97 921578
54 69 158873
15 25 903586
11 64 908446
15 52 646622
46 72 626196
22 30 934743
29 82 832216
69 76 823038
6 20 190008
49 55 712962
3 30 468567
2 34 356175
32 39 684521
34 98 176988
68 78 64999
31 95 290249
31 99 681856
56 95 768611
3 73 406413
24 62 222817
47 98 803490
16 52 271530
28 30 331480
11 80 846017
86 91 889253
16 97 779007
69 84 388033
21 49 70567
3 26 273215
34 42 436341
53 76 115639
3 48 26343
14 45 216447
17 52 676865
14 38 153226
22 39 130797
3 95 254205
25 26 703700
77 91 270225
72 97 446954
5 49 656283
5 34 274323
11 36 375836
59 90 12909
7 51 675284
82 86 964740
21 66 462968
55 57 412892
68 69 746056
4 44 489489
19 81 978158
53 95 825759
33 59 807644
60 81 515028
85 91 935761
0 65 486446
51 91 724466
93 99 598756
30 96 568713
15 89 132882
61 71 950457
13 16 655281
44 64 426269
52 59 191612
29 90 448996
1 66 387798
67 73 18458
22 28 867755
34 71 564515
21 96 856739
7 21 342901
9 20 227715
27 39 524384
49 79 907453
6 78 891608
8 59 521766
48 96 800277
13 84 670095
43 87 654525
19 23 664232
79 80 873398
15 19 824698
49 93 596083
38 59 49462
67 80 90966
15 49 87149
24 64 189463
11 18 532654
41 44 17155
8 52 120541
30 37 957915
16 72 696768
44 48 177173
63 64 304224
38 54 910864
30 83 317335
4 92 930597
65 88 181242
29 49 685040
26 90 368706
53 86 598932
14 39 542871
57 74 818503
49 80 149681
5 45 733917
70 82 54472
44 91 879833
28 99 641611
16 84 659549
12 60 709595
22 58 575149
35 95 375874
19 66 861925
39 45 460291
67 91 608878
35 80 189300
27 28 781817
37 77 640662
28 51 134018
14 96 153001
21 43 197286
10 69 177805
58 63 301361
13 36 304624
18 82 939599
13 18 839176
48 99 624056
87 98 851330
77 95 426572
78 92 878049
34 76 714537
20 53 685751
8 63 663595
64 91 790019
25 93 138080
16 39 936072
3 90 652297
74 93 717083
81 96 829100
92 98 95256
32 40 656816
1 41 312777
12 95 868870
35 60 769683
45 82 541706
54 63 231848
73 79 954265
27 52 44913
7 73 240845
40 67 704058
10 17 774934
29 98 218334
65 82 834090
11 67 250996
21 84 472456
51 84 877373
67 71 281680
17 51 378654
31 48 322222
0 84 311737
5 29 194205
44 67 697213
2 17 875911
3 31 281450
43 78 155867
50 77 380701
57 73 785241
24 34 583421
11 72 504777
23 88 502646
2 37 732812
92 95 868376
33 55 959330
31 86 63720
35 98 906142
33 77 694386
8 93 73533
5 23 207767
54 57 218148
32 90 552032
22 25 633218
0 27 302362
10 57 596168
8 34 653983
80 86 913771
40 70 519088
76 99 502569
70 76 865488
39 81 247237
37 54 646629
15 99 911609
11 12 7987
10 51 460209
64 68 767613
2 40 964509
11 82 259368
75 80 653504
12 50 622001
27 89 737751
24 53 956370
52 79 455705
64 65 777640
2 77 916166
2 69 422663
3 98 150297
36 88 63113
13 77 621418
56 60 761150
78 89 315978
34 57 112045
58 61 723786
18 26 934219
7 34 513702
21 99 747269
15 69 435887
12 84 511150
77 84 61850
73 82 708668
52 90 700858
14 16 263701
40 59 330084
19 85 442774
42 57 646405
35 58 165690
73 86 530342
36 80 19008
38 73 942679
2 30 225318
17 32 848478
84 92 950829
92 94 16613
19 94 245522
23 25 473035
63 99 285731
38 95 722596
25 77 732937
11 71 97952
12 53 448885
30 33 926279
22 56 840974
30 78 522107
25 78 835718
68 93 406349
8 75 171378
37 89 533833
42 86 955875
42 99 916561
62 89 62343
36 79 900741
35 38 119695
56 66 281039
44 54 307610
40 83 898827
1 95 195611
81 83 650896
35 57 928291
49 77 454241
14 77 450310
6 75 807827
9 70 572340
75 92 814612
34 35 748579
64 84 913020
30 88 335107
4 40 712701
64 88 230191
39 48 870100
24 76 906529
19 71 397363
2 41 670652
34 73 675765
7 39 737039
23 62 730487
17 49 500676
12 32 336087
71 94 768708
77 79 942706
1 80 598401
57 67 222699
12 45 958593
67 93 771870
20 95 466778
6 50 179076
5 88 394467
54 74 587636
29 35 192630
33 73 550717
41 45 64332
42 98 298449
70 83 183970
66 85 961462
12 31 122271
42 64 87116
32 84 999438
24 48 454145
60 65 666711
8 9 45973
52 70 791706
40 56 779147
8 88 378814
15 67 288210
2 70 827842
7 42 724542
39 82 659488
4 29 136196
19 89 245293
18 66 838805
38 44 895005
91 99 223332
16 50 413962
76 92 591487
28 33 464613
65 93 845758
13 58 891635
24 73 351782
11 85 126557
25 51 993315
1 31 113776
14 30 716913
1 60 275868
5 21 445595
18 36 683226
29 54 892043
70 97 778335
3 36 521250
27 38 835582
0 52 253429
8 99 556022
32 70 363850
21 90 54251
0 7 100473
52 80 493921
32 45 857895
59 74 919709
13 43 125889
65 66 942691
17 41 272622
57 93 514823
19 21 193530
13 91 137784
30 58 616050
35 84 795298
49 65 90052
41 95 966017
78 82 577447
56 89 915806
26 74 500282
14 86 48998
6 70 700968
12 66 307180
59 88 106989
24 82 895851
71 88 239907
38 58 167192
52 95 6999
82 87 38778
47 61 938004
21 22 437228
35 73 202406
5 50 486499
45 54 792486
4 91 733611
37 94 949746
63 70 755074
71 90 81927
0 72 19544
4 10 134355
83 94 239401
18 47 24357
11 86 588577
43 48 366088
2 66 163157
46 53 920360
24 25 654114
24 33 775235
38 50 406613
18 53 585086
5 11 679582
12 58 647982
37 84 78848
19 75 243480
37 93 206197
55 62 825295
47 51 792972
22 80 519027
66 98 582027
71 81 543182
12 93 371423
61 99 71596
22 86 220630
9 47 567920
65 99 333660
39 50 510398
31 94 732184
26 55 91937
38 80 440899
25 96 365491
17 79 120587
58 62 959641
55 69 116708
60 94 288543
49 98 960290
63 77 456312
28 83 717373
78 84 445462
39 80 586676
15 16 159913
53 91 923979
8 73 758693
3 17 732038
13 51 673997
23 26 662847
69 99 507761
22 43 466161
4 43 219841
32 47 845941
13 95 456458
30 46 555109
34 41 193955
10 92 580138
10 15 429159
31 41 544391
27 51 482692
17 29 427634
51 74 291966
34 74 301281
31 55 336715
2 93 382391
89 91 182476
20 83 684964
4 81 68778
51 54 440272
24 85 708929
10 36 301727
89 95 723190
49 90 887001
17 87 329749
9 91 273351
79 87 705066
16 62 98066
18 30 366405
60 97 343054
22 36 642304
14 40 675039
41 48 192460
16 41 816161
43 67 387559
52 91 409743
25 81 973210
33 36 141641
76 87 350538
55 89 683766
62 82 466544
37 90 1543
2 99 402545
40 44 150435
56 61 803102
32 68 335509
98 99 658123
20 50 93964
27 55 777423
54 91 877172
29 50 178724
14 34 151659
14 92 669099
2 62 106199
1 38 744234
62 95 504142
48 89 211726
37 74 876086
37 96 116592
1 17 988209
15 39 201826
61 73 104698
9 28 502447
13 24 554842
8 46 134149
20 64 66444
7 23 681636
37 80 701432
23 67 81009
3 5 152453
34 53 737832
11 94 825670
5 20 587908
13 93 283761
64 98 162642
21 92 260399
49 71 456226
71 82 416583
6 23 491456
27 94 576782
59 89 579215
21 23 869146
10 74 806280
4 74 848444
72 93 366224
9 17 342891
19 39 183296
16 17 509262
60 78 73121
11 58 870509
63 96 130290
12 79 430863
27 66 306342
64 81 763963
8 51 433186
14 75 362094
49 95 590620
34 46 654685
30 87 778738
9 44 739960
8 23 185996
21 50 235493
22 95 780179
2 48 711854
71 91 492813
4 6 286148
26 83 993786
84 89 99705
29 36 471619
19 22 223508
80 84 122635
54 75 903572
27 61 7101
78 88 864432
78 85 791944
36 81 322890
21 73 495210
40 64 270373
31 50 684512
11 42 885917
46 83 445550
26 30 704767
6 9 730362
41 53 339462
73 83 850299
37 55 295515
16 33 415757
39 93 606608
16 99 83172
18 31 81468
8 78 463870
88 94 30283
42 96 88809
67 77 492907
3 66 594326
3 18 354912
45 84 69307
29 44 49598
64 73 708738
17 34 153218
3 34 358276
26 48 173033
25 36 239176
7 28 806325
73 98 953416
1 91 845383
4 63 642587
66 92 109914
12 38 995234
29 83 798597
4 31 245552
13 42 604055
41 58 841716
61 88 638194
25 35 727456
58 65 477244
19 98 637353
38 78 576870
50 70 527959
55 71 372224
11 17 443492
30 49 810616
53 98 291578
9 49 62690
24 50 694171
26 84 853971
80 92 855889
11 57 433603
41 93 279251
1 59 564964
63 75 72338
42 70 356033
69 89 96758
20 44 602714
19 26 955267
75 91 546007
16 24 611802
66 67 617474
10 33 138591
60 76 64754
30 68 894004
31 76 758744
34 38 11043
47 67 352218
25 60 44185
16 49 877348
13 40 927073
33 82 985848
51 97 657447
37 63 51646
28 34 598267
27 74 784854
33 71 720263
54 62 149228
67 89 459738
25 46 522708
55 58 73243
48 84 538594
39 58 183616
38 86 811461
14 97 305908
1 25 749139
22 71 256412
16 22 215634
51 67 69922
32 42 120882
8 22 244663
4 12 339725
7 24 547201
70 75 37644
66 94 850859
43 93 116669
32 62 634557
55 84 328261
39 69 92911
19 40 495502
64 93 51248
68 77 3366
54 68 347293
20 74 230281
57 80 411841
51 71 50089
42 50 987283
12 75 370297
30 40 463418
18 20 969407
13 70 714603
0 57 8645
0 79 363479
28 95 759702
26 47 375920
73 80 28175
4 45 572664
76 83 293723
6 43 150334
14 35 592793
66 84 708130
81 87 162947
26 69 14744
52 73 454517
72 96 78310
77 78 4228
27 80 493521
74 83 433498
29 32 972431
41 74 696709
67 68 678073
28 91 230137
18 22 869399
31 47 301632
77 92 203009
44 79 521105
59 77 49905
14 53 811169
35 55 691863
26 62 204957
3 83 186545
21 45 640395
36 56 32306
3 54 913820
25 29 976073
42 82 678780
32 77 277395
64 76 642646
7 82 328960
78 96 813934
0 67 922691
26 88 880891
66 83 690620
17 97 39321
56 82 135639
95 97 845471
8 32 238111
5 61 392693
65 94 522094
40 85 387684
64 75 829191
22 77 561537
76 98 394296
10 85 478468
28 60 799612
5 65 539805
64 67 918325
5 12 984677
31 93 968673
7 44 453860
56 72 978649
16 77 897781
18 34 690277
3 57 486673
49 69 916844
74 85 307691
53 67 77599
74 96 831871
55 66 90376
7 12 408168
14 50 31442
15 33 698918
15 34 467451
40 86 934777
76 78 781174
1 34 599010
17 47 722582
57 84 262514
61 96 70914
1 46 954179
12 74 864802
1 28 401771
2 4 697352
5 15 379048
39 99 227669
32 38 906068
44 83 831142
19 35 408190
4 51 273067
22 40 160787
37 98 875319
24 35 959538
48 59 380635
58 84 748514
3 29 67418
32 85 388629
57 81 555561
0 36 586301
35 62 884322
16 74 135167
5 31 648597
72 75 443187
81 95 689565
38 91 145295
3 42 876186
25 59 960490
42 63 817724
36 45 533129
29 38 152743
72 88 825799
22 23 513962
36 71 82655
8 47 650092
33 92 335824
31 65 279797
13 68 120854
30 95 449896
14 31 644297
71 84 608000
70 73 162762
70 72 469200
17 77 252610
23 59 408876
81 91 640640
57 71 827629
43 53 328911
1 75 614756
40 47 372886
62 78 747086
22 33 147978
61 91 2421
34 86 393043
73 75 427377
13 41 511914
18 73 749256
10 91 816556
21 56 574809
17 20 61461
79 81 206510
56 99 330557
21 37 949502
39 88 219501
45 91 552053
82 95 650222
48 73 394131
2 49 977043
8 74 808804
12 20 44022
8 62 949164
56 93 710924
49 62 688823
21 41 367443
33 68 695208
58 80 80926
31 43 990669
7 48 47013
53 88 68519
11 19 66235
75 82 683328
61 83 516833
14 55 408531
78 97 198648
1 92 709605
35 92 58436
34 69 850207
0 1 562020
14 90 336537
42 72 616605
36 40 757002
34 55 109584
36 87 506071
36 60 916808
50 94 183166
8 15 998686
39 55 330293
12 15 745223
41 94 527699
15 43 267935
7 78 549941
18 25 904907
3 16 919614
18 41 783461
1 47 600592
52 71 175505
4 68 430185
22 87 937057
57 76 730283
12 56 947405
6 63 94762
12 43 179658
22 75 820626
36 73 509819
7 70 295805
2 5 353467
25 68 935425
34 78 728761
19 33 434220
30 34 843063
44 92 499299
15 37 395465
60 93 353088
50 90 111028
32 95 750916
34 94 178824
64 79 792789
43 54 390977
15 64 150560
94 95 436705
76 82 396984
43 63 506400
10 29 998769
37 48 224548
23 52 470875
15 74 15884
55 98 268168
53 94 228355
12 48 159634
52 85 433322
16 48 31560
21 36 402718
33 87 569657
60 85 455704
2 73 879853
52 54 259571
21 68 79853
8 48 668044
42 60 960683
16 95 66788
49 94 745352
80 98 256542
0 99 642901
7 11 211436
18 80 930493
58 85 99088
63 88 458274
64 70 381329
1 86 894333
17 78 490233
13 94 276595
51 92 854954
46 89 110675
52 68 774351
51 55 638126
45 56 106345
28 87 860275
35 59 93908
14 46 912887
26 75 452018
51 70 860086
6 59 256858
64 80 840939
25 55 795724
52 53 423566
56 68 506172
24 79 84243
27 58 366164
43 89 42164
64 78 369322
6 13 307349
3 75 945687
34 83 417413
10 59 838508
72 78 324945
75 83 887330
43 90 363227
41 59 741517
68 80 247947
17 45 659840
4 59 938975
69 93 754785
5 82 384994
16 23 386749
29 48 108198
5 17 832638
35 81 496393
21 67 880973
68 83 492640
28 77 584492
36 64 884600
22 32 369971
62 94 343415
32 98 793001
74 81 16331
13 35 675063
58 78 281474
69 96 938932
18 58 777487
40 72 776766
20 75 22710
25 33 891722
0 82 252278
48 51 293190
8 64 546656
8 72 81940
2 22 968285
21 79 796731
11 62 831060
9 98 638233
14 72 266816
37 99 333197
17 62 776136
41 50 245007
47 80 24625
51 83 923862
58 71 366089
16 87 182826
54 85 972208
17 64 534043
62 65 826446
20 57 307109
2 63 409374
8 21 558869
37 64 299040
57 69 26540
69 74 19559
1 43 393482
32 92 461847
2 85 489035
28 52 188467
53 93 184347
10 61 798708
78 80 94315
54 59 489372
46 75 419619
41 85 979230
73 91 731271
50 96 282341
78 99 283346
35 45 630389
69 82 154547
21 72 120497
40 62 227473
43 56 614556
8 25 71812
36 93 852846
12 57 869862
55 82 127359
22 91 555137
8 80 909697
97 98 128266
2 75 181621
14 42 919845
62 79 274398
13 83 900971
46 74 149200
10 89 304016
0 93 507929
27 57 817021
25 53 384405
55 77 952963
88 92 49664
26 86 49460
29 33 355608
21 97 988105
18 43 206193
4 80 634536
2 65 797200
17 56 503352
43 60 963272
31 32 899159
12 47 531020
13 37 309561
39 47 316354
25 82 589431
64 71 925438
21 70 987636
46 48 141992
48 49 792759
40 49 17125
2 26 947308
50 91 936427
8 82 112983
46 50 617978
82 88 454971
14 15 221776
2 80 476035
30 52 710304
49 88 418526
33 95 502038
39 90 429843
23 91 692742
31 69 697571
0 81 553374
65 85 353525
59 64 999952
9 14 642248
49 64 716648
28 39 700171
64 83 525170
3 88 817632
49 54 400965
4 97 9148
29 42 721093
32 88 899731
7 66 764761
75 88 40849
5 54 38435
11 93 979161
32 33 905724
60 96 844246
25 91 990213
37 43 883050
34 37 764962
12 54 401120
12 37 345591
32 49 644067
81 84 396074
64 82 311704
67 85 917788
28 68 128431
7 81 797418
36 94 671781
32 71 642555
55 59 45084
57 61 808409
30 55 756470
18 60 154270
12 46 70238
0 77 100660
43 57 37162
20 52 912463
86 92 391486
35 41 476862
9 89 237988
23 24 612500
56 80 410003
43 50 887366
23 94 565937
4 39 489567
42 97 421677
84 91 850162
87 97 888267
36 52 742480
76 95 490026
0 61 365597
2 52 558605
4 70 827348
32 54 528364
80 96 623602
50 67 660115
31 81 351130
1 37 464192
13 60 240236
84 96 654353
25 65 546571
30 90 583939
41 63 312435
6 38 138830
7 86 147512
23 92 555766
6 12 448107
27 56 536118
30 41 472780
10 70 625489
28 35 109398
27 91 936505
28 31 734516
72 85 801188
2 6 944694
32 56 113516
31 67 819057
40 84 318628
15 92 176425
1 51 161268
38 98 423489
1
73
27
58
68
48
4
67
88
37
79
84
61
90
11
25
38
22
87
8
65
15
89
44
23
2
40
85
80
26
33
21
59
99
56
75
9
10
20
3
81
16
93
6
62
98
34
7
32
70
54
42
17
86
63
77
46
39
24
97
69
35
66
52
55
91
13
18
72
94
29
14
30
50
83
12
53
76
49
28
71
51
19
47
41
82
92
60
95
78
57
45
64
31
74
5
43
96
36
