100
1 21
1 81
1 17
1 8
1 83
1 46
1 99
1 59
1 93
2 4 98
1 72
1 1
1 92
1 24
1 88
0 
1 87
1 96
1 75
1 14
1 56
1 82
1 9
1 65
1 31
1 98
1 95
1 89
1 42
1 50
1 69
1 40
1 49
2 0 99
1 71
1 43
1 26
1 20
1 54
1 18
1 41
1 32
1 11
2 2 13
1 97
2 33 66
1 19
1 6
1 33
2 39 62
1 22
1 37
1 80
1 61
1 38
1 94
1 53
1 62
2 64 76
1 47
1 25
1 58
1 44
1 3
1 55
1 74
2 4 79
1 51
1 86
1 85
2 73 83
1 30
1 10
1 70
1 23
1 5
1 57
1 78
1 77
1 67
1 12
1 45
1 16
1 29
1 34
1 84
1 64
1 63
1 7
1 91
1 68
1 90
1 52
1 13
1 27
1 35
1 36
2 4 28
1 60
2 48 63
