500
1 23
1 49
1 380
1 123
1 189
1 186
1 169
1 252
1 52
1 331
1 244
1 40
1 399
1 291
1 229
1 427
1 136
1 391
1 55
1 232
1 81
1 96
1 254
1 497
1 45
1 166
1 19
1 465
1 108
1 339
1 197
1 17
1 152
1 297
1 255
1 170
1 328
1 230
1 164
1 168
1 236
1 190
1 72
1 109
1 105
1 347
1 289
1 476
1 47
1 182
1 284
1 98
1 311
1 78
1 449
1 118
1 114
1 378
1 395
0 
1 119
1 112
1 127
1 445
1 323
1 117
1 448
1 238
1 87
1 346
1 18
1 82
1 25
1 387
1 484
1 345
1 365
1 310
1 185
1 235
1 368
1 11
1 67
1 13
1 68
1 101
1 443
1 224
1 335
1 348
1 356
1 16
1 221
1 281
1 398
1 317
1 36
1 32
2 50 204
1 304
1 371
1 374
1 210
1 29
1 80
1 437
1 195
1 121
1 341
1 482
1 459
1 466
1 264
1 39
1 351
1 148
1 431
1 89
1 226
1 458
1 187
1 332
1 213
1 131
1 434
0 
1 249
1 287
1 183
1 251
1 214
1 85
1 57
1 143
1 402
1 220
1 290
1 7
1 300
1 218
1 343
1 156
1 241
1 58
1 6
1 453
1 196
1 370
1 462
1 493
1 99
1 389
1 56
1 350
1 283
1 491
1 432
1 358
1 107
1 397
1 302
1 225
1 237
1 306
1 461
1 50
1 489
1 28
1 120
1 154
1 71
1 216
1 441
1 163
1 4
1 319
1 410
1 442
1 472
1 321
1 393
1 102
1 179
1 454
1 83
1 334
1 193
1 326
1 452
1 414
1 76
1 416
1 245
1 487
1 33
1 312
1 54
1 140
1 269
1 228
1 447
1 209
1 424
1 44
1 100
1 227
1 376
1 116
1 403
1 128
1 21
1 247
1 273
1 20
1 467
1 413
1 198
1 146
1 199
1 357
1 492
1 12
1 280
1 139
1 8
1 485
1 320
1 499
1 363
1 316
1 494
1 257
1 344
1 173
1 275
1 436
1 355
1 259
1 457
1 2
1 110
1 408
1 268
1 159
1 322
1 422
1 172
1 324
1 184
1 433
1 366
1 217
1 95
1 104
1 272
1 385
1 69
1 309
1 282
1 411
2 232 429
1 43
1 106
1 421
1 138
1 383
1 479
1 412
1 124
1 192
1 61
1 92
1 288
1 66
1 165
1 222
1 75
1 267
1 51
1 430
1 181
1 435
1 342
1 263
1 353
1 460
1 327
1 155
1 171
1 26
1 417
1 37
1 425
1 115
1 303
1 496
1 400
1 277
1 278
1 266
1 151
1 145
1 191
1 456
1 293
1 178
1 97
1 337
1 285
1 364
1 483
1 150
1 62
1 336
1 361
1 294
1 147
1 338
1 314
1 84
1 261
1 315
1 313
1 46
1 372
1 388
1 271
1 373
1 474
1 490
1 94
1 475
1 286
1 279
1 201
1 240
1 470
1 135
1 409
1 38
1 103
1 360
1 270
1 274
1 79
1 129
1 390
1 35
1 258
1 480
1 446
1 212
1 144
1 463
1 63
1 175
1 70
1 14
1 77
2 48 328
1 223
1 157
1 167
1 362
1 419
1 307
1 250
1 207
1 208
1 90
1 239
1 22
1 202
1 215
1 477
1 86
1 231
1 256
1 440
1 301
1 426
1 65
1 481
1 1
1 420
1 292
1 473
1 401
1 394
1 386
1 329
1 91
1 369
1 34
1 455
1 31
1 243
1 133
1 246
1 451
1 296
1 177
1 134
1 349
1 160
1 375
1 158
1 64
1 24
1 74
1 308
1 405
1 423
1 299
1 260
1 242
2 180 279
1 444
1 73
1 149
1 130
1 488
1 377
1 42
1 122
1 153
1 10
1 265
1 396
1 30
1 367
1 253
1 188
1 381
1 359
1 93
1 5
1 203
0 
1 469
1 137
1 450
1 15
1 176
1 340
1 330
1 194
1 9
1 205
1 379
1 352
1 0
1 468
1 295
1 113
1 495
1 174
1 478
1 60
1 498
1 111
1 392
1 132
1 211
1 88
1 27
1 439
1 464
1 404
1 126
1 219
1 276
1 233
1 3
1 305
1 200
1 318
1 162
1 428
1 406
1 234
1 41
1 206
1 486
2 242 418
1 354
1 325
1 471
1 161
1 407
1 298
1 248
1 333
1 382
1 415
1 53
1 141
1 262
1 384
1 142
